Acq. time (s)=	40
Accumulations=	2
Range=	Off
Autofocus=	Off
AutoExposure=	Off
Spike filter=	Multiple accum.
Delay time (s)=	0
Binning=	1
Readout mode=	Signal
DeNoise=	Standard
ICS correction=	On
Dark correction=	Off
Inst. Process=	On
Instrument=	LabRAM S3000
Detector=	Synapse
Objective=	x100
Grating=	1800
ND Filter=	0.01%
Laser (nm)=	632.81 
Spectro (cm-¹)=	520.984
Slit=	100.021
Hole=	1000.03
Microscope=	Principal
StageXY=	Märzhauser
StageZ=	Märzhauser
X (µm)=	7334.3
Y (µm)=	22077.1
Z (µm)=	-63.1
Project=	
Sample=	
Site=	
Title=	SOP_200nm_SPIS_filter0.1
Remark=	
Date=	17.06.2019 11:52
Operator=	
Acquired=	17.06.2019 11:52:04
Base:Sub=	17.06.2019 11:52:45
358.033	-0.0835885
358.357	-0.060707
358.684	-0.0330824
359.008	-0.0100015
359.333	0.0141489
359.659	0.0305459
359.983	0.0215482
360.309	0.0161812
360.634	0.0118636
360.959	0.00968747
361.285	0.00687134
361.609	0.00636446
361.934	0.00512734
362.26	0.00567497
362.584	0.00520983
362.908	0.00616559
363.233	0.00633498
363.559	0.00888718
363.883	0.0120506
364.208	0.0152404
364.533	0.0187878
364.858	0.0208806
365.182	0.0188604
365.507	0.0178165
365.832	0.0172929
366.157	0.0185742
366.481	0.0168225
366.805	0.0147853
367.13	0.0128945
367.455	0.0125576
367.78	0.0165975
368.104	0.0223223
368.428	0.0284792
368.752	0.0337581
369.078	0.0292298
369.402	0.0190363
369.726	0.0150624
370.051	0.0109944
370.375	-0.00359954
370.7	-0.0191758
371.024	-0.0335341
371.348	-0.0418184
371.673	-0.0461486
371.997	-0.0514599
372.321	-0.0371437
372.645	-0.0221812
372.969	-0.00143936
373.294	-0.00238599
373.618	-0.00722777
373.942	-0.0114286
374.266	-0.0146856
374.59	-0.017591
374.914	-0.0215614
375.238	-0.0226043
375.562	-0.0198297
375.886	-0.0152224
376.21	-0.00681191
376.534	0.0013986
376.858	0.00931251
377.182	0.0180714
377.505	0.026561
377.829	0.0360439
378.153	0.0454879
378.477	0.0547694
378.801	0.066553
379.124	0.0706577
379.448	0.074551
379.772	0.0769701
380.096	0.0741756
380.419	0.0636826
380.743	0.039277
381.067	0.022971
381.391	0.00347296
381.714	-0.0130695
382.038	-0.0254382
382.362	-0.0326325
382.685	-0.0305166
383.009	-0.0258659
383.332	-0.0152999
383.656	0.00360588
383.98	0.033381
384.302	0.0686573
384.625	0.0725772
384.949	0.0714066
385.272	0.0697609
385.596	0.0677648
385.919	0.0660793
386.243	0.0628613
386.566	0.0456534
386.888	0.0405419
387.212	0.0461424
387.535	0.0564841
387.859	0.0559066
388.182	0.0552659
388.504	0.0553777
388.827	0.0561472
389.151	0.0579117
389.474	0.0600938
389.797	0.0686136
390.119	0.0737973
390.443	0.0782316
390.766	0.0839768
391.089	0.0894568
391.412	0.0958228
391.734	0.101908
392.057	0.108815
392.381	0.107932
392.704	0.0866666
393.026	0.0691667
393.349	0.0575629
393.672	0.0501223
393.994	0.0479835
394.317	0.0529871
394.64	0.0627
394.963	0.0785549
395.285	0.0970533
395.608	0.117937
395.931	0.139672
396.253	0.161532
396.576	0.184116
396.899	0.199352
397.22	0.214217
397.543	0.22599
397.865	0.234866
398.188	0.240887
398.511	0.231492
398.832	0.222039
399.155	0.212006
399.478	0.201725
399.8	0.192558
400.122	0.189918
400.444	0.189372
400.767	0.18785
401.088	0.188556
401.411	0.191369
401.734	0.196083
402.055	0.202425
402.378	0.209586
402.699	0.216982
403.022	0.224705
403.344	0.232899
403.666	0.24174
403.988	0.250549
404.31	0.259165
404.632	0.262146
404.954	0.255023
405.276	0.246829
405.598	0.239856
405.919	0.239628
406.242	0.285587
406.563	0.30394
406.886	0.318544
407.207	0.334859
407.53	0.355684
407.851	0.365836
408.173	0.376077
408.494	0.385664
408.815	0.39508
409.138	0.403505
409.459	0.41202
409.782	0.408079
410.103	0.399012
410.424	0.391104
410.746	0.391659
411.067	0.392682
411.39	0.392798
411.71	0.394407
412.031	0.400354
412.354	0.410628
412.675	0.42547
412.996	0.435511
413.318	0.439148
413.639	0.461405
413.96	0.494495
414.282	0.531837
414.603	0.575522
414.924	0.622698
415.246	0.658821
415.567	0.680892
415.888	0.71653
416.208	0.755276
416.531	0.789842
416.851	0.823331
417.172	0.85495
417.494	0.88536
417.815	0.915814
418.136	0.944811
418.456	0.973678
418.779	0.99702
419.099	1.02773
419.42	1.06603
419.741	1.11375
420.061	1.17006
420.383	1.23362
420.704	1.30392
421.024	1.38001
421.345	1.46532
421.665	1.52737
421.986	1.57962
422.308	1.63235
422.629	1.6754
422.949	1.72541
423.27	1.78056
423.59	1.84074
423.91	1.90515
424.232	1.97445
424.553	2.04767
424.873	2.12751
425.194	2.21263
425.514	2.26299
425.834	2.28832
426.155	2.32896
426.475	2.36778
426.795	2.40096
427.116	2.43301
427.436	2.46214
427.756	2.48928
428.078	2.51089
428.398	2.51156
428.719	2.48649
429.039	2.4606
429.359	2.43644
429.679	2.41148
430	2.38326
430.32	2.35179
430.64	2.31637
430.96	2.28177
431.28	2.24477
431.6	2.18501
431.921	2.08736
432.241	2.02947
432.561	1.9803
432.881	1.93726
433.201	1.90461
433.52	1.83804
433.84	1.76317
434.16	1.69071
434.48	1.62088
434.8	1.55935
435.12	1.51039
435.44	1.48646
435.76	1.44891
436.08	1.40017
436.4	1.34507
436.719	1.28727
437.038	1.22698
437.358	1.16706
437.678	1.10796
437.998	1.04941
438.317	0.99238
438.637	0.929164
438.957	0.881641
439.276	0.8451
439.595	0.83475
439.915	0.80052
440.235	0.771249
440.555	0.74919
440.873	0.716149
441.193	0.682283
441.512	0.657069
441.832	0.635656
442.152	0.618352
442.47	0.603198
442.79	0.591231
443.109	0.582023
443.429	0.574532
443.747	0.567267
444.067	0.56095
444.387	0.552556
444.706	0.541391
445.024	0.533132
445.344	0.52644
445.663	0.521781
445.982	0.51746
446.301	0.51431
446.621	0.513873
446.939	0.516392
447.258	0.522804
447.578	0.537456
447.896	0.529575
448.215	0.523177
448.534	0.519816
448.852	0.519206
449.172	0.523323
449.491	0.53659
449.809	0.538397
450.129	0.53418
450.448	0.527422
450.766	0.516851
451.085	0.500648
451.403	0.480814
451.722	0.459571
452.042	0.439228
452.36	0.42385
452.679	0.413286
452.997	0.404738
453.316	0.398088
453.634	0.392489
453.953	0.386761
454.271	0.381097
454.59	0.374488
454.908	0.368187
455.227	0.360715
455.544	0.335496
455.863	0.315939
456.181	0.291015
456.5	0.266653
456.818	0.243682
457.137	0.220625
457.455	0.198914
457.774	0.178399
458.091	0.158987
458.41	0.141672
458.728	0.125554
459.047	0.110778
459.364	0.0991603
459.683	0.0895353
460.001	0.085413
460.318	0.0810957
460.637	0.0853077
460.955	0.0951069
461.274	0.104086
461.591	0.112537
461.909	0.122411
462.228	0.129208
462.545	0.134458
462.862	0.133571
463.181	0.127483
463.499	0.115238
463.817	0.0881521
464.135	0.0608172
464.452	0.0339508
464.771	0.00874163
465.088	-0.0126091
465.405	-0.0314079
465.723	-0.0451263
466.041	-0.0498543
466.359	-0.0449129
466.676	-0.034458
466.995	-0.0224282
467.312	-0.00375499
467.629	0.00276586
467.946	-0.00111733
468.265	-0.00462923
468.582	-0.00587606
468.899	-0.00471614
469.216	-0.00367915
469.535	-0.000913011
469.852	0.00185504
470.169	0.00663049
470.486	0.0127986
470.805	0.0234038
471.122	0.030516
471.439	0.0205442
471.756	0.012607
472.073	0.0152976
472.391	0.0205289
472.708	0.0269716
473.025	0.0325087
473.342	0.0314942
473.659	0.0269047
473.976	0.0193138
474.293	0.011853
474.611	0.0120946
474.928	0.0250543
475.245	0.0303187
475.562	0.0356059
475.879	0.0430869
476.196	0.0538351
476.513	0.0686607
476.83	0.0860642
477.146	0.105655
477.463	0.127165
477.781	0.152159
478.098	0.182217
478.415	0.223582
478.732	0.238377
479.048	0.242827
479.365	0.247391
479.682	0.250202
479.999	0.248885
480.315	0.248779
480.632	0.254982
480.949	0.25474
481.265	0.255231
481.582	0.250575
481.898	0.242781
482.215	0.24325
482.532	0.250955
482.848	0.255318
483.165	0.259693
483.481	0.268142
483.798	0.284812
484.114	0.322996
484.429	0.354245
484.746	0.379104
485.062	0.404166
485.379	0.432493
485.695	0.46548
486.012	0.498844
486.328	0.529322
486.645	0.541407
486.961	0.552295
487.277	0.561718
487.592	0.569249
487.909	0.575623
488.225	0.580038
488.542	0.583632
488.858	0.585395
489.174	0.586499
489.489	0.576432
489.805	0.559772
490.122	0.545089
490.438	0.531471
490.754	0.515054
491.07	0.500031
491.385	0.501452
491.701	0.50828
492.018	0.516741
492.334	0.532103
492.648	0.539831
492.965	0.529617
493.281	0.518791
493.597	0.507975
493.912	0.496381
494.228	0.484634
494.544	0.473281
494.86	0.462346
495.175	0.452928
495.491	0.451209
495.807	0.450889
496.121	0.446407
496.437	0.445383
496.753	0.443569
497.069	0.4419
497.384	0.440017
497.7	0.437541
498.016	0.435366
498.33	0.431989
498.646	0.427763
498.961	0.421472
499.277	0.401475
499.592	0.38484
499.907	0.363244
500.223	0.340166
500.539	0.316442
500.853	0.291542
501.169	0.269025
501.483	0.246666
501.799	0.2257
502.113	0.214636
502.429	0.203039
502.745	0.192423
503.059	0.181239
503.375	0.172497
503.689	0.168937
504.005	0.164565
504.319	0.159853
504.635	0.156347
504.949	0.152065
505.265	0.149383
505.579	0.138699
505.895	0.129044
506.209	0.111747
506.524	0.0975904
506.838	0.0856385
507.154	0.0755612
507.468	0.0690115
507.784	0.0656689
508.098	0.0716694
508.413	0.0799897
508.727	0.0909158
509.042	0.105279
509.357	0.121475
509.671	0.140342
509.987	0.161016
510.301	0.182715
510.616	0.162348
510.93	0.139327
511.244	0.116809
511.559	0.0938446
511.873	0.0729761
512.187	0.0499608
512.503	0.0319928
512.816	0.0306625
513.132	0.0253992
513.446	0.0220981
513.76	0.0228037
514.075	0.0256439
514.389	0.0297794
514.703	0.0350944
515.016	0.041909
515.332	0.0499113
515.645	0.0585874
515.959	0.0682053
516.274	0.0775379
516.588	0.0852556
516.902	0.0903708
517.216	0.0981578
517.531	0.104196
517.844	0.1103
518.158	0.113411
518.472	0.10787
518.787	0.103509
519.101	0.103117
519.414	0.0935508
519.728	0.0880674
520.043	0.0846851
520.357	0.070631
520.67	0.0598483
520.984	0.0556586
521.297	0.0542535
521.612	0.0554102
521.926	0.0581349
522.239	0.0528077
522.553	0.0471024
522.866	0.0421356
523.18	0.0383651
523.493	0.0360116
523.808	0.0339095
524.122	0.0334347
524.435	0.0356739
524.748	0.0385895
525.062	0.0432484
525.375	0.0507426
525.689	0.0574347
526.002	0.0738908
526.315	0.0794094
526.629	0.0747344
526.943	0.0712442
527.257	0.0661882
527.57	0.0544472
527.883	0.0428771
528.197	0.0349222
528.51	0.038257
528.823	0.0728025
529.136	0.0896775
529.45	0.100733
529.763	0.105597
530.076	0.108513
530.389	0.107633
530.703	0.103084
531.016	0.0971886
531.329	0.0905641
531.642	0.0831646
531.955	0.0695542
532.268	0.0543483
532.581	0.0400994
532.894	0.0255796
533.206	0.0126707
533.519	0.000690272
533.832	-0.00991955
534.145	-0.0161114
534.458	-0.0220448
534.771	-0.012655
535.084	0.000181324
535.397	0.0139942
535.71	0.0285843
536.023	0.0424917
536.335	0.0545567
536.648	0.0457062
536.961	0.0417365
537.273	0.0652274
537.586	0.0837073
537.899	0.0940416
538.212	0.0889999
538.524	0.0814985
538.836	0.073935
539.149	0.0637101
539.462	0.0546446
539.775	0.04367
540.086	0.0332716
540.399	0.0222831
540.712	0.0163647
541.025	0.0216378
541.336	0.0237909
541.649	0.0256898
541.961	0.0288702
542.274	0.0326943
542.585	0.0360045
542.898	0.0389491
543.211	0.0407508
543.523	0.0422515
543.835	0.0392013
544.147	0.0309881
544.46	0.0215946
544.771	0.0133279
545.084	0.00575517
545.396	-0.000634247
545.709	-0.00440409
546.02	-0.0147584
546.332	-0.0103333
546.645	-0.00277072
546.956	0.00796059
547.268	0.0191818
547.58	0.0309376
547.892	0.0435043
548.204	0.0550048
548.516	0.0669299
548.828	0.0766138
549.14	0.0867027
549.451	0.0930282
549.764	0.0996205
550.075	0.105449
550.387	0.111365
550.698	0.117215
551.01	0.12223
551.323	0.126488
551.634	0.128057
551.946	0.129827
552.257	0.132147
552.569	0.131398
552.88	0.129933
553.192	0.127372
553.503	0.124986
553.815	0.121693
554.126	0.11843
554.438	0.114071
554.749	0.110656
555.061	0.103763
555.372	0.098338
555.684	0.0985311
555.995	0.0982838
556.307	0.0991369
556.618	0.102699
556.928	0.0912175
557.24	0.0782335
557.551	0.0656753
557.863	0.0529066
558.174	0.0404913
558.486	0.0284811
558.797	0.0176523
559.107	0.00846781
559.419	0.0107826
559.73	0.0127708
560.042	0.0251917
560.352	0.038477
560.663	0.0543905
560.975	0.0620004
561.285	0.0449224
561.596	0.0259307
561.908	0.0063663
562.218	-0.0140434
562.529	-0.0341535
562.84	-0.0529064
563.151	-0.0695868
563.461	-0.0754523
563.773	-0.0753825
564.083	-0.0695014
564.394	-0.0547175
564.704	0.00624432
565.016	0.0261564
565.326	0.0415015
565.637	0.0391911
565.947	0.0371355
566.259	0.0417987
566.569	0.049858
566.879	0.0559002
567.19	0.0640525
567.501	0.0719219
567.811	0.0789427
568.122	0.084162
568.432	0.0871177
568.742	0.0914641
569.054	0.0833702
569.364	0.0750231
569.674	0.0654153
569.984	0.0561969
570.294	0.04697
570.604	0.0393015
570.915	0.032772
571.226	0.0305307
571.536	0.0266183
571.846	0.0316528
572.156	0.0424096
572.466	0.0548941
572.776	0.0700481
573.086	0.0838575
573.396	0.0973972
573.708	0.111277
574.018	0.124049
574.328	0.135927
574.638	0.143735
574.948	0.146177
575.258	0.144154
575.568	0.137702
575.878	0.132766
576.187	0.125229
576.497	0.119148
576.807	0.112502
577.117	0.107482
577.427	0.104501
577.737	0.111137
578.047	0.11791
578.356	0.125802
578.666	0.135972
578.976	0.145728
579.286	0.157587
579.596	0.168953
579.905	0.162543
580.215	0.155604
580.525	0.151723
580.834	0.143909
581.144	0.144789
581.452	0.114581
581.762	0.0801616
582.072	0.0440122
582.381	0.0104292
582.691	-0.0925801
583.001	-0.0331102
583.31	0.0207915
583.62	0.0917962
583.93	0.109244
584.238	0.127636
584.547	0.142312
584.857	0.154741
585.166	0.163609
585.476	0.171572
585.785	0.175338
586.095	0.177346
586.403	0.179438
586.712	0.188046
587.022	0.192403
587.331	0.191862
587.641	0.187721
587.949	0.185897
588.258	0.186915
588.568	0.191181
588.877	0.198961
589.185	0.211942
589.494	0.22789
589.804	0.244814
590.113	0.262381
590.421	0.277361
590.73	0.288091
591.039	0.290779
591.347	0.28784
591.657	0.281388
591.966	0.274758
592.275	0.264819
592.583	0.258008
592.892	0.25486
593.201	0.251221
593.509	0.259224
593.818	0.268196
594.128	0.277554
594.435	0.287428
594.744	0.297544
595.052	0.30669
595.361	0.315861
595.67	0.324626
595.978	0.332239
596.287	0.340254
596.596	0.3478
596.904	0.353883
597.213	0.35997
597.521	0.365805
597.83	0.369584
598.137	0.371848
598.446	0.37638
598.755	0.381899
599.063	0.383624
599.372	0.385685
599.679	0.386766
599.988	0.38801
600.296	0.388744
600.605	0.390564
600.912	0.391805
601.221	0.394044
601.528	0.396372
601.837	0.398686
602.145	0.401987
602.453	0.405349
602.761	0.408989
603.07	0.415836
603.377	0.425447
603.684	0.43504
603.993	0.445345
604.301	0.454033
604.609	0.450769
604.917	0.439216
605.225	0.431237
605.533	0.433125
605.84	0.4418
606.149	0.45108
606.456	0.437889
606.763	0.421651
607.072	0.404657
607.379	0.387477
607.688	0.369356
607.995	0.351627
608.302	0.326875
608.611	0.313798
608.918	0.300824
609.225	0.294672
609.533	0.286692
609.841	0.280223
610.148	0.275793
610.455	0.268811
610.763	0.254587
611.07	0.225839
611.377	0.202589
611.686	0.181264
611.993	0.172492
612.3	0.164498
612.607	0.163894
612.915	0.165051
613.222	0.167764
613.529	0.170355
613.836	0.173196
614.145	0.175782
614.452	0.176279
614.759	0.170742
615.065	0.165431
615.372	0.160335
615.681	0.15533
615.988	0.15105
616.294	0.146518
616.601	0.143681
616.908	0.140368
617.215	0.139325
617.522	0.130348
617.83	0.11958
618.137	0.109131
618.443	0.0987862
618.75	0.0888408
619.057	0.0789257
619.364	0.069797
619.67	0.0611235
619.977	0.0524738
620.284	0.0494433
620.592	0.0430273
620.899	0.0189197
621.205	-0.0128069
621.512	-0.0541956
621.819	-0.0938993
622.125	-0.0724878
622.432	0.0612036
622.738	0.0462431
623.045	0.0434567
623.352	0.0522485
623.658	0.0570788
623.965	0.0659351
624.271	0.0650267
624.578	0.0643523
624.884	0.0603825
625.191	0.0535489
625.497	0.045879
625.804	0.0388176
626.11	0.0328861
626.417	0.0264569
626.723	0.0202901
627.03	0.0159625
627.336	0.0099539
627.641	0.00496347
627.947	0.00282654
628.254	0.0064554
628.56	0.00811461
628.867	0.0110339
629.173	0.0141812
629.479	0.0172201
629.786	0.0213783
630.092	0.0253384
630.398	0.0293734
630.703	0.0328304
631.009	0.0363212
631.316	0.0310148
631.622	0.0265891
631.928	0.0206886
632.234	0.0206993
632.539	0.0197707
632.845	0.0213396
633.151	0.0220085
633.458	0.0250784
633.764	0.0284901
634.068	0.024755
634.375	0.0197815
634.681	0.0141148
634.987	0.0111493
635.292	0.00778762
635.598	0.00518651
635.904	0.00415497
636.21	0.00641182
636.514	-0.000483741
636.82	-0.00497521
637.126	0.00527187
637.432	0.0149427
637.737	0.0285227
638.043	0.0377607
638.349	0.0473477
638.654	0.0563413
638.96	0.0663713
639.265	0.0758288
639.57	0.0858233
639.876	0.0954345
640.182	0.0916635
640.486	0.0673521
640.792	0.0459684
641.097	0.0225218
641.402	-0.00159732
641.708	-0.0263222
642.013	-0.0520278
642.319	-0.0798071
642.624	-0.0772332
642.929	-0.0703138
643.234	-0.05932
643.539	-0.00521546
643.845	0.0175801
644.149	0.0374169
644.455	0.0373725
644.759	0.0211188
645.065	0.00597375
645.37	-0.00950868
645.675	-0.0160022
645.98	-0.0315696
646.285	-0.0211394
646.59	-0.0196832
646.894	-0.00939291
647.2	0.00334258
647.504	0.0171879
647.81	0.0308119
648.114	0.0458367
648.42	0.0590632
648.724	0.0459351
649.028	0.0269305
649.333	-4.26574e-005
649.638	-0.00954862
649.943	-0.0175197
650.247	-0.0256355
650.553	-0.0311418
650.857	-0.0315903
651.161	-0.0285147
651.466	-0.0194689
651.77	0.0151109
652.076	0.0225909
652.38	0.0126965
652.684	0.00531195
652.989	0.00483488
653.293	0.00873337
653.597	0.017945
653.902	0.0254678
654.206	0.0250725
654.51	0.0234741
654.815	0.0226353
655.119	0.0222093
655.423	0.0218363
655.729	0.0247472
656.032	0.0297101
656.336	0.0379293
656.641	0.0491432
656.945	0.0860647
657.249	0.0908449
657.553	0.0832146
657.858	0.0365083
658.162	-0.0131871
658.466	-0.0542523
658.769	-0.0701674
659.074	-0.0529825
659.378	-0.0434471
659.682	-0.0444263
659.986	-0.0400182
660.289	-0.0340156
660.594	-0.0244807
660.898	-0.0118516
661.202	0.000358539
661.505	0.00368138
661.809	0.00730477
662.114	0.01032
662.418	0.0145735
662.721	0.0182873
663.025	0.0210456
663.328	0.0247415
663.632	0.0271654
663.935	0.0334646
664.239	0.0340033
664.544	0.0349463
664.847	0.030877
665.151	0.0300864
665.454	0.0278215
665.758	0.022725
666.061	0.0143842
666.365	0.00765755
666.668	0.00409062
666.972	0.00258272
667.275	0.0053536
667.578	0.00925013
667.882	0.00799373
668.185	0.00660951
668.489	0.00602819
668.792	0.005282
669.095	0.00524755
669.398	0.00517213
669.702	0.00767589
670.005	0.00969476
670.308	0.0106481
670.612	0.0139738
670.915	0.0188371
671.218	0.0231521
671.521	0.0280912
671.825	0.0341435
672.128	0.0409625
672.431	0.0479542
672.734	0.0562083
673.037	0.0639586
673.341	0.0729379
673.644	0.0811686
673.947	0.0897848
674.249	0.0981964
674.552	0.100679
674.855	0.0964152
675.158	0.0921795
675.461	0.08921
675.764	0.0847349
676.067	0.0820649
676.369	0.0779698
676.672	0.0746725
676.975	0.0702934
677.278	0.0644432
677.581	0.057186
677.884	0.047634
678.185	0.0359449
678.488	0.00749084
678.791	-0.0265239
679.094	-0.099793
