Acq. time (s)=	4
Accumulations=	3
Range=	Off
Autofocus=	Off
SWIFT=	Off
AutoExposure=	Off
Spike filter=	Multiple accum.
Delay time (s)=	0
Binning=	1
Readout mode=	Signal
DeNoise=	Standard
ICS correction=	On
Dark correction=	Off
Inst. Process=	On
Instrument=	LabRAM S3000
Detector=	Synapse
Objective=	x100
Grating=	1800
ND Filter=	25%
Laser (nm)=	632.81 
Spectro (cm-¹)=	520.984
Slit=	100.021
Hole=	1000.03
Microscope=	Principal
StageXY=	Märzhauser
StageZ=	Märzhauser
X (µm)=	-20
Y (µm)=	-20
Z (µm)=	-2946.7
Project=	
Sample=	
Site=	
Title=	SOP_200nm_SPIS_p0.4_map
Remark=	
Date=	17.06.2019 14:56
Operator=	
Acquired=	17.06.2019 14:56:05
Base:Sub=	17.06.2019 14:57:54
		358.033	358.357	358.684	359.008	359.333	359.659	359.983	360.309	360.634	360.959	361.285	361.609	361.934	362.26	362.584	362.908	363.233	363.559	363.883	364.208	364.533	364.858	365.182	365.507	365.832	366.157	366.481	366.805	367.13	367.455	367.78	368.104	368.428	368.752	369.078	369.402	369.726	370.051	370.375	370.7	371.024	371.348	371.673	371.997	372.321	372.645	372.969	373.294	373.618	373.942	374.266	374.59	374.914	375.238	375.562	375.886	376.21	376.534	376.858	377.182	377.505	377.829	378.153	378.477	378.801	379.124	379.448	379.772	380.096	380.419	380.743	381.067	381.391	381.714	382.038	382.362	382.685	383.009	383.332	383.656	383.98	384.302	384.625	384.949	385.272	385.596	385.919	386.243	386.566	386.888	387.212	387.535	387.859	388.182	388.504	388.827	389.151	389.474	389.797	390.119	390.443	390.766	391.089	391.412	391.734	392.057	392.381	392.704	393.026	393.349	393.672	393.994	394.317	394.64	394.963	395.285	395.608	395.931	396.253	396.576	396.899	397.22	397.543	397.865	398.188	398.511	398.832	399.155	399.478	399.8	400.122	400.444	400.767	401.088	401.411	401.734	402.055	402.378	402.699	403.022	403.344	403.666	403.988	404.31	404.632	404.954	405.276	405.598	405.919	406.242	406.563	406.886	407.207	407.53	407.851	408.173	408.494	408.815	409.138	409.459	409.782	410.103	410.424	410.746	411.067	411.39	411.71	412.031	412.354	412.675	412.996	413.318	413.639	413.96	414.282	414.603	414.924	415.246	415.567	415.888	416.208	416.531	416.851	417.172	417.494	417.815	418.136	418.456	418.779	419.099	419.42	419.741	420.061	420.383	420.704	421.024	421.345	421.665	421.986	422.308	422.629	422.949	423.27	423.59	423.91	424.232	424.553	424.873	425.194	425.514	425.834	426.155	426.475	426.795	427.116	427.436	427.756	428.078	428.398	428.719	429.039	429.359	429.679	430	430.32	430.64	430.96	431.28	431.6	431.921	432.241	432.561	432.881	433.201	433.52	433.84	434.16	434.48	434.8	435.12	435.44	435.76	436.08	436.4	436.719	437.038	437.358	437.678	437.998	438.317	438.637	438.957	439.276	439.595	439.915	440.235	440.555	440.873	441.193	441.512	441.832	442.152	442.47	442.79	443.109	443.429	443.747	444.067	444.387	444.706	445.024	445.344	445.663	445.982	446.301	446.621	446.939	447.258	447.578	447.896	448.215	448.534	448.852	449.172	449.491	449.809	450.129	450.448	450.766	451.085	451.403	451.722	452.042	452.36	452.679	452.997	453.316	453.634	453.953	454.271	454.59	454.908	455.227	455.544	455.863	456.181	456.5	456.818	457.137	457.455	457.774	458.091	458.41	458.728	459.047	459.364	459.683	460.001	460.318	460.637	460.955	461.274	461.591	461.909	462.228	462.545	462.862	463.181	463.499	463.817	464.135	464.452	464.771	465.088	465.405	465.723	466.041	466.359	466.676	466.995	467.312	467.629	467.946	468.265	468.582	468.899	469.216	469.535	469.852	470.169	470.486	470.805	471.122	471.439	471.756	472.073	472.391	472.708	473.025	473.342	473.659	473.976	474.293	474.611	474.928	475.245	475.562	475.879	476.196	476.513	476.83	477.146	477.463	477.781	478.098	478.415	478.732	479.048	479.365	479.682	479.999	480.315	480.632	480.949	481.265	481.582	481.898	482.215	482.532	482.848	483.165	483.481	483.798	484.114	484.429	484.746	485.062	485.379	485.695	486.012	486.328	486.645	486.961	487.277	487.592	487.909	488.225	488.542	488.858	489.174	489.489	489.805	490.122	490.438	490.754	491.07	491.385	491.701	492.018	492.334	492.648	492.965	493.281	493.597	493.912	494.228	494.544	494.86	495.175	495.491	495.807	496.121	496.437	496.753	497.069	497.384	497.7	498.016	498.33	498.646	498.961	499.277	499.592	499.907	500.223	500.539	500.853	501.169	501.483	501.799	502.113	502.429	502.745	503.059	503.375	503.689	504.005	504.319	504.635	504.949	505.265	505.579	505.895	506.209	506.524	506.838	507.154	507.468	507.784	508.098	508.413	508.727	509.042	509.357	509.671	509.987	510.301	510.616	510.93	511.244	511.559	511.873	512.187	512.503	512.816	513.132	513.446	513.76	514.075	514.389	514.703	515.016	515.332	515.645	515.959	516.274	516.588	516.902	517.216	517.531	517.844	518.158	518.472	518.787	519.101	519.414	519.728	520.043	520.357	520.67	520.984	521.297	521.612	521.926	522.239	522.553	522.866	523.18	523.493	523.808	524.122	524.435	524.748	525.062	525.375	525.689	526.002	526.315	526.629	526.943	527.257	527.57	527.883	528.197	528.51	528.823	529.136	529.45	529.763	530.076	530.389	530.703	531.016	531.329	531.642	531.955	532.268	532.581	532.894	533.206	533.519	533.832	534.145	534.458	534.771	535.084	535.397	535.71	536.023	536.335	536.648	536.961	537.273	537.586	537.899	538.212	538.524	538.836	539.149	539.462	539.775	540.086	540.399	540.712	541.025	541.336	541.649	541.961	542.274	542.585	542.898	543.211	543.523	543.835	544.147	544.46	544.771	545.084	545.396	545.709	546.02	546.332	546.645	546.956	547.268	547.58	547.892	548.204	548.516	548.828	549.14	549.451	549.764	550.075	550.387	550.698	551.01	551.323	551.634	551.946	552.257	552.569	552.88	553.192	553.503	553.815	554.126	554.438	554.749	555.061	555.372	555.684	555.995	556.307	556.618	556.928	557.24	557.551	557.863	558.174	558.486	558.797	559.107	559.419	559.73	560.042	560.352	560.663	560.975	561.285	561.596	561.908	562.218	562.529	562.84	563.151	563.461	563.773	564.083	564.394	564.704	565.016	565.326	565.637	565.947	566.259	566.569	566.879	567.19	567.501	567.811	568.122	568.432	568.742	569.054	569.364	569.674	569.984	570.294	570.604	570.915	571.226	571.536	571.846	572.156	572.466	572.776	573.086	573.396	573.708	574.018	574.328	574.638	574.948	575.258	575.568	575.878	576.187	576.497	576.807	577.117	577.427	577.737	578.047	578.356	578.666	578.976	579.286	579.596	579.905	580.215	580.525	580.834	581.144	581.452	581.762	582.072	582.381	582.691	583.001	583.31	583.62	583.93	584.238	584.547	584.857	585.166	585.476	585.785	586.095	586.403	586.712	587.022	587.331	587.641	587.949	588.258	588.568	588.877	589.185	589.494	589.804	590.113	590.421	590.73	591.039	591.347	591.657	591.966	592.275	592.583	592.892	593.201	593.509	593.818	594.128	594.435	594.744	595.052	595.361	595.67	595.978	596.287	596.596	596.904	597.213	597.521	597.83	598.137	598.446	598.755	599.063	599.372	599.679	599.988	600.296	600.605	600.912	601.221	601.528	601.837	602.145	602.453	602.761	603.07	603.377	603.684	603.993	604.301	604.609	604.917	605.225	605.533	605.84	606.149	606.456	606.763	607.072	607.379	607.688	607.995	608.302	608.611	608.918	609.225	609.533	609.841	610.148	610.455	610.763	611.07	611.377	611.686	611.993	612.3	612.607	612.915	613.222	613.529	613.836	614.145	614.452	614.759	615.065	615.372	615.681	615.988	616.294	616.601	616.908	617.215	617.522	617.83	618.137	618.443	618.75	619.057	619.364	619.67	619.977	620.284	620.592	620.899	621.205	621.512	621.819	622.125	622.432	622.738	623.045	623.352	623.658	623.965	624.271	624.578	624.884	625.191	625.497	625.804	626.11	626.417	626.723	627.03	627.336	627.641	627.947	628.254	628.56	628.867	629.173	629.479	629.786	630.092	630.398	630.703	631.009	631.316	631.622	631.928	632.234	632.539	632.845	633.151	633.458	633.764	634.068	634.375	634.681	634.987	635.292	635.598	635.904	636.21	636.514	636.82	637.126	637.432	637.737	638.043	638.349	638.654	638.96	639.265	639.57	639.876	640.182	640.486	640.792	641.097	641.402	641.708	642.013	642.319	642.624	642.929	643.234	643.539	643.845	644.149	644.455	644.759	645.065	645.37	645.675	645.98	646.285	646.59	646.894	647.2	647.504	647.81	648.114	648.42	648.724	649.028	649.333	649.638	649.943	650.247	650.553	650.857	651.161	651.466	651.77	652.076	652.38	652.684	652.989	653.293	653.597	653.902	654.206	654.51	654.815	655.119	655.423	655.729	656.032	656.336	656.641	656.945	657.249	657.553	657.858	658.162	658.466	658.769	659.074	659.378	659.682	659.986	660.289	660.594	660.898	661.202	661.505	661.809	662.114	662.418	662.721	663.025	663.328	663.632	663.935	664.239	664.544	664.847	665.151	665.454	665.758	666.061	666.365	666.668	666.972	667.275	667.578	667.882	668.185	668.489	668.792	669.095	669.398	669.702	670.005	670.308	670.612	670.915	671.218	671.521	671.825	672.128	672.431	672.734	673.037	673.341	673.644	673.947	674.249	674.552	674.855	675.158	675.461	675.764	676.067	676.369	676.672	676.975	677.278	677.581	677.884	678.185	678.488	678.791	679.094
-20	-20	50.3493	48.073	45.9671	44.1494	42.7661	41.2734	39.7718	38.3583	36.9502	35.3668	33.5563	32.202	31.0629	29.9552	28.9482	28.0037	27.1838	26.3401	25.4231	24.6349	23.7646	22.8722	21.9352	21.0532	20.1049	19.0639	18.1166	17.1027	16.0915	15.0179	14.0151	13.1381	12.2484	11.3485	10.5131	9.90017	9.1941	8.62076	8.08673	7.59424	7.24177	6.99772	6.71652	6.35703	5.90414	5.39061	4.92235	4.37646	3.95831	3.4543	3.04774	2.66073	2.29313	2.02851	1.82191	1.65861	1.48397	1.44035	1.39665	1.25526	1.11695	0.977351	0.770082	0.488219	0.19137	-0.212846	-0.515007	-0.721959	-0.797541	-0.93122	-0.837652	-0.814757	-0.83393	-0.810015	-0.804412	-0.74089	-0.601636	-0.47585	-0.373844	-0.160862	0.0707036	0.255364	0.234674	0.206057	0.147769	0.162414	0.296862	0.576124	0.819245	1.06052	1.27267	1.49534	1.62579	1.54098	1.58403	1.65515	1.81581	1.9428	2.13466	2.22366	2.37109	2.45143	2.47841	2.52932	2.61687	2.76885	2.83757	2.89982	2.86043	2.84843	2.81796	2.86164	2.90655	3.00279	3.13196	3.31064	3.50962	3.73306	3.87142	3.95253	4.18696	4.40286	4.6185	4.81344	5.1223	5.4504	5.72443	5.94695	6.10669	6.1446	6.06159	5.95235	5.79875	5.72965	5.67223	5.66763	5.67645	5.68995	5.68801	5.82081	6.1702	6.42644	6.63335	6.91295	7.23477	7.48997	7.74424	7.80836	8.11536	8.40528	8.71104	9.06298	9.2803	9.52101	9.72515	9.91144	10.1041	10.2895	10.5257	10.7573	10.8731	11.0722	11.4022	11.8264	12.2835	12.7958	13.4615	13.9789	14.4203	14.8337	15.1785	15.7202	16.2475	17.0815	17.6956	18.0881	18.3148	18.6197	18.8506	19.1171	19.0806	18.9074	18.5994	18.2096	17.4935	17.0476	16.8561	16.8609	16.832	16.8096	16.6855	16.6155	16.4346	16.2233	15.5734	15.2459	14.9028	14.6031	14.2332	13.768	13.4582	13.4317	13.4856	13.6552	13.8656	14.1751	14.6574	15.0584	15.4394	15.8434	16.0734	16.234	16.0607	15.6992	15.1977	14.4101	14.1739	14.0868	13.9386	14.3512	13.3298	11.8835	11.8929	11.8896	12.6842	12.8433	12.4594	12.2312	11.8919	11.3446	10.8214	10.2914	9.84825	9.48606	9.19461	8.97044	8.86721	8.86021	8.80637	8.91766	9.08663	9.3214	9.43544	9.57954	9.39164	8.98948	8.58509	8.19919	7.92921	7.4991	7.06317	6.63147	6.21207	5.8228	5.43958	5.09885	4.86786	4.79732	4.81115	4.79993	4.74428	4.68114	4.55269	4.4368	4.31714	4.18716	4.19501	4.27789	4.30762	4.38522	4.32517	4.13525	4.1575	4.16594	4.08195	3.96101	3.86655	3.7284	3.48127	3.18175	2.86896	2.64557	2.38224	2.18234	2.02766	1.93618	1.95393	1.93181	1.89177	1.9905	2.1018	2.20784	2.29825	2.39071	2.47188	2.37268	2.26326	2.1502	1.99563	1.676	1.27677	0.890202	0.558558	-0.0672262	-0.483065	-0.78665	-1.06474	-1.20929	-1.18139	-0.973336	-0.6851	-0.11336	0.199985	0.561554	0.68662	0.537933	0.376931	-0.14733	-0.315985	-0.460956	-0.574801	-0.767923	-1.04974	-0.993842	-0.819457	-0.700579	-0.383991	-0.119834	0.166667	0.524907	0.680701	0.7805	0.798356	0.799978	0.698843	0.542343	0.188406	0.153647	0.187454	0.3745	0.53419	0.84054	1.04273	1.28836	1.63832	1.89031	2.18114	2.33104	2.58972	3.03145	3.40468	3.78719	4.08653	4.53504	4.94851	5.47771	5.93488	6.52311	7.0768	7.36562	7.91804	8.66938	9.56164	10.3809	11.3867	12.3853	13.3794	14.4343	15.6052	16.8797	18.1351	19.3661	20.6293	21.8893	23.0416	24.1184	25.0426	26.3536	27.7436	29.2197	30.4779	31.7752	33.0941	34.5581	36.2651	37.5749	38.8815	40.2167	41.5943	42.869	44.1737	45.5289	46.9189	48.2808	49.5586	50.7685	51.8786	53.1174	54.4346	55.9588	57.0457	57.9407	58.6955	59.3438	59.8751	60.2747	60.6569	60.9552	61.0824	61.1156	61.0226	60.7463	60.2526	59.8147	59.2577	58.6004	57.9774	57.47	56.796	55.2611	54.355	53.5331	52.6791	52.2195	51.7144	51.0945	50.595	49.6536	48.5483	47.1114	45.0841	43.6154	42.2112	40.9696	39.7614	38.274	37.0671	36.4839	35.4391	34.4234	33.4487	32.4805	31.5344	30.7017	29.8687	29.0427	28.1782	27.2494	26.578	25.8882	25.1566	24.4384	23.768	22.9722	22.0839	21.1098	20.1072	19.1498	18.294	17.4745	16.7679	16.0111	15.3879	14.7419	14.1842	13.8139	13.7166	13.7087	13.8692	14.115	14.4896	14.9086	15.4233	15.9654	16.564	17.1801	17.7431	18.6795	19.3838	19.9021	20.1759	20.1188	20.1231	19.7631	19.7927	19.3899	19.5737	19.5292	20.0612	20.5235	21.5054	22.8915	24.7673	26.8657	30.3834	33.7874	38.5765	44.3828	51.6746	62.0574	74.3308	95.9958	119.972	152.873	178.627	194.689	191.728	179.553	156.144	128.974	101.852	78.477	61.8772	50.5294	41.7982	35.2373	30.8762	26.3099	22.5403	19.6147	16.2207	14.0307	12.5994	11.1399	9.82766	8.93322	8.10972	7.53641	6.957	7.0396	6.85163	6.79088	6.26515	5.66422	4.89173	3.84425	3.16144	2.19759	2.25594	3.12877	3.50089	3.71994	3.95971	4.09891	4.08924	3.98684	2.80404	2.29748	1.94883	1.8189	1.81193	1.61231	1.41282	1.20236	1.02447	0.793481	0.725349	0.655719	0.68129	0.596061	0.456032	0.2438	0.0236537	-0.204281	-0.225307	-0.204844	-0.153252	-0.0237773	0.199801	0.549514	0.79698	1.07412	1.34873	1.60659	1.7206	1.7817	1.79585	1.80947	1.70802	1.66292	1.54005	1.26714	0.960941	0.575403	0.266427	-0.0890556	-0.349089	-0.552898	-0.491339	-0.32963	-0.10276	0.149905	0.450654	0.680473	0.954828	1.13561	1.13497	1.22523	1.32961	1.26874	1.12742	0.794546	0.354676	-0.0299744	-0.286803	-0.556785	-0.778192	-0.942995	-0.964086	-1.08153	-1.06943	-1.03025	-1.08179	-1.05199	-0.890643	-0.727643	-0.633088	-0.630648	-0.759523	-0.841988	-0.859361	-0.833896	-0.70982	-0.497219	-0.325181	-0.182437	-0.0345288	0.0791874	0.146109	0.140192	0.21619	0.314668	0.36114	0.431101	0.441552	0.500282	0.582587	0.564092	0.566699	0.504544	0.448437	0.389048	0.336747	0.315407	0.385059	0.488342	0.639712	0.841061	1.00813	1.17709	1.55793	1.59675	1.61763	1.46467	1.28731	1.07987	0.940409	0.763794	0.637792	0.540892	0.486299	0.607824	0.784894	1.03126	1.189	1.6658	1.8594	2.04812	2.13954	2.15713	2.08353	1.86987	1.47533	1.02755	0.675454	0.38789	0.136193	-0.13751	-0.400105	-0.646514	-0.834176	-0.932445	-0.989395	-1.0226	-1.09678	-1.13036	-1.00499	-0.742572	-0.338147	0.0144349	0.268196	0.561572	0.844439	1.09664	1.33726	1.49716	1.5383	1.55635	1.45198	1.39106	1.34136	1.36348	1.31012	1.26748	1.20091	1.26015	1.31342	1.20808	1.06301	0.866628	0.777469	0.770877	0.688903	0.420855	0.182723	-0.059796	-0.274336	-0.421847	-0.619972	-0.771146	-0.967197	-1.03901	-1.07306	-1.05273	-1.02966	-0.769506	-0.718535	-0.769012	-0.803126	-0.867076	-0.909892	-0.84174	-0.782239	-0.786534	-0.794758	-0.782962	-0.803481	-0.849054	-0.760952	-0.527273	-0.263072	0.0657715	0.393629	0.785449	0.994457	1.17587	1.3689	1.61346	1.83434	2.07755	2.24624	2.31886	2.20647	2.07573	1.89036	1.6371	1.40399	1.24065	1.0546	0.882783	0.811813	0.761195	0.697872	0.707173	0.805244	0.536864	0.859489	1.30539	1.85682	2.3605	2.718	2.92076	3.06272	3.10999	3.12897	3.00426	2.25762	1.98669	1.83573	1.62953	1.47542	1.29655	1.22242	1.17618	1.18391	1.20206	1.30117	1.46886	1.66027	1.89507	2.09175	2.29031	2.42016	2.49857	2.73852	2.84885	2.97119	2.93872	2.91563	2.87129	2.78958	2.70789	2.66086	2.6734	2.83791	3.10714	3.41184	3.68215	3.99464	4.31899	4.65533	4.98238	5.23869	5.41722	5.56276	5.62608	5.65835	5.66154	5.74113	5.79778	5.87921	6.05514	6.17795	6.44794	6.69225	7.06847	7.49935	7.93623	8.51073	9.09021	9.58505	9.98042	10.2476	10.4877	10.6756	10.8449	11.1231	11.4863	11.8887	12.3823	13.0296	13.759	14.5308	15.3172	16.0013	16.8153	17.721	18.5115	19.2918	19.9866	20.6477	21.1746	21.5661	22.0892	22.6276	23.178	23.7424	24.2817	25.1046	25.6081	25.9167	25.9794	25.9114	25.6789	25.3481	25.1934	24.9059	24.7792	24.1385	24.2238	24.5445	25.0557	25.7196	26.5172	27.8439	29.1206	29.6134	29.9573	29.7798	29.3597	28.4747	26.7738	25.0643	23.2694	21.5095	19.8928	18.3772	17.0769	15.8183	14.7496	13.6793	13.335	13.0478	13.0884	13.1565	13.3647	13.6048	13.9084	14.2731	14.5856	14.846	14.9245	14.9171	14.7156	14.3911	13.8631	13.2046	12.3833	11.5444	10.6263	9.51428	8.411	7.21733	5.95872	4.84195	3.81445	2.86664	2.09843	1.42985	0.887878	0.547991	0.320526	0.279213	0.236085	0.120324	-0.026111	-0.101384	-0.182322	-0.254858	-0.349436	-0.494544	-0.588782	-0.687434	-0.788212	-0.799779	-0.902475	-0.953962	-0.98063	-0.880179	-0.764607	-0.612775	-0.45831	-0.254687	-0.172448	-0.123094	0.0157414	0.195544	0.274476	0.34732	0.388867	0.500336	0.611072	0.788815	1.04937	1.32642	1.51634	1.683	1.74528	1.72202	1.77057	1.72692	1.53665	1.36462	1.09194	0.854346	0.655001	0.501282	0.396467	0.352175	0.330994	0.301411	0.162417	0.0305638	-0.181644	-0.241308	-0.282614	-0.184312	0.00475971	0.291304	0.640093	1.03296	1.13223	1.19926	1.28128	1.23144	1.15613	1.00881	0.947675	0.774422	0.645861	0.575236	0.426339	0.275343	0.13587	0.0808993	-0.0440471	-0.0996464	-0.157392	-0.158653	-0.192428	-0.186375	-0.285706	-0.317624	-0.435624	-0.555549	-0.693171	-0.726061	-0.732203	-0.772977	-0.730653	-0.659716	-0.436114	-0.259312	-0.289336	-0.0111203	0.370485	0.758668	1.14667	1.58786	1.29716	1.35299	1.04797	0.77591	0.284854
-20	0	38.851	37.6204	36.5683	35.328	34.2139	33.0576	31.9534	30.8218	29.6442	28.5121	27.2016	25.9044	24.6034	23.3874	22.1827	21.1031	19.9836	18.8155	17.9349	17.0857	16.4076	15.7901	15.3626	15.1362	14.9106	14.5777	14.2115	13.6923	13.0183	12.3665	11.5339	10.728	9.93465	9.14701	8.30739	7.50269	6.73785	6.04327	5.3019	4.76902	4.42433	4.20986	4.03582	3.83821	3.56709	3.28463	3.04007	2.70577	2.28286	1.95896	1.58938	1.22699	0.875922	0.558933	0.282316	0.122984	0.110913	0.0649546	0.0963816	0.175712	0.342932	0.480123	0.697128	0.773872	0.769899	0.743884	0.70929	0.40875	0.12763	-0.0548386	-0.362033	-0.709298	-0.910187	-0.985568	-0.911417	-0.763993	-0.599238	-0.417361	-0.0948459	0.229984	0.474896	0.575487	0.730107	1.44	1.63204	1.74893	1.77814	1.80278	1.77108	1.67391	1.6145	1.52931	1.49198	1.46331	1.52773	1.71091	1.94653	2.25003	2.52762	2.75933	2.96997	3.20711	3.50188	3.77651	4.03448	4.30097	4.61551	4.75862	4.88998	4.99841	5.07968	5.17978	5.30756	5.42725	5.55975	5.56964	5.56859	5.48948	5.39711	5.28671	5.28046	5.31985	5.38231	5.32775	5.27839	5.10349	4.90448	4.91775	4.92291	4.92883	4.88444	4.86838	4.91953	4.95043	5.10973	5.26025	5.49628	5.75194	6.36788	6.82641	7.31228	7.7962	8.24662	8.50993	8.66805	8.75654	8.73269	8.71462	8.6692	8.64736	8.59809	8.6395	8.71609	8.78193	9.05105	9.15868	9.38577	9.61534	9.9188	10.3364	10.8939	11.4077	12.0004	12.6149	13.3448	14.0877	14.7651	15.3257	15.8185	16.311	16.6946	17.0852	17.346	17.3789	17.2823	17.1823	17.0459	16.7912	16.5487	16.3108	16.0623	15.8754	15.7702	15.7099	15.5323	15.3776	15.2552	15.0647	14.7992	14.7178	14.6731	14.7514	14.7704	14.8287	14.9369	15.0142	15.0259	14.9547	14.8416	14.8063	14.7656	14.6708	14.5268	14.4605	14.2891	14.1625	14.0061	13.8417	13.6261	13.4795	13.3849	13.3113	13.1938	13.1474	12.8408	12.5368	12.2294	12.1589	12.1036	11.7756	11.896	11.9854	12.1316	12.3789	12.4963	12.6195	12.3886	12.0223	11.6395	11.2447	10.8852	10.575	10.4035	10.131	9.79813	9.4275	9.03549	8.70916	8.46166	8.17724	8.05337	7.86991	7.71178	7.61821	7.42838	7.33809	7.16923	6.96406	6.81167	6.59276	6.4594	6.34875	6.23003	6.05638	5.90958	5.72252	5.44119	5.2286	5.08155	4.94289	4.92232	4.83061	4.82374	4.8235	4.74603	4.63517	4.54586	4.4132	4.35336	4.27064	4.10485	3.92537	3.68995	3.39986	3.10873	2.74887	2.40671	2.24506	2.28456	2.31619	2.49671	2.50084	2.4133	2.3953	2.37951	2.32417	2.34608	2.39948	2.38982	2.33352	2.21115	2.12967	1.99451	1.81246	1.65326	1.53421	1.36579	1.15671	0.865057	0.468845	0.165449	-0.0108989	-0.172386	-0.0431385	-0.0337471	0.00883525	-0.0350763	-0.100965	-0.203079	-0.33482	-0.396425	-0.377307	-0.394543	-0.356717	-0.287073	-0.243728	-0.307281	-0.325803	-0.221743	0.130151	0.179757	0.300509	0.435073	0.523136	0.497182	0.323356	0.121127	0.0267565	-0.0754502	-0.075224	-0.0617178	0.0861281	0.273902	0.458597	0.695157	0.852409	1.11803	1.37784	1.63945	2.0359	2.53198	3.02508	3.41101	3.595	3.82616	3.99783	4.29064	4.47071	4.60635	4.77677	4.88957	4.99966	5.23418	5.46912	5.76112	6.18059	6.65773	7.09132	7.46052	7.93728	8.43458	8.90664	9.49948	10.221	11.0394	11.9342	12.8984	13.9003	14.6779	15.7783	16.9619	18.3515	19.8119	21.3308	22.738	24.1201	25.3274	26.4601	27.5024	28.5696	29.7248	30.868	31.9589	32.9819	33.8845	35.3459	36.9048	38.6133	40.3282	42.0529	43.9645	46.0526	47.722	49.1594	50.3862	51.2608	51.9385	52.4851	52.9743	52.865	53.2787	53.6733	54.2967	54.9139	55.6419	56.3625	57.0124	57.7811	58.2037	58.6119	58.8101	58.7982	58.6342	58.2739	57.6794	56.6448	55.6093	54.5366	53.6144	52.8704	52.0656	51.2794	50.4607	49.7031	48.9985	48.1666	47.2016	46.1912	45.3096	44.486	43.555	42.3978	41.3094	40.154	39.0299	37.886	36.7456	35.6241	34.5167	33.5638	32.6115	31.7739	30.8542	29.9124	28.9948	28.0846	27.1448	26.3232	25.4964	24.6103	23.7376	22.9401	22.4887	21.7304	21.0433	20.4195	19.7569	19.1089	18.5885	18.1232	17.5788	17.006	16.4719	15.8695	15.2143	14.668	14.0789	13.692	13.3595	13.1153	13.2988	13.4784	13.7473	13.9306	14.178	14.5114	14.8838	15.295	15.8035	16.2784	16.7623	17.274	17.7277	18.1219	18.5063	18.9503	19.5912	19.9604	20.2138	20.6511	21.1352	21.8036	22.5405	23.7777	25.8324	29.0823	33.4578	40.2758	49.5433	60.6149	74.4876	89.9335	107.448	128.594	148.614	165.48	172.818	159.15	135.109	109.388	87.46	71.3913	56.7199	45.3806	35.7248	29.1088	24.1638	20.7634	18.2457	15.9171	14.1228	11.9662	11.3052	11.0202	10.4254	9.53712	8.47925	7.83031	7.09354	6.5185	5.74942	4.94335	4.44824	4.09343	3.80665	3.59592	3.40675	3.20866	3.02648	2.85817	2.80725	2.8324	2.84462	2.8359	2.83424	2.63285	2.48263	2.33321	2.42124	2.24498	2.18697	2.06294	2.00607	2.04616	2.08999	2.21444	2.31452	2.4299	2.55876	2.62511	2.59787	2.48158	2.35305	1.90846	1.49168	0.979542	0.547966	0.148097	-0.0941749	-0.289433	-0.267755	-0.172233	-0.010531	0.0629749	0.144739	0.212558	0.314965	0.417667	0.474829	0.454343	0.415812	0.33154	0.184397	0.0524736	-0.159624	-0.266532	-0.31401	-0.402138	-0.359802	-0.286945	-0.206887	-0.203233	-0.152797	-0.189411	-0.181812	-0.0189891	0.0606115	0.0103472	-0.187591	-0.280654	-0.263325	-0.211911	-0.151808	-0.152267	-0.151003	-0.109034	0.0394033	0.173534	0.282606	0.367641	0.369523	0.344064	0.324053	0.218802	-0.13393	-0.189614	-0.224434	-0.345082	-0.525086	-0.583266	-0.637091	-0.60161	-0.434112	-0.43458	-0.389517	-0.27673	-0.160542	-0.0567518	-0.180715	-0.103176	0.0421016	0.213377	0.360885	0.487443	0.558802	0.654111	0.901234	0.917903	0.819009	0.690251	0.266659	-0.572996	-0.60864	-0.530757	-0.31411	0.686289	1.04431	1.22848	1.36341	1.32244	0.852551	0.658504	0.650571	0.755337	0.650791	0.611673	0.489578	0.416771	0.446963	0.502762	0.577681	0.655823	0.762308	0.915786	1.0206	1.02915	1.01761	0.903761	0.791729	0.694868	0.497301	0.328705	0.270445	0.133683	0.0375032	-0.0902846	-0.178081	-0.195069	-0.176029	-0.166876	-0.0868198	0.0740113	0.217763	0.375899	0.492277	0.651877	0.829161	0.944056	0.98072	0.991196	0.946305	0.823023	0.843472	0.793982	0.765595	0.705839	0.626875	0.550606	0.406309	0.308938	0.285868	0.255168	0.266179	0.260656	0.285159	0.337679	0.398332	0.477624	0.42532	0.39655	0.451883	0.441248	0.430757	0.260481	0.0560753	-0.167422	-0.306061	-0.502054	-0.604199	-0.756092	-0.877941	-0.984349	-1.17376	-1.26776	-1.3481	-1.41125	-1.4009	-1.29821	-1.13338	-0.858763	-0.62258	-0.442848	-0.295514	-0.173313	-0.0630965	0.14438	0.492912	0.503914	0.503962	0.421744	0.244273	0.264831	0.369875	0.421937	0.528158	0.620868	0.756388	0.770045	0.770221	0.788687	0.797516	0.814375	0.802594	0.837299	0.836519	0.803804	0.923074	1.00162	1.15372	1.36912	1.67255	2.0235	2.27894	2.25414	2.22541	2.02216	1.68932	1.36697	0.992293	0.47102	0.114578	-0.00336416	0.0036463	0.10276	0.207787	0.428534	0.776001	1.08901	1.44651	1.77249	2.09045	2.26462	2.37079	2.37507	2.30038	2.27532	2.26036	2.14909	1.99602	1.92569	1.91685	1.87885	1.94961	2.12647	2.33222	2.53692	2.78146	2.94032	3.10052	3.20021	3.31131	3.35183	3.45127	3.58628	3.70331	3.94791	4.1553	4.3913	4.57936	4.81864	5.08076	5.36341	5.60507	5.93796	6.24265	6.42728	6.56362	6.56608	6.53321	6.41994	6.28152	6.14258	6.12756	6.28262	6.4961	6.81668	7.25199	7.80433	8.38442	9.11667	9.84118	10.5054	11.1766	11.7767	12.3099	12.7669	13.14	13.4985	13.836	14.1257	14.3661	14.6561	15.1018	15.5259	15.9438	16.4526	16.9418	17.4704	18.0622	18.6612	19.3199	19.8874	20.3663	20.8357	21.2069	21.6401	21.997	22.243	22.5677	22.7983	23.0619	23.2778	23.5866	23.8255	23.9631	24.0547	24.2538	24.5979	24.9628	25.206	25.649	26.0396	26.3963	26.8027	27.0932	27.6908	27.9101	27.5247	26.8114	25.7252	24.315	22.6275	21.1143	19.5569	18.0669	16.6413	15.4104	14.344	14.3342	13.8015	13.3417	13.403	13.2362	13.1446	13.0991	13.393	13.8031	14.2794	14.8083	15.261	15.5978	15.8733	16.2507	16.0587	15.6775	15.034	13.8986	12.795	11.9077	10.5557	9.13531	7.65327	6.31383	5.06267	3.96711	3.0853	2.42833	1.8012	1.18968	0.701052	0.477655	0.565142	0.378527	0.135514	-0.0511005	-0.2678	-0.435255	-0.62303	-0.759189	-0.789878	-0.731826	-0.689832	-0.455951	-0.237766	-0.00519018	0.0319245	0.0663173	0.10201	0.0832537	0.218235	0.326185	0.396926	0.426654	0.454192	0.443995	0.382758	0.272419	0.198274	0.151257	0.157211	0.0978653	0.110736	0.0999893	0.139354	0.163428	0.236366	0.319951	0.513265	0.654155	0.798147	0.975503	1.13748	1.32112	1.54478	1.81436	2.0899	2.33583	2.53899	2.67755	2.73797	2.53231	2.21609	1.76258	1.56788	1.41075	1.34201	1.2566	1.20159	1.07052	0.790666	0.47701	0.125838	-0.113528	-0.448007	-0.621532	-0.754092	-0.743284	-0.51841	-0.137924	0.035635	-0.0424368	-0.612228	-0.536795	-0.191066	0.180562	0.510547	1.12798	1.26003	0.873784	0.660094	0.38305	0.177946	0.0447568	-0.140369	-0.193853	0.0356433	-0.00664672	-0.0235599	-0.036868	-0.0204536	0.0308729	0.112606	0.32373	0.598794	0.913173	1.16788	1.46296	1.79589	2.13791	2.6852	3.1724	3.71192	4.29485	5.03139
-20	20	25.6972	24.1286	22.7206	21.4808	20.358	19.327	18.3508	17.5082	16.7214	15.9677	15.3483	14.7865	14.235	13.6723	13.1211	12.5928	12.0638	11.5246	10.9689	10.3398	9.7241	9.13139	8.58273	8.02942	7.47896	6.94417	6.42188	5.98228	5.57951	5.26053	4.98675	4.70288	4.38939	4.04983	3.73834	3.43583	3.05511	2.61002	2.12554	1.64397	1.22383	0.835767	0.49903	0.219134	-0.0148404	-0.191339	-0.285857	-0.355836	-0.272525	-0.128768	0.10676	0.369553	0.633397	0.799347	0.937424	1.06135	1.14069	1.19051	1.19658	1.1442	1.05197	0.866342	0.664605	0.483329	0.341915	0.224228	0.14191	0.0781226	0.0656007	0.0868908	0.14055	0.0932249	-0.0934089	-0.302457	-0.379002	-0.405385	-0.428193	-0.400869	-0.354715	-0.150466	0.0847044	0.335891	0.57536	0.762253	0.936283	1.0715	1.19244	1.26243	1.31269	1.33074	1.31363	1.28772	1.22648	1.15857	1.09268	1.13136	1.245	1.42523	1.6223	1.77638	1.93396	2.09479	2.23885	2.39097	2.55476	2.71568	2.89411	3.0647	3.19674	3.31275	3.43214	3.6109	3.7882	3.96939	4.13522	4.26672	4.37232	4.43017	4.40102	4.37084	4.33839	4.31182	4.28522	4.38246	4.47484	4.56736	4.6854	4.82507	4.9328	5.10895	5.2883	5.55568	5.80589	5.9706	6.07238	6.09001	6.02665	5.82824	5.82787	5.92902	6.14356	6.49153	6.55364	6.5977	6.59508	6.5929	6.58932	6.59162	6.61615	6.65251	6.72291	6.82947	6.97503	7.18658	7.413	7.69647	8.01469	8.35865	8.76095	9.15473	9.56526	9.93201	10.2481	10.5824	10.8853	11.2124	11.5157	11.8045	12.0868	12.346	12.5928	12.8646	13.0826	13.2829	13.4714	13.6243	13.7479	13.8226	13.8902	13.9184	13.9213	13.8807	13.8264	13.7633	13.6731	13.6197	13.5339	13.4385	13.3694	13.2579	13.1672	13.0975	13.0096	12.9207	12.7821	12.6207	12.3998	12.1548	11.9006	11.6679	11.5082	11.3558	11.2637	11.1669	11.1123	11.1121	11.1223	11.1361	11.1551	11.1741	11.1732	11.1481	11.0751	11.019	10.9458	10.8597	10.7495	10.6296	10.4976	10.3322	10.1657	9.99032	9.82537	9.67289	9.52734	9.43951	9.5098	9.51058	9.40762	9.23322	9.02862	8.66032	8.32556	8.01717	7.74057	7.47977	7.24211	6.98636	6.74794	6.54452	6.35839	6.233	6.12352	6.0671	6.02816	6.00704	5.9586	5.72422	5.50538	5.2606	5.01003	4.78272	4.57811	4.42212	4.49827	4.54742	4.65935	4.78993	4.75433	4.91872	4.70617	4.22772	3.66935	2.56921	2.16341	2.02083	2.71028	2.72684	2.5366	2.37551	2.21579	2.0805	2.07101	2.01653	2.52535	2.54642	2.53608	2.48164	2.40895	2.32001	2.19715	2.07822	1.92853	1.78096	1.62284	1.41445	1.20558	1.06332	0.977911	1.00274	1.0264	1.00178	0.946171	0.877582	0.758921	0.602775	0.471378	0.306996	0.123204	-0.0309675	-0.170646	-0.292587	-0.422132	-0.426081	-0.430717	-0.247139	-0.0156451	0.160567	0.285268	0.36955	0.410348	0.402389	0.357414	0.286272	0.184923	0.0596895	-0.0448874	-0.185339	-0.406103	-0.633354	-0.752268	-0.720741	-0.592055	-0.357396	-0.0996862	0.156878	0.297788	0.377666	0.385912	0.31558	0.113881	-0.0260195	0.0181557	0.219943	0.555098	0.986539	1.08236	1.17946	1.26727	1.35199	1.49064	1.77013	2.02614	2.35344	2.64342	3.06459	3.63206	4.06196	4.39522	4.68177	4.9252	5.17835	5.43999	5.80411	6.18711	6.61213	7.08196	7.60465	8.1007	8.62746	9.25617	9.91918	10.5996	11.2585	11.9174	12.5304	13.2611	13.9921	14.6622	15.3478	16.1162	16.9006	17.6823	18.5067	19.4678	20.5106	21.6538	22.7682	23.9756	25.2487	26.5772	27.9634	29.4182	30.934	32.4994	34.117	35.6198	36.9784	38.3512	39.5232	40.6149	41.736	42.7702	43.7221	44.7126	45.6145	46.3288	47.0494	47.9115	48.8142	49.6603	50.4322	51.1507	51.8293	52.4832	53.0511	53.4319	53.8122	54.0801	54.1437	54.2278	54.1593	53.9707	53.6645	53.2184	52.6019	51.7821	50.9515	50.1125	49.1333	48.1211	47.0747	45.9905	44.9131	43.8393	42.8767	42.0928	41.3452	40.6362	39.9241	39.1541	38.2806	37.3084	36.2871	35.0784	33.9755	32.9741	32.1527	31.3879	30.5385	29.7027	28.9369	28.2158	27.5519	26.9484	26.5854	25.9528	25.2238	24.376	23.4738	22.5479	21.7239	20.896	20.1607	19.3079	18.5222	17.7682	17.1599	16.5936	16.0572	15.5469	15.0748	14.6402	14.2416	13.8879	13.5685	13.2939	13.06	12.8546	12.6957	12.5903	12.5445	12.5652	12.7616	13.0646	13.6246	14.0009	14.4066	14.8529	15.3366	15.8212	16.0302	16.3013	16.5738	16.5579	16.8817	16.8128	16.909	16.9635	17.1835	17.7267	18.7117	20.1113	21.7282	23.9474	26.5762	29.8655	34.4134	40.4161	48.4089	58.0028	70.1524	90.2348	107.467	124.333	132.536	135.002	129.34	112.47	93.9113	73.1813	57.0633	45.7226	33.9923	29.6685	25.8784	22.0833	18.9375	16.7292	14.8847	13.1606	11.613	10.4248	8.97512	7.65546	6.6302	5.81607	5.20085	4.72963	4.3827	4.14317	3.94144	3.80748	3.62364	3.46011	3.315	3.20573	3.24098	3.33635	3.35523	3.30543	3.17518	2.93612	2.63469	2.30777	2.00802	1.72713	1.49653	1.26163	1.01666	0.79987	0.606674	0.477886	0.459689	0.491955	0.474771	0.549557	0.584509	0.394669	0.276278	0.157645	-0.0166236	-0.198011	-0.344385	-0.453027	-0.493747	-0.498441	-0.346653	0.0974263	0.319294	0.543308	0.729973	0.898988	1.03567	1.127	0.85126	0.736145	0.544079	0.331327	0.401518	0.414764	0.393817	0.297077	0.17145	0.119324	0.103276	0.0687409	0.0368903	0.00134601	-0.0452412	-0.0865901	-0.133018	-0.162313	-0.235428	-0.301623	-0.368426	-0.444652	-0.506797	-0.561077	-0.600156	-0.642836	-0.666963	-0.658363	-0.604745	-0.540347	-0.454803	-0.353266	-0.21444	-0.0687566	0.109972	0.229292	0.296058	0.344358	0.365977	0.358558	0.343999	0.318652	0.270803	0.193385	0.145944	0.0699917	0.0103565	-0.0545716	-0.138563	-0.217191	-0.29479	-0.366644	-0.428873	-0.450221	-0.447143	-0.370687	-0.291047	-0.252484	-0.198653	-0.15227	-0.11776	-0.109711	-0.0750704	-0.023993	0.104906	0.164852	0.23342	0.306939	0.417278	0.483708	0.540529	0.571722	0.451395	0.3158	0.167671	0.084849	-0.0263473	-0.156583	-0.242758	-0.256245	-0.213405	-0.132696	-0.0844934	0.0148109	0.119931	0.20823	0.309028	0.417038	0.527109	0.628126	0.732533	0.740352	0.783324	0.762491	0.690276	0.67115	0.595929	0.504214	0.315539	0.220787	0.0798451	-0.0485123	-0.0181895	0.0107105	0.0906484	0.215821	0.68993	0.883939	0.964056	0.949573	0.826202	0.696614	0.689499	0.691316	0.69875	0.679082	0.681035	0.675253	0.667332	0.680373	0.677682	0.674585	0.658258	0.647069	0.626854	0.626314	0.572715	0.460605	0.260806	0.124009	-0.00569157	-0.0486919	0.00933787	0.0103995	0.00957173	0.0158874	0.0471353	0.0883769	0.166565	0.222125	0.275782	0.304545	0.301039	0.277366	0.215278	0.142454	0.0215138	-0.119425	-0.268296	-0.438757	-0.575423	-0.718224	-0.868684	-0.958319	-0.968207	-0.917841	-0.669178	-0.404012	-0.0571317	0.308212	0.692441	1.03916	1.34185	1.56413	1.89451	2.04141	2.09418	2.08233	2.01409	1.92065	1.72618	1.54177	1.37426	1.26374	1.29631	1.41192	1.58323	1.80265	2.01645	2.2183	2.44115	2.66581	2.90099	3.16154	3.45168	3.59895	3.68897	3.68362	3.58938	3.30923	3.09826	2.82444	2.56878	2.34717	2.13724	1.84874	1.67204	2.36998	2.33994	2.31141	2.33729	2.421	2.51875	2.65168	2.77713	2.90859	3.03427	3.13966	3.1891	3.2243	3.29418	3.41578	3.57078	3.72297	3.79182	3.9699	4.17573	4.36334	4.38564	4.47725	4.48532	4.4809	4.46669	4.40863	4.35067	4.3569	4.37768	4.48948	4.60613	4.68564	4.75246	4.94206	5.20023	5.51324	5.88491	6.25058	6.63222	7.02755	7.39613	7.52746	7.58071	7.6593	7.75106	7.79642	7.81591	7.77532	7.83329	7.93752	8.04856	8.13483	8.26907	8.46289	8.75318	8.99872	9.3631	9.82469	10.363	10.7609	11.1392	11.4504	11.7376	11.9347	12.1663	12.414	12.6618	12.9505	13.3774	13.7643	13.9949	14.4651	15.0416	15.7478	16.5845	17.5132	18.4221	19.233	19.9961	20.6544	21.2023	21.6425	22.1361	22.5757	22.5515	22.3272	21.8731	21.4578	21.0205	20.6276	20.2661	20.0988	20.4373	22.1585	22.3678	23.4338	23.9874	23.837	22.5047	23.2852	24.877	26.2407	27.7183	28.4554	28.0466	27.6922	26.365	24.349	21.9505	19.8789	18.4472	17.1034	15.8451	14.7421	13.8168	12.863	12.2761	12.0522	11.9198	11.9653	12.1404	12.4363	12.92	13.4704	14.0177	14.481	14.8464	15.1198	15.2197	15.2141	14.9498	14.3713	13.5952	12.6953	11.6348	10.4726	9.27663	8.10486	6.9454	5.85618	4.84689	3.9236	3.09562	2.35636	1.77556	1.39606	1.17458	1.04688	0.984574	0.904209	0.811187	0.728607	0.646848	0.545667	0.395652	0.210695	0.0399945	-0.0973929	-0.178626	-0.226608	-0.273093	-0.280793	-0.262625	-0.165392	-0.0402439	0.129239	0.304473	0.361663	0.310298	0.189635	0.0990927	0.0135177	-0.106803	-0.235108	-0.370533	-0.435715	-0.500592	-0.519629	-0.546605	-0.546614	-0.529647	-0.441627	-0.220172	-0.127275	-0.0660562	0.00399929	0.0835854	0.156366	0.201228	0.225017	0.236671	0.240713	0.24408	0.275692	0.310592	0.356314	0.394812	0.443822	0.492953	0.582509	0.752232	0.978736	1.14729	1.0897	1.00593	0.803981	0.708645	0.615047	0.516038	0.452121	0.406109	0.367197	0.33271	0.309361	0.274174	0.239161	0.230309	0.234281	0.289714	0.354838	0.421086	0.475141	0.384189	0.288421	0.190521	0.000642092	-0.216408	-0.354366	-0.477803	-0.546875	-0.580839	-0.568823	-0.484752	-0.386158	-0.246986	-0.0657597	0.177228	0.491496	0.855973	1.19844	1.53261	1.78384	2.04477	2.38923	2.77764	3.15841	3.56649	4.02163	4.59427	5.43362	6.48975
0	-20	29.0679	28.0357	26.9392	25.8931	24.8733	23.8986	22.9549	22.0693	21.1719	20.3079	19.4643	18.6576	17.8805	17.1184	16.4372	15.7671	15.1496	14.5744	14.014	13.4614	12.9113	12.3724	11.8117	11.2611	10.7603	10.2779	9.79585	9.29059	8.67694	8.251	7.92602	7.64849	7.42879	7.17787	6.93621	6.66854	6.37414	6.06143	5.70981	5.32362	4.91143	4.48194	4.07333	3.72223	3.46043	3.19783	2.95145	2.74633	2.56505	2.3577	2.06729	1.72531	1.38449	1.06595	0.782723	0.565774	0.375579	0.202488	0.0677425	-0.055838	-0.157291	-0.251269	-0.28325	-0.253258	-0.163621	-0.0966879	-0.0414715	0.023624	-0.000978705	-0.0480011	-0.127311	-0.129063	-0.0867126	0.0201056	0.128209	0.200925	0.207973	0.140299	0.0563573	-0.052702	-0.162055	-0.25448	-0.315805	-0.328272	-0.302345	-0.236902	-0.170119	-0.203742	-0.237029	-0.0933325	0.0876074	0.275211	0.424347	0.534342	0.548013	0.499744	0.398032	0.258256	0.0100016	-0.220143	-0.311844	-0.334835	-0.292942	-0.179061	-0.0365609	0.13723	0.396134	0.68271	1.0005	1.34826	1.84105	2.107	2.05474	1.89738	1.73177	1.56333	1.3965	1.23234	1.09951	0.931329	0.749322	0.552077	0.416046	0.42678	0.307695	0.19547	0.0975197	0.0330942	0.0105289	0.0178368	0.0574331	0.146706	0.285536	0.445622	0.631459	0.854978	1.09951	1.36266	1.63422	1.88047	2.09832	2.30894	2.48613	2.66341	2.80749	2.95505	3.01563	2.97247	2.91132	2.81853	2.73049	2.65802	2.72464	2.8558	3.09815	3.47971	3.87773	4.24227	4.49254	4.7738	5.02332	5.2837	5.39727	5.55971	5.8225	6.10637	6.51211	6.91501	7.28078	7.57002	7.85809	8.22073	8.58396	8.87274	9.11013	9.31612	9.44184	9.50024	9.46438	9.31745	9.09495	8.83333	8.59273	8.42094	8.3189	8.21832	8.11805	8.00954	7.87479	7.81178	7.75983	7.7279	7.70712	7.6784	7.65913	7.633	7.60219	7.59827	7.60669	7.64701	7.71699	7.82409	8.05259	8.3095	8.60395	8.87407	9.05871	9.18455	9.13069	8.9785	8.73861	8.47237	8.17203	7.83665	7.51503	7.19389	7.02684	6.89878	6.85313	6.82891	6.84203	6.9433	7.01815	7.10458	7.19439	7.26385	7.31284	7.35544	7.30955	7.24762	7.13357	6.98087	6.77367	6.52488	6.22654	5.90048	5.57165	5.25747	4.91379	4.53501	4.18296	3.84548	3.51705	3.31498	3.16766	3.06826	3.03195	3.0722	3.17318	3.30574	3.46337	3.61245	3.76498	4.06122	4.17022	4.18152	4.07484	3.91406	3.71121	3.50517	3.24583	2.93373	2.59467	2.23177	1.84507	1.46476	1.15597	0.991225	0.977223	0.972739	0.925225	0.879565	0.821707	0.761903	0.696099	0.598051	0.458572	0.272694	0.081214	0.0696592	0.0805655	0.142076	0.221572	0.302765	0.403723	0.480221	0.496889	0.472361	0.414894	0.47351	0.51769	0.485369	0.399373	0.233104	0.0475269	-0.117997	-0.227594	-0.194084	-0.111623	-0.00168284	0.0744018	0.131905	0.208544	0.283749	0.236211	0.108369	-0.0781881	-0.266381	-0.547814	-0.822399	-1.07174	-1.24879	-1.3647	-1.40117	-1.27208	-1.0611	-0.767812	-0.435174	-0.093714	0.259573	0.628851	0.908058	1.12922	1.16967	1.07061	0.850061	0.581057	0.464325	0.301777	0.0313166	-0.163745	-0.275663	-0.234805	-0.134656	0.0274856	0.186958	0.291924	0.389357	0.511277	0.749092	0.984962	1.27165	1.63874	2.08292	2.92312	3.07424	3.09558	3.14796	3.22823	3.34075	3.45574	3.57198	3.66907	3.67309	3.96559	4.31028	4.74121	5.62211	6.16447	6.58245	7.19477	7.84864	8.53117	9.21867	9.89398	10.5719	11.2248	11.9118	12.5803	13.252	13.917	14.6857	15.3355	15.9819	16.6888	17.4928	18.3816	19.3316	20.3442	21.422	22.5408	23.6969	24.8318	25.9308	26.6855	27.4279	28.3926	29.3015	30.1574	30.9734	31.7639	32.5311	33.282	34.0323	34.8198	35.6345	36.6817	37.6219	38.414	39.109	39.7354	40.3451	40.9361	41.4224	41.7744	42.014	42.0961	41.9859	41.9109	41.8679	41.8625	41.8235	41.873	41.9039	41.7396	41.5177	41.2602	41.0217	40.7784	40.5019	40.162	39.7556	39.2496	38.6514	37.9763	37.2537	36.5134	35.6437	34.713	33.7944	32.8252	31.9365	31.1777	30.6319	30.0034	29.3084	28.5458	27.6326	26.6225	25.6002	24.6099	23.7696	23.0362	22.3802	21.8142	21.376	20.9265	20.5589	20.2208	19.8816	19.4898	19.013	18.4399	17.7534	17.0499	16.2576	15.3599	14.1896	13.2863	12.5636	12.016	11.6404	11.3517	11.1359	10.8516	10.5634	10.2959	10.1503	10.1902	10.343	10.1932	10.334	10.5948	10.9179	11.3225	11.8046	12.2908	12.79	13.2455	13.6545	14.0605	14.4208	15.0116	15.4724	15.7067	15.789	15.5797	15.0828	14.6652	14.2944	14.0452	13.9559	14.1961	14.9635	16.3087	18.2425	20.7873	24.0258	27.8533	33.5682	40.0086	47.3319	55.3647	65.9801	77.0794	87.8301	94.8969	79.8975	70.358	60.3643	50.1403	40.9919	32.6122	25.8641	22.1388	21.6824	16.3504	13.1909	11.0799	9.43848	8.20318	7.37147	6.85745	6.26528	5.91248	5.6527	5.40215	5.21296	5.0532	4.89907	4.67034	4.67205	4.4851	4.32324	4.19724	4.05264	3.88743	3.60853	3.3248	3.02455	2.77719	2.57161	2.35246	2.16085	2.02565	1.91182	1.8369	1.82077	1.79485	1.67808	1.53661	1.37221	1.21139	1.05664	0.941781	0.838614	0.786098	0.736107	0.639513	0.518691	0.626141	0.834841	1.11173	1.47275	1.876	2.53641	3.03605	3.24279	3.27098	3.155	2.85679	2.4276	1.86791	1.32583	1.01328	0.868592	0.937549	1.09133	1.3916	1.44325	1.37794	1.22181	0.961578	-0.000536038	-0.172126	-0.198898	-0.26013	-0.403964	-0.532675	-0.623713	-0.666422	-0.680569	-0.654789	-0.631188	-0.577122	-0.518378	-0.45308	-0.417797	-0.382696	-0.370582	-0.318447	-0.254509	-0.129563	0.115986	0.368627	0.51766	0.608318	0.678274	0.698917	0.610982	0.468244	0.400007	0.366031	0.362214	0.44758	0.538793	0.682683	0.76377	0.777585	0.770299	0.730741	0.690466	0.61808	0.557829	0.484054	0.373282	0.259079	0.0332496	-0.219968	-0.497918	-0.653141	-0.79554	-0.871001	-0.881413	-0.846074	-0.784225	-0.666926	-0.533794	-0.439713	-0.389565	-0.405149	-0.412894	-0.412161	-0.352149	-0.481086	-0.580964	-0.624076	-0.630425	-0.589112	-0.51004	-0.379912	-0.209006	-0.0173039	0.197985	0.333872	0.507206	0.850664	1.20236	1.50135	1.72427	1.88252	1.95993	1.93278	1.84249	1.70072	1.51552	1.27947	0.99461	0.708292	0.4281	0.1784	0.0532363	-0.0124742	-0.00285448	0.106092	0.301832	0.522178	0.7472	0.887612	0.957666	0.986237	0.981702	0.945565	0.894728	0.852413	0.761691	0.640858	0.552002	0.501242	0.645728	0.838329	1.05856	1.24498	1.48187	1.71487	1.91351	2.09536	2.20888	2.18982	1.90116	1.06092	0.627578	0.438262	0.942041	0.888418	0.703737	0.470522	0.23157	-0.065775	-0.358304	-0.63005	-0.785388	-0.90784	-0.972598	-0.985559	-0.945991	-0.794479	-0.600806	-0.330762	-0.115762	0.0666868	0.2627	0.454434	0.597563	0.672504	0.646765	0.573328	0.475569	0.337879	0.228272	0.107004	0.00650627	-0.0391113	-0.0321997	-0.0236481	-0.00676837	0.0241534	0.0132287	-0.0720099	-0.271105	-0.398168	-0.394549	-0.332067	-0.244258	-0.176012	-0.134515	-0.079999	-0.00855665	0.0853952	0.247453	0.482061	0.752965	1.04128	1.31812	1.26578	1.45549	1.67152	1.84445	1.9984	2.14688	2.3321	2.49879	2.65001	2.75429	2.81891	2.83626	2.82225	2.80544	2.81089	3.0339	2.99462	2.95914	2.99076	3.02144	3.01821	3.01666	2.94816	2.83836	2.7382	2.62599	2.5482	2.42153	2.33809	2.30536	2.24616	2.23443	2.24842	2.3395	2.47787	2.61476	2.7662	2.91317	3.01983	3.09899	3.11595	3.09206	2.67511	2.61081	2.53667	2.50213	2.59131	2.54566	2.4962	2.43644	2.40158	2.35317	2.37266	2.44511	2.64434	2.88665	3.21898	3.57866	3.95666	4.31755	4.60609	4.89127	5.11215	5.33391	5.57851	5.71557	5.76276	5.8975	6.08035	6.34203	6.65976	7.04563	7.46992	7.98762	8.51291	9.01417	9.46057	9.79076	10.0757	10.265	10.3512	10.3183	10.2214	10.1711	10.2122	10.3659	10.6271	11.3076	11.7955	12.3483	12.9619	13.7061	14.4876	15.2414	15.9402	16.5359	17.0467	17.4753	17.7859	17.9808	18.0435	18.02	17.9625	17.9124	17.7761	17.5872	17.305	16.9614	16.6328	16.3382	16.1786	16.0866	16.0933	16.1862	16.381	16.6976	17.1165	17.6642	18.3457	19.0625	19.7275	20.4986	21.1345	21.3066	21.1902	20.7557	19.8931	18.7831	17.4275	16.0158	14.6313	13.3767	12.3247	11.4523	10.7827	10.4769	10.4323	10.5264	10.6448	10.8427	11.0348	11.2747	11.555	11.8209	12.1119	12.3493	12.4522	12.4168	12.2108	11.8996	11.4795	10.9275	10.2644	9.50613	8.68847	7.87865	6.99251	6.0946	5.2323	4.39742	3.65041	3.00235	2.48078	2.04933	1.72832	1.39287	1.06461	0.741287	0.409955	0.159038	-0.0378975	-0.192234	-0.24402	-0.271287	-0.280914	-0.286309	-0.309333	-0.365081	-0.431433	-0.501249	-0.515158	-0.507394	-0.474555	-0.43133	-0.390066	-0.365324	-0.343349	-0.274801	-0.0542613	0.171588	0.417357	0.656358	0.911265	1.12938	1.28529	1.33011	1.31602	1.20983	1.0345	0.792035	0.68107	0.475685	0.18364	-0.0593142	-0.273715	-0.424824	-0.550304	-0.546137	-0.487753	-0.352646	-0.172564	0.144337	0.487571	0.871806	1.08984	1.05228	0.956091	0.768313	0.6143	0.549048	0.630585	0.641564	0.662633	0.683314	0.63196	0.596265	0.507486	0.447838	0.374762	0.309387	0.270517	0.256291	0.283405	0.325093	0.371437	0.414976	0.465611	0.532667	0.546224	0.553019	0.561906	0.434615	0.26631	0.112163	-0.0915975	-0.25962	-0.41726	-0.549519	-0.65701	-0.667372	-0.612384	-0.521458	-0.396907	-0.291606	-0.274671	-0.240233	-0.231341	-0.229632	-0.209638	-0.169537	-0.102181	-0.00221189	0.143697	0.399154	0.71259	1.09661	1.55497	2.12011	2.60206	3.40766
0	0	27.5322	26.5166	25.6273	24.6992	23.9109	23.122	22.3714	21.6238	20.8939	20.1957	19.5041	18.8286	18.1484	17.4745	16.8006	16.1199	15.4537	14.7331	14.0126	13.276	12.5464	11.8097	11.1314	10.492	9.86683	9.27846	8.71122	8.1786	7.66955	7.1838	6.73495	6.30729	5.92067	5.49638	5.09156	4.73317	4.50217	4.15549	3.75887	3.40179	3.06865	2.72684	2.36818	1.93324	1.46616	0.871692	0.530397	0.291458	0.156487	0.0758664	0.0455459	-0.0118712	0.0104575	0.239137	0.328974	0.419687	0.483501	0.537967	0.49459	0.265408	0.00689941	-0.148147	-0.22572	-0.240762	-0.39284	-0.480317	-0.461321	-0.40363	-0.101471	-0.0626903	-0.0431302	-0.0123233	0.0118848	0.0451227	0.041712	0.0264714	-0.0563037	-0.142773	-0.137715	-0.105948	-0.0106422	0.0865498	0.162394	0.243114	0.366164	0.48789	0.666234	0.892534	1.06902	1.26925	1.52989	1.74457	1.92444	2.02237	2.06924	2.06044	2.00602	1.91384	1.78957	1.63626	1.50306	1.38383	1.36182	1.402	1.57288	1.77524	1.99119	2.21441	2.42652	2.65267	2.83706	2.92664	3.01264	3.09087	3.15649	3.23078	3.30967	3.39419	3.47757	3.6268	3.77619	3.95816	4.15448	4.34686	4.53987	4.73353	4.93864	5.13176	5.31352	5.47766	5.62424	5.76739	5.83114	5.90274	5.97533	6.05077	6.12381	6.2012	6.25482	6.30866	6.33258	6.38736	6.46836	6.59502	6.70608	6.82409	6.95814	7.13642	7.42444	7.769	8.11795	8.37534	8.61734	8.78503	9.01897	9.2614	9.48678	9.65227	9.7816	9.89453	10.0043	10.1156	10.2523	10.4085	10.5902	10.8386	11.1286	11.495	11.9378	12.4988	13.0941	13.6748	14.1793	14.4796	14.6885	14.8037	14.8617	14.7868	14.7155	14.5159	14.3049	14.1175	13.9843	13.8955	13.822	13.7406	13.646	13.8138	13.7713	13.6863	13.5767	13.4679	13.3598	13.2819	13.2713	13.3098	13.3933	13.4018	13.4009	13.3873	13.3793	13.3631	13.3544	13.3143	13.2888	13.2631	13.2296	13.2177	13.2098	13.2123	13.2057	13.2344	13.281	13.318	13.3301	13.2562	13.1755	13.0264	12.8714	12.7027	12.5266	12.3696	12.2056	12.0818	11.999	11.9208	11.8344	11.7487	11.6298	11.449	11.2663	11.0401	10.7829	10.4384	10.0211	9.55484	9.04713	8.56073	8.12817	7.86907	7.71698	7.76128	7.71857	7.66171	7.50344	7.35001	7.22835	7.18918	7.15969	7.12077	7.0461	6.87235	6.64425	6.35847	6.0571	5.76393	5.48404	5.23754	5.0194	4.83253	4.72362	4.63009	4.56079	4.52707	4.44941	4.37348	4.34814	4.34558	4.41416	4.49846	4.60592	4.62729	4.64491	4.44416	4.40283	4.31155	4.15929	3.99998	3.5767	3.42201	3.31475	3.33825	3.36889	3.41346	3.43702	3.45389	3.46066	3.43854	3.38892	3.31065	3.22141	3.10847	2.9728	2.79552	2.57192	2.23581	2.11876	2.06863	2.0644	2.062	2.05948	2.04912	2.01922	1.95391	1.85783	1.70781	1.51208	0.972469	0.723181	0.464029	0.255996	0.0850625	-0.130725	-0.310988	-0.436359	-0.47725	-0.451677	-0.354957	-0.236969	-0.0927852	-0.116076	-0.172043	-0.0305424	0.127458	0.291255	0.481011	0.622419	0.773998	0.915196	1.02923	1.16156	1.30145	1.40264	1.46882	1.41451	1.36837	1.38598	1.41155	1.38262	1.34986	1.31478	1.28428	1.27473	1.27616	1.33388	1.47314	1.60258	1.76464	1.9728	2.23804	2.65841	3.05448	3.43938	3.84167	4.26046	4.66419	5.05703	5.45098	5.79074	6.09166	6.42134	6.76517	7.11112	7.45303	7.80701	8.15744	8.46736	8.36617	9.02287	9.8479	10.6734	11.3646	12.0081	12.6931	13.4235	14.2026	15.0334	15.7955	16.4214	17.1522	17.9834	18.8956	19.9682	21.0612	22.1752	23.3186	24.4887	25.7355	26.9822	28.1327	29.1378	30.0538	30.959	31.8552	32.6968	33.4474	34.0683	34.5139	34.8854	35.668	36.4907	37.4989	38.3498	38.5978	38.6249	38.2491	37.6633	37.1748	35.5392	36.8273	37.8074	37.9362	38.4191	39.0979	39.1566	38.1664	36.7653	35.5847	34.8611	34.4143	33.8705	33.3294	32.7492	32.2425	31.5449	30.6479	29.8373	29.1123	28.4154	27.7275	27.0333	26.2867	25.3691	24.7772	24.2238	23.6807	23.213	22.74	22.2947	21.8518	21.3789	20.8832	20.2701	19.651	18.9946	18.3409	17.6874	17.0064	16.3412	15.7455	15.2556	14.8158	14.2937	13.7648	13.2393	12.6168	12.0124	11.4576	11.0365	10.7643	10.5379	10.3285	10.1354	9.91148	9.69782	9.4868	9.27193	9.03493	8.78082	8.54386	8.46244	8.35054	8.18708	8.00646	7.84258	7.62662	7.51528	7.71981	8.18399	8.51656	8.80146	9.01274	9.22747	9.08917	9.01219	8.90551	8.83083	8.79426	9.09332	9.33817	9.54137	9.77284	9.77647	10.0224	10.2613	11.0497	13.1389	16.5052	20.822	26.1352	32.7642	39.8922	47.1119	54.5739	61.4299	67.8814	72.8435	66.6769	56.5262	47.131	37.8975	30.3988	25.3801	20.6487	16.7331	13.7266	11.2066	9.17032	7.56857	6.40546	5.55825	4.85187	4.31408	3.99929	3.7694	3.54042	3.37028	3.31784	3.30987	2.8742	2.60615	2.33428	2.09848	1.89575	1.70188	1.5344	1.39547	1.36887	1.27557	1.16746	1.02997	0.872207	0.701736	0.493821	0.282536	0.147406	0.0893622	0.0802837	0.107986	0.0932926	0.0734889	0.0452258	0.0359742	0.0841748	0.130504	0.11822	-0.0361194	-0.306983	-0.438894	-0.550661	-0.646941	-0.733721	-0.817547	-0.872643	-0.556235	-0.238325	0.0924137	0.290195	0.467912	0.595686	0.657909	0.60661	0.541237	0.123307	0.0595298	-0.0150722	-0.052431	-0.0653556	-0.00123113	0.0237058	0.0581173	0.0549566	0.0679827	0.106253	0.252055	0.389434	0.474055	0.450648	0.408215	0.376505	0.321001	0.315764	0.329821	0.305078	0.257138	0.218975	0.157914	0.0974195	0.0288587	-0.0363916	-0.0884746	-0.141098	-0.166246	-0.201675	-0.219315	-0.236355	-0.240398	-0.244432	-0.230362	-0.188422	-0.141973	-0.0841685	0.00553031	0.0869558	0.18626	0.278951	0.398736	0.502225	0.584834	0.598144	0.492641	0.368319	0.159301	-0.105576	-0.369566	-0.565474	-0.722785	-0.829237	-0.894027	-0.851019	-0.75594	-0.626122	-0.429173	-0.18927	0.0516356	0.218819	0.35608	0.48003	0.59923	0.678127	0.709419	0.700668	0.646605	0.512796	0.401433	0.357613	0.335048	0.32667	0.302757	0.29753	0.23474	0.157979	0.101316	0.0599063	0.0414027	0.0703154	0.148333	0.273267	0.428855	0.535316	0.573591	0.611416	0.654185	0.732146	0.822353	0.921498	0.973224	0.996221	0.926502	0.802108	0.666043	0.624233	0.643063	0.700832	1.24277	1.14335	1.01848	0.863898	0.697066	0.554913	0.432869	0.339562	0.29055	0.291678	0.333952	0.535733	0.720565	0.911979	1.07813	1.21228	1.32207	1.34858	1.34871	1.28054	1.17331	0.864864	0.741313	0.572256	0.363069	0.249662	0.142806	0.082123	0.0710958	0.0907719	0.0639229	0.052473	-0.0166611	-0.0859228	-0.157801	-0.222607	-0.347192	-0.494875	-0.64533	-0.744271	-0.816128	-0.842162	-0.815968	-0.754428	-0.659638	-0.562211	-0.458151	-0.473867	-0.459898	-0.401036	-0.335034	-0.358209	-0.35317	-0.244418	-0.0301616	-0.0302821	-0.0617878	-0.0115536	0.157711	0.353243	0.462087	0.369435	0.408685	0.490786	0.581478	0.655841	0.723677	0.493501	0.437246	0.535802	0.699782	0.866513	0.921982	1.02096	1.1096	1.18296	1.23792	1.25957	1.18263	1.04883	0.842826	0.572756	0.363227	0.0857988	-0.037362	-0.221565	-0.353309	-0.443508	-0.443764	-0.34944	-0.142674	0.211883	0.734763	1.05129	1.34315	1.54573	1.66078	1.69936	1.57354	1.41373	1.31761	1.23615	1.15632	1.08757	1.27992	1.22697	1.17805	1.13144	1.08438	1.129	1.18068	1.23709	1.27214	1.26338	1.20924	1.21059	1.2961	1.55912	1.69459	1.73937	1.78722	1.70518	1.60769	1.46089	1.32985	1.247	1.19749	1.19273	1.25831	1.37557	1.49978	1.61418	1.73391	1.92039	2.11714	2.32701	2.53311	2.70571	2.79044	2.85323	2.88659	2.8557	2.78228	2.65615	2.49891	2.43421	2.44681	2.5056	2.54947	2.68324	2.88743	3.13857	3.4585	3.5554	3.70674	3.8846	4.12026	4.39528	4.72273	4.92047	5.04626	5.20401	5.4027	5.65803	5.93528	6.27211	6.59588	7.07018	7.54356	8.03927	8.64801	9.32928	9.80955	10.213	10.6072	10.9402	11.2752	11.6636	12.0821	12.5418	13.0151	13.515	13.9663	14.2927	14.4613	14.5299	14.5063	14.3816	14.3355	14.3229	14.4084	14.3947	14.5576	14.6785	15.0287	15.3515	15.9558	16.4223	17.0781	17.8706	18.7039	19.4218	19.4347	19.0097	18.2984	17.2121	15.9673	14.5704	12.8069	11.6017	10.6703	10.0105	9.16905	8.59805	8.17445	7.89676	7.99901	7.96422	7.91773	8.00294	8.17177	8.32759	8.40495	8.38304	8.50147	8.6487	8.75552	8.83767	8.82926	8.68969	8.45693	8.11795	7.64415	7.07058	6.33173	5.54731	4.81012	4.12837	3.49127	2.86675	2.28554	1.78999	1.38903	1.08075	0.877293	0.758617	0.657139	0.564304	0.439346	0.303096	0.148325	0.0206875	-0.051661	-0.122042	-0.184406	-0.239702	-0.322424	-0.366257	-0.414039	-0.462523	-0.48663	-0.501573	-0.516207	-0.53255	-0.537033	-0.497369	-0.442355	-0.376089	-0.272904	-0.111846	0.0675649	0.238808	0.353073	0.419574	0.409844	0.376351	0.38417	0.360281	0.314753	0.292046	0.279234	0.295549	0.320318	0.369939	0.433023	0.521888	0.626029	0.744862	0.921668	1.06626	1.20541	1.21558	1.21384	1.18231	1.16955	1.18981	1.15919	1.12106	1.09584	1.1289	1.24474	1.34343	1.35679	1.34664	1.25523	1.16282	1.02435	0.799577	0.471467	0.195683	-0.0301729	-0.168992	-0.408054	-0.445926	-0.396475	-0.13474	0.124442	0.417578	0.477444	0.536951	0.523432	0.483917	0.413475	0.140235	0.0979116	0.269682	0.398249	0.447206	0.270792	0.127867	0.0145661	-0.0886316	-0.255844	-0.38548	-0.436488	-0.454706	-0.446908	-0.398895	-0.323785	-0.211191	-0.0433135	0.169584	0.433713	0.721275	1.04487	1.37123	1.70792	1.94356	2.01344	1.94337
0	20	19.8418	19.1804	18.5331	17.7293	16.7059	15.7344	14.8055	13.9199	13.0552	12.2857	11.786	11.2427	10.6887	10.1153	9.55897	8.99814	8.60381	8.32582	8.2225	8.0096	7.79887	7.60653	7.28545	6.74806	5.28461	4.51519	4.41369	4.13161	3.91329	3.774	3.66322	3.56189	3.44534	3.28663	3.04432	2.74681	2.3014	1.86737	1.49746	1.16627	0.719671	0.47042	0.291744	0.188811	0.12406	0.125564	0.185024	0.373252	0.634129	0.930497	1.17304	1.37853	1.38185	1.29575	1.13428	0.723604	0.531746	0.288602	0.0539053	-0.128188	-0.295168	-0.488748	-0.615047	-0.617193	-0.551892	-0.440155	-0.222716	-0.00690382	0.196994	0.263172	0.206241	0.131927	-0.0224712	-0.171763	-0.18857	-0.161471	-0.107035	-0.0368035	0.0208663	0.113525	0.237128	0.364362	0.51902	0.673748	0.843447	1.01785	1.19995	1.38656	1.54053	1.70278	1.74595	1.94056	2.18065	2.43392	2.59282	2.71052	2.80874	2.88817	2.96432	3.02607	3.07942	3.1348	3.17712	3.12341	3.03246	2.94087	2.89582	2.83428	2.79511	2.83034	2.96762	3.16463	3.30803	3.39151	3.43537	3.45951	3.58426	3.7156	3.838	3.94753	3.9828	3.80787	3.75838	3.55529	3.55921	3.63962	3.88213	4.111	4.25913	4.53027	4.77218	4.96612	5.14986	5.13516	4.85198	4.94063	5.03972	5.12938	5.22572	5.31343	5.41055	5.53752	5.65659	5.79127	5.94313	6.12452	6.55088	6.74224	6.87906	6.99203	7.09038	7.14698	7.19059	7.22853	7.42555	7.65669	7.95495	8.27766	8.64502	9.06276	9.48269	9.95674	10.4264	10.9778	11.3074	11.7593	12.3612	12.5195	12.4595	12.0611	11.8473	12.1754	12.5462	12.8391	13.0963	13.2135	13.2957	13.4424	13.4948	13.3209	13.0329	12.7722	12.7481	12.7821	12.7344	11.9246	11.5436	11.8549	12.0512	12.0683	12.0668	11.9686	11.9198	11.8745	11.9641	11.851	11.6935	11.501	11.2629	11.0436	10.8879	10.7733	10.7522	10.7975	10.8518	10.9738	11.1024	11.2217	11.3348	11.429	11.5003	11.5517	11.5513	11.542	11.4661	11.308	11.1543	11.0296	10.962	10.8636	10.7619	10.7556	10.7843	10.7887	10.6483	10.4321	10.1934	9.95397	9.69011	9.43664	9.16558	8.90068	8.62807	8.35895	8.07311	7.77474	7.5001	7.22558	6.98185	6.80374	6.85762	6.92046	6.97375	6.86605	6.69462	6.55223	6.38596	6.21064	6.04157	5.97995	5.75573	5.45028	5.18538	4.97821	4.85695	4.80372	4.90514	4.8705	4.82744	4.73712	4.63531	4.50501	4.38473	4.24556	4.24944	4.25202	4.17179	4.06465	3.926	3.81578	3.72782	3.62489	3.48456	3.27815	2.99253	2.69702	2.40116	2.05797	1.74425	1.45707	1.26099	1.14379	1.08875	1.11347	1.18007	1.2755	1.42118	1.60819	1.80387	1.95038	2.02724	1.99198	1.88167	1.73706	1.62384	1.47908	1.32339	1.11792	0.947132	0.75589	0.584994	0.345869	0.111319	-0.132615	-0.319953	-0.414208	-0.443626	-0.456818	-0.467861	-0.45958	-0.520181	-0.577595	-0.624954	-0.686823	-0.684756	-0.605676	-0.463508	-0.275584	-0.0258363	0.212432	0.30924	0.222706	0.209738	0.243042	0.297372	0.377751	0.474791	0.564909	0.57508	0.407436	0.421223	0.48708	0.588302	0.728509	0.88177	1.02659	1.12996	1.20568	1.10169	0.965006	0.849219	0.609707	0.39125	0.225214	0.274308	0.487415	0.834752	1.40091	1.59481	1.84882	2.18813	2.57754	2.89633	3.22245	3.56554	3.88962	4.19907	4.46231	4.66386	4.76491	4.93532	5.15331	5.41473	5.6804	5.99419	6.3097	6.6222	6.99931	7.55048	8.25086	9.02144	9.83532	10.6625	11.512	12.5216	13.5826	14.5792	15.562	16.3866	17.1644	17.926	18.6682	19.3643	20.0863	20.824	21.5509	22.2817	23.0221	23.7959	24.5773	25.3667	26.379	27.1852	28.0606	28.8386	29.5942	30.1854	30.7467	31.2609	31.83	32.4194	32.9978	33.5354	34.0297	34.3997	34.6596	34.7644	34.8694	34.9068	34.945	35.021	35.0453	34.9629	34.7389	34.4403	34.0848	33.6998	33.3014	32.8877	32.4802	32.0346	31.581	31.0633	30.4442	29.8364	29.2178	28.5895	27.9281	27.2362	26.5246	25.7897	25.0349	24.2722	23.5034	22.7441	21.9257	21.1119	20.3882	19.7168	19.0541	18.4659	17.9699	17.5404	17.1922	16.9326	16.7109	16.4631	16.1266	15.704	15.1466	14.595	14.0813	13.4091	12.8809	12.2916	11.7493	11.2257	10.7952	10.4037	10.0114	9.60648	9.22033	8.88496	8.57453	8.33672	8.13062	7.88527	7.63113	7.42218	7.26004	7.17039	7.12528	7.13547	7.19081	7.31115	7.47982	7.72241	8.00475	8.32351	8.59763	8.83167	9.04029	9.21206	9.23041	9.13694	9.27969	8.98612	8.6109	8.31746	8.06943	8.00812	8.08923	8.44133	9.08875	9.95935	11.2103	12.8848	15.0948	17.8938	21.4547	25.8736	31.7412	38.6944	45.7367	54.7424	62.4451	64.423	57.0452	48.9815	40.2166	33.7762	28.1891	22.7188	18.2928	14.6342	11.0926	8.66302	7.12536	6.088	5.42124	4.96614	4.229	3.84387	3.54871	3.35995	3.23941	2.97857	2.53212	2.40689	2.24796	2.09226	1.85848	1.61448	1.34615	1.07885	0.795652	0.621715	0.493891	0.4569	0.426933	0.404202	0.410212	0.395963	0.375951	0.323591	0.252367	0.188514	0.130032	0.0741573	0.0114287	-0.0505256	-0.107802	-0.161231	-0.213357	-0.208992	-0.240341	-0.237807	-0.226898	-0.173408	-0.0924853	-0.0446789	-0.012507	-0.00441991	-0.0174081	-0.172243	-0.356166	-0.494775	-0.529657	-0.501496	-0.475238	-0.425947	-0.389306	-0.336494	-0.308449	-0.26572	-0.237933	-0.195822	-0.179623	-0.168199	-0.102701	-0.00582518	0.0954321	0.152335	0.186154	0.253321	0.424317	0.422845	0.41696	0.424456	0.439116	0.434542	0.444917	0.438043	0.442791	0.461206	0.53823	1.11342	1.19098	1.30479	1.48144	1.59093	1.65204	1.67388	1.64878	1.59102	1.50314	1.39393	1.2588	1.10118	0.93109	0.754723	0.58041	0.366129	0.172678	0.0426238	-0.120547	-0.24206	-0.297513	-0.300064	-0.19191	-0.0822818	0.0454119	0.225168	0.415953	0.588494	0.756848	0.916266	0.974968	1.0324	1.08928	1.13003	1.17257	1.21178	1.13537	1.05651	0.954222	0.885102	0.822615	0.779759	0.732025	0.712775	0.707768	0.728774	0.766973	0.806571	0.857501	0.913545	0.970228	1.03327	1.07233	1.11874	1.11266	1.09092	1.07443	1.02412	0.936211	0.846263	0.778484	0.799352	0.891475	1.04618	1.23389	1.52036	1.75396	1.9636	2.12564	2.23258	2.20468	2.25673	2.22156	2.00309	1.70346	1.31041	0.868277	0.41519	-0.0549235	-0.435387	-0.752879	-0.725442	-0.49703	-0.558583	-0.562818	-0.480718	-0.338522	-0.252677	-0.103361	0.0543128	0.236192	0.433325	0.623963	0.791675	0.981079	1.12031	1.2339	1.25009	1.16019	1.0305	0.864379	0.667355	0.44731	0.243025	0.0769413	-0.0296215	-0.139602	-0.337249	-0.487023	-0.50667	-0.492812	-0.456303	-0.381846	-0.304715	-0.237508	-0.222624	-0.434459	-0.644323	-0.831325	-0.991505	-1.07362	-1.07927	-1.05746	-0.985985	-0.879054	-0.745236	-0.589602	-0.383759	-0.0559829	0.186079	0.349625	0.446402	0.484848	0.447859	0.251106	0.242712	0.229396	0.189604	0.147693	0.108234	0.107268	0.122072	0.168066	0.242272	0.300882	0.376209	0.441317	0.592154	0.683855	0.727574	0.706353	0.695047	0.667114	0.629301	0.577542	0.537539	0.49763	0.444308	0.397135	0.351539	0.332554	0.339749	0.410179	0.475734	0.476195	0.488261	0.528465	0.561917	0.637603	0.608211	0.624441	0.577184	0.519238	0.467443	0.442314	0.435402	0.469318	0.477301	0.522754	0.62196	0.734018	0.91441	1.09697	1.28721	1.44228	1.58191	1.6874	1.97923	1.80038	1.51105	1.09269	0.524097	0.310911	0.154532	0.0325868	0.0137177	0.0869086	0.223256	0.906989	1.19655	1.40646	1.57934	1.61438	1.59949	1.61735	1.63291	1.65334	1.69093	1.75721	1.81994	1.91764	2.01276	2.10659	2.20115	2.28223	2.38183	2.49736	2.64208	2.74481	2.85118	2.94404	3.03558	3.09883	3.1475	3.18958	3.2736	3.46555	3.6512	3.85674	4.00567	4.25621	4.53021	4.80615	5.1173	5.45225	5.80134	6.15318	6.48108	6.79679	7.12489	7.5891	7.90025	8.13177	8.42353	8.78322	9.24577	9.77117	10.3307	10.9297	11.4398	11.9116	11.5915	11.8712	12.1011	12.2767	12.3781	12.4565	12.5044	12.5517	12.7182	12.9548	12.8892	13.0135	13.2674	13.647	14.228	14.7369	15.0722	15.2809	15.3871	15.342	14.9203	14.6349	14.5135	14.5766	14.6787	14.8785	15.1051	15.3351	15.5807	15.5768	15.4378	15.05	14.4974	13.8517	13.1433	12.3126	11.4526	10.6217	9.85336	9.13371	8.44353	7.8856	7.49292	7.29522	7.35272	7.35129	7.37934	7.44326	7.5442	7.64945	7.79933	7.92534	8.01251	8.069	8.09552	8.02795	7.85261	7.55526	7.0514	6.46479	5.91132	5.33552	4.7631	4.17674	3.59275	3.01844	2.41166	1.86076	1.38051	1.03498	0.78972	0.502398	0.261507	0.0855922	-0.091169	-0.260175	-0.377262	-0.43801	-0.464254	-0.445045	-0.460073	-0.447618	-0.512017	-0.563807	-0.620263	-0.766883	-0.904547	-1.00479	-0.89672	-0.659505	-0.435558	-0.218581	0.0261148	0.273243	0.539118	0.847253	1.13827	1.35695	1.45783	1.45051	1.33298	1.19319	1.02609	0.825089	0.637521	0.489944	0.362203	0.368842	0.408242	0.495376	0.59121	0.753193	0.920094	1.05479	1.17702	1.17727	1.1083	0.975609	0.81934	0.663905	0.55559	0.4761	0.446388	0.447468	0.479079	0.599449	0.751229	0.969604	1.19586	1.40555	1.59237	1.74336	1.75162	1.74677	1.73198	1.70598	1.67412	1.6436	1.60623	1.56878	1.5205	1.46758	1.42156	1.37705	1.36797	1.3968	1.59577	1.51677	1.31172	1.0847	0.862213	0.658477	0.485656	0.305038	0.127215	-0.0408572	-0.198436	-0.0773336	-0.142416	-0.220616	-0.29754	-0.356075	-0.406077	-0.430245	-0.42968	-0.295559	-0.185138	-0.02996	0.175861	0.422604	0.729431	1.09669	1.44864	1.46477	1.45504	1.72849
20	-20	33.3714	32.2779	31.2171	30.135	29.1264	28.1204	27.1329	26.1613	25.2104	24.2746	23.3497	22.4333	21.5375	20.6491	19.7696	18.8543	17.9523	17.0755	16.2248	15.3928	14.6423	14.0075	13.4162	12.9137	12.5064	12.2003	11.9156	11.6387	11.3327	10.9351	10.5644	10.0733	9.51998	8.89131	8.24852	7.61681	7.00704	6.52041	6.04423	5.6646	5.35872	5.09018	4.86451	4.67864	4.4896	4.3097	4.09226	3.84688	3.55016	3.09942	2.57294	2.22613	1.9755	1.85149	1.91874	1.67302	1.35172	0.987593	0.662991	0.304867	-0.0330118	0.141012	0.206955	0.182728	0.0742162	-0.151882	-0.0890258	0.00509405	0.0860025	0.106496	0.062671	-0.0147366	-0.0964637	-0.184117	-0.241988	-0.303358	-0.381406	-0.432783	-0.487799	-0.542646	-0.564656	-0.549545	-0.49655	-0.363009	-0.196708	0.0353358	0.274031	0.42641	0.454151	0.487175	0.476204	0.474073	0.46081	0.46305	0.364892	0.254335	0.166474	0.0608347	-0.0260159	-0.122433	-0.159638	-0.162921	-0.139062	-0.0493392	0.0413496	0.13411	0.22851	0.325732	0.443034	0.567964	0.689523	0.788156	0.85609	0.908213	0.936024	0.921194	0.899972	0.839159	0.775489	0.706784	0.630489	0.551977	0.52479	0.559705	0.627193	0.711314	0.808876	0.954422	1.10217	1.27046	1.32007	1.31938	1.35359	1.35384	1.35633	1.37835	1.40305	1.42401	1.45667	1.52206	1.64377	1.81334	2.00866	2.24479	2.4891	2.7008	2.97231	3.21499	3.4247	3.54154	3.59498	3.66159	3.71963	3.75978	3.80002	3.78923	3.69978	3.63787	3.62175	3.79206	3.98688	4.20643	4.44226	4.6685	4.8945	5.12705	5.3575	5.61186	5.84027	6.13444	6.46459	6.73343	6.96386	7.1514	7.2905	7.40326	7.56864	7.70899	7.7733	7.55411	7.45203	7.3834	7.29368	7.22145	7.21647	7.19011	7.17923	7.22795	7.29445	7.338	7.24719	7.08486	6.85489	6.59812	6.58841	6.6571	6.66669	6.63595	6.58773	6.52115	6.54296	6.87706	7.40791	7.76228	8.1364	8.46741	8.74824	8.85605	8.92096	8.93833	8.92239	8.97565	9.02207	9.07676	9.13668	9.14032	9.11175	9.03972	8.92466	8.7944	8.64668	8.48098	8.29662	8.09859	7.89526	7.67946	7.45071	7.1941	6.90891	6.62235	6.29638	6.07815	5.83928	5.63261	5.4098	5.23508	5.00763	4.72656	4.36727	4.21403	4.17849	4.25917	4.4132	4.63051	4.9395	5.01013	4.99798	4.91416	4.76278	4.55208	4.28729	4.06393	3.80729	3.54695	3.17018	3.03677	2.81946	2.60687	2.44392	2.347	2.31367	2.32307	2.37406	2.4834	2.60417	2.73493	2.82669	3.04484	3.23198	3.43687	3.61693	3.73879	3.78289	3.73929	3.62357	3.44456	3.19165	2.82605	2.59672	2.41767	2.23516	2.13368	2.00283	1.92215	1.91196	1.97216	1.94838	1.84131	1.71544	1.63014	1.51475	1.38951	1.19251	0.974896	0.763799	0.557525	0.3512	0.178128	0.0165998	-0.0921073	-0.153712	-0.168718	-0.160555	-0.0724285	0.00886093	0.1404	0.216346	0.279224	0.348733	0.39877	0.426135	0.440146	0.455589	0.444884	0.41175	0.353214	0.294081	0.148597	-0.0694918	-0.362543	-0.519538	-0.655917	-0.757779	-0.889356	-1.06899	-0.986966	-0.841676	-0.594659	-0.282119	0.157412	0.503561	0.643268	0.73236	0.783111	0.811606	0.915394	1.00083	1.05583	1.07379	1.11159	1.0288	1.16727	1.34017	1.52806	1.67665	2.07985	2.24914	2.33878	2.41052	2.48558	2.54376	2.60555	2.66168	2.73077	2.79621	2.90357	3.02738	3.18149	3.36567	3.57752	3.8603	4.12433	4.41442	4.6516	4.78539	4.9761	5.32715	5.82071	6.49841	7.19919	7.86786	8.4437	8.96361	9.4785	9.85606	11.1927	12.2753	12.9074	13.4664	13.975	14.2358	15.3065	16.3036	17.4732	18.2686	18.9557	19.4813	20.0236	20.595	21.2229	21.892	22.6044	23.3922	24.196	25.0603	25.9143	26.7582	27.4938	28.1632	29.2172	29.8164	30.2234	30.4102	30.4215	30.3288	30.1358	29.9925	30.2162	30.2309	30.2526	30.2013	30.0796	29.863	29.6322	29.3465	29.0053	28.6442	28.182	27.6466	27.081	26.4745	25.8562	25.3013	24.7042	24.1393	23.6384	23.3937	23.1458	22.8857	22.5715	22.2529	21.9383	21.6431	21.342	21.0202	20.6648	20.2645	19.8904	19.4617	19.001	18.4352	17.9845	17.403	16.7786	16.1387	15.4979	14.8318	14.1631	13.4848	12.787	12.1032	11.4331	10.7786	10.1467	9.57006	9.12386	8.80764	8.49654	8.26275	8.11201	7.99417	7.8813	7.69297	7.5321	7.40999	7.3387	7.20051	7.04556	6.9069	6.74957	6.52176	6.3608	6.29109	6.25331	6.28902	6.41481	6.56158	6.76402	6.98727	7.22307	7.43523	7.59791	7.67874	7.66765	7.56633	7.25072	6.83582	6.36981	5.9086	5.62987	5.51266	5.68571	6.00935	6.56651	7.32507	8.3274	9.60684	11.211	13.1961	15.4281	18.1291	21.3917	24.8316	28.303	31.8853	35.0187	37.6242	38.9051	30.5853	24.3594	18.8427	14.7915	11.4889	9.17617	7.98478	7.04712	6.09247	4.80269	4.06903	3.47272	2.97984	2.58395	2.27195	2.04703	1.94505	1.86938	1.75807	1.43621	1.32018	1.4074	1.8654	2.16847	1.28061	1.09842	0.93813	0.798917	0.675769	0.569342	0.470085	0.392693	0.370531	0.373159	0.422609	0.508409	0.618381	0.723101	0.78836	0.755306	0.684779	0.59287	0.540489	0.483711	0.434052	0.472449	0.476227	0.451211	0.415419	0.36052	0.147904	-0.0866248	-0.228471	-0.275734	-0.265164	-0.260142	-0.260898	-0.220112	-0.150668	-0.0790879	0.0372646	0.157033	0.245954	0.41014	0.513475	0.556028	0.477495	0.276487	0.0475908	-0.129563	-0.27649	-0.36532	-0.402969	-0.435084	-0.446972	-0.442645	-0.420214	-0.386385	-0.337745	-0.264755	-0.199914	-0.124486	-0.0200986	0.100339	0.128022	-0.0186028	-0.148355	-0.241407	-0.299333	-0.329506	-0.371967	-0.404933	-0.408001	-0.310372	-0.141469	0.0969478	0.491876	0.672102	0.856971	1.06414	1.26857	1.51957	1.73629	1.89175	1.97512	1.99671	1.98715	1.89556	1.83822	1.72858	1.59456	1.37958	1.13687	0.839794	0.552581	0.289893	0.044329	-0.0173162	-0.0214062	0.264024	0.248617	0.322936	0.133034	-0.0885367	-0.349133	-0.240514	-0.110238	0.0524418	0.247801	0.450078	0.636028	0.675968	0.194603	-0.0495509	-0.200369	-0.249916	-0.185228	-0.068152	0.0742187	0.227677	0.395051	0.555688	0.707283	0.812668	0.884497	1.02152	1.22233	1.39851	1.52956	1.54363	1.49894	1.41294	1.30298	1.1777	1.06585	1.03652	1.01751	1.04872	1.03871	0.998701	0.947795	0.942262	0.993872	1.07442	1.23872	1.76956	1.71516	1.39973	0.703229	0.3146	0.090889	-0.0813019	-0.216746	-0.314239	-0.378625	-0.41814	-0.358355	-0.247817	-0.105043	0.0616544	0.340976	0.623633	0.88731	1.03984	1.07229	1.0177	0.887527	0.718822	0.614981	0.525649	0.476491	0.273432	-0.00477983	-0.20928	-0.297893	-0.284225	-0.200378	-0.0744475	0.0461949	0.23134	0.400833	0.360883	0.229796	0.065181	-0.0924873	-0.212097	-0.334382	-0.459715	-0.872834	-1.04797	-1.14257	-1.16339	-1.11549	-1.02756	-0.85774	-0.643299	-0.39342	-0.200175	-0.0606245	0.0435537	0.102085	-0.131496	-0.061373	0.00234141	0.0320273	0.0519835	0.072763	0.0813858	0.0682814	0.0220698	0.00921378	0.0379023	0.107819	0.209593	0.328288	0.456589	0.604101	0.789494	0.988963	1.13231	1.24205	1.34011	1.39685	1.49299	1.57637	1.6589	1.7586	1.80832	1.83268	1.82191	1.78993	1.73254	1.63667	1.56533	1.44483	1.31436	1.13796	0.806786	0.655532	0.568317	0.576985	0.662325	0.854368	1.04734	1.17861	1.24579	1.2132	1.06463	0.738956	0.468856	0.105688	0.100586	0.257188	0.345107	0.369742	0.302829	0.261656	0.240053	0.216351	0.330588	0.477809	0.574692	0.617181	0.689118	0.777073	0.786211	0.772124	0.756916	0.759781	0.773891	0.832568	0.927902	0.913763	0.953962	1.04614	1.18788	1.32831	1.49019	1.67486	1.86188	2.08569	2.31679	2.61838	2.86684	3.00688	3.09643	3.10438	3.07151	3.05257	2.97906	2.89713	2.80934	2.88743	3.0472	3.25715	3.53964	3.81209	4.08832	4.27838	4.44506	4.57998	4.69414	4.78148	4.85676	4.91158	4.94486	5.01596	5.07772	5.18335	5.27684	5.42518	5.63595	5.93101	6.26457	6.65514	7.08871	7.50729	7.82316	8.05436	8.3313	8.66663	9.08307	9.48782	9.83688	10.1269	10.3481	10.5971	10.8211	11.0135	11.1102	11.1071	11.2271	11.2967	11.2538	11.0698	10.86	10.7056	10.575	10.4602	10.3606	10.3602	10.5963	10.8753	11.2367	11.6259	12.0325	12.3565	12.7199	12.8634	12.8652	12.7337	12.458	12.0308	11.4642	10.6593	9.72238	8.96575	8.27985	7.79232	7.40004	7.11077	6.89842	6.74373	6.68268	6.62358	6.59229	6.47294	6.35815	6.28986	6.23364	6.25905	6.45029	6.62209	6.76574	6.79019	6.75963	6.59921	6.36638	6.10668	5.77639	5.46626	5.09548	4.6546	4.16246	3.63275	3.07945	2.54067	2.00481	1.56531	1.19353	0.866436	0.566953	0.372226	0.185978	0.01068	-0.132268	-0.252893	-0.362388	-0.398792	-0.435002	-0.461808	-0.557369	-0.672497	-0.826454	-0.956987	-1.01487	-0.954519	-0.713444	-0.470737	-0.231739	-0.0138804	0.236692	0.586759	0.916211	1.12233	1.27896	1.31419	1.27084	1.21239	1.11565	0.910939	0.683838	0.48904	0.33321	0.229986	0.151191	0.113623	0.453825	0.389372	0.29663	0.0871829	-0.0164294	0.0306392	0.219624	0.577483	1.03465	1.64027	1.96938	1.76006	1.79596	1.8243	1.85776	1.8573	1.8321	1.77925	1.60627	1.44098	1.26438	1.11147	0.983527	0.883781	0.817446	0.778991	0.810102	0.765999	0.782708	0.875639	1.00423	1.15334	1.26806	1.38185	1.48719	1.56361	1.52778	1.38622	1.115	0.819711	0.555301	0.318716	0.114614	-0.182939	-0.404418	-0.517016	-0.540246	-0.495633	-0.368272	-0.163321	0.0982131	0.427041	0.625226	0.786462	0.912684	1.06347	1.02392	0.83183	0.726341	0.617422	0.494548	0.337168	0.138369	-0.0733688	-0.350014	-0.515463	-0.609753	-0.529593	0.784678
20	0	24.9899	24.0285	23.0995	22.2484	21.4368	20.5845	19.7108	18.6962	17.9204	17.225	16.5879	15.9852	15.4235	14.8951	14.3967	13.9194	13.4541	12.9953	12.5489	12.1238	11.6898	11.2917	10.8835	10.4682	9.96996	9.37949	8.81426	8.26643	7.7883	7.34541	6.93308	6.5439	6.17062	5.79623	5.43807	5.08257	4.71518	4.40074	4.18016	4.08453	4.1383	4.2939	4.61621	4.70077	4.61579	4.46432	4.29858	4.07724	3.75917	3.34928	2.85412	2.58605	2.23101	1.86668	1.53191	1.22346	0.980859	0.907817	0.800847	0.68651	0.538557	0.43922	0.31614	0.211109	0.0868849	-0.0113204	-0.0867165	-0.187112	-0.221072	-0.24174	-0.240149	-0.217341	-0.190483	-0.128748	-0.0981564	-0.0378136	0.00164377	0.106569	0.233188	0.344568	0.44538	0.5335	0.593608	0.573096	0.554402	0.496213	0.237861	0.0997717	0.0342243	0.00570662	0.0461347	0.146194	0.234127	0.290246	0.401582	0.554659	0.681753	0.794054	0.814571	0.678619	0.432989	0.214261	-0.00290005	-0.193724	-0.326252	-0.438353	-0.378129	-0.250838	-0.0575625	0.0855337	0.227562	0.414698	0.584451	0.742591	0.850398	0.925421	0.932356	0.856301	0.753215	0.6463	0.596645	0.564501	0.522867	0.488523	0.477279	0.465558	0.476626	0.49226	0.41669	0.338651	0.30399	0.317535	0.382575	0.478953	0.634866	0.755532	0.799273	0.861165	0.902086	1.02387	1.17823	1.38184	1.5863	1.75899	1.95677	2.14256	2.3154	2.46918	2.56315	2.63112	2.67745	2.66652	2.63465	2.66571	2.66645	2.67205	2.62389	2.54003	2.50513	2.51879	2.65435	2.76381	2.89849	3.06561	3.27107	3.5175	3.90624	4.38117	4.86275	5.36501	5.8731	6.32726	6.72616	7.10719	7.31801	7.45594	7.5217	7.52824	7.44517	7.34424	7.18344	6.98438	6.82005	6.64532	6.56413	6.48196	6.44332	6.42083	6.44739	6.49856	6.58547	6.67996	6.75239	6.80655	6.70562	6.59944	6.43939	6.19734	5.93477	5.68247	5.44081	5.217	5.10221	5.05907	5.08837	5.15964	5.25487	5.38453	5.56258	5.75345	5.92688	6.0881	6.13115	6.17425	6.18013	6.12672	6.04678	5.94332	5.80782	5.65723	5.51776	5.35634	5.27848	5.18416	5.10144	5.01612	4.92615	4.83856	4.7678	4.68508	4.56743	4.44154	4.27557	4.15023	3.99515	3.87075	3.67834	3.4859	3.24951	3.01959	2.80527	2.62069	2.49326	2.40614	2.34816	2.31608	2.30544	2.30371	2.31875	2.36644	2.43256	2.49669	2.53266	2.59797	2.57509	2.45191	2.32586	2.19756	2.0587	1.94159	1.89285	1.82849	1.81341	1.77262	1.75955	1.75632	1.78144	1.81872	1.90618	2.11166	2.33693	2.55656	2.7534	2.88318	2.92499	2.92316	2.85124	2.68331	2.44666	2.18668	1.86757	1.52291	1.20173	0.879693	0.57109	0.303045	0.0593108	-0.103398	-0.0920834	-0.0307492	0.0910409	0.148982	0.235146	0.308458	0.322808	0.244496	0.166093	0.0843607	0.00936974	-0.0628344	-0.0714183	-0.0740908	-0.0494378	-0.0105305	0.0591261	0.152698	0.288628	0.460152	0.622108	0.795749	0.885372	0.913134	0.908438	0.854956	0.761472	0.577692	0.386924	0.210495	0.047349	-0.0870965	-0.251588	-0.372071	-0.470782	-0.52309	-0.525375	-0.462129	-0.340125	-0.155513	0.050742	0.340771	0.539695	0.697234	0.816807	0.979179	1.07643	1.15136	1.16831	1.27723	1.35894	1.49435	1.55272	1.66826	1.83104	1.99429	2.22057	2.45002	2.72959	3.01542	3.29993	3.59751	3.90408	4.26615	4.51509	4.75812	4.9591	5.07185	5.13776	5.27916	5.42952	5.36729	5.38323	5.52323	5.75652	6.11003	6.56744	7.06508	7.60279	8.13506	8.68075	9.19958	9.73128	10.2277	10.6328	10.9162	11.2332	11.5513	11.9586	12.4339	12.9957	13.6594	14.3829	15.1888	16.0311	16.9169	17.7973	18.7149	19.662	20.645	21.609	22.5438	23.4693	24.2707	24.9415	25.5357	26.0737	26.5652	27.0249	27.4583	27.8554	28.2438	28.4976	28.6015	28.7707	28.9392	29.0775	29.3224	29.5622	29.7008	29.744	29.762	29.7347	29.6189	29.4901	29.3416	29.1601	28.9413	28.7038	28.4429	28.1376	27.8107	27.4611	27.0785	26.669	26.2153	25.7483	25.2967	24.7541	24.1659	23.5285	22.7516	22.0858	21.7061	21.4677	21.3796	21.0639	20.6713	20.188	19.6673	19.0699	18.324	17.236	16.4214	15.7054	15.0868	14.5835	14.1239	13.6291	13.0935	12.5993	12.1291	11.7687	11.3813	11.0008	10.6419	10.3254	10.0402	9.81007	9.57045	9.42856	9.30811	9.19103	9.06637	8.93338	8.70695	8.49836	8.27457	8.08324	7.80852	7.54258	7.2828	7.05708	6.85899	6.81633	7.0673	7.35608	7.57845	7.81177	8.02618	8.17012	8.3176	8.4483	8.62371	8.78868	8.96051	9.15077	9.31311	8.8843	8.31542	7.73441	7.19381	6.73784	6.37199	6.09209	5.95806	6.02681	6.50658	7.3909	8.5928	10.5478	13.04	16.2773	19.7727	23.4534	27.0595	30.4854	33.2448	33.259	29.9494	26.0664	22.2968	18.095	14.9137	12.3605	10.0958	7.58079	6.95376	5.62327	4.61737	3.83835	3.2341	2.84758	2.52807	2.26467	2.05428	1.97601	1.94194	1.89245	1.84437	1.79603	1.68731	1.60385	1.53148	1.45605	1.41217	1.36702	1.35917	1.32243	1.35949	1.39775	1.41857	1.42044	1.25789	1.06176	0.879412	0.740733	0.610776	0.487836	0.368778	0.286467	0.232785	0.204198	0.260745	0.379151	0.578159	0.821805	1.02259	1.17173	1.26015	1.27885	1.2333	1.13893	0.989622	0.787609	0.581031	0.33472	0.0948847	-0.155096	-0.321109	-0.416581	-0.468883	-0.497159	-0.469158	-0.412212	-0.341202	-0.227479	-0.149111	-0.093463	-0.0243091	-0.0173566	-0.00336549	0.00794133	0.0150686	0.0100391	0.0201773	0.0212382	0.0301296	0.0307348	0.0632835	0.0734607	0.096192	0.0925162	0.0575242	0.0173336	-0.083898	-0.16672	-0.205634	-0.141623	-0.108686	-0.0370815	0.0402284	0.11212	0.186983	0.228689	0.289057	0.322448	0.374923	0.390628	0.375172	0.361097	0.335084	0.315528	0.290217	0.259852	0.228623	0.203984	0.189127	0.169916	0.151789	0.129148	0.106233	0.110731	0.12759	0.227869	0.348049	0.493162	0.56627	0.615602	0.563206	0.467024	0.32776	0.230863	0.0782343	-0.0305887	-0.120353	-0.115412	-0.094767	-0.0460494	0.0464212	0.145811	0.216705	0.291492	0.386528	0.373134	0.325646	0.270601	0.169802	0.0437173	-0.0929393	-0.194962	-0.32148	-0.404619	-0.447425	-0.437979	-0.268274	-0.131129	0.0238323	0.212349	0.445797	0.692884	0.935079	1.08461	1.18835	1.1887	0.939368	0.649974	0.365208	0.165533	-0.0323703	-0.198153	-0.305038	-0.322925	-0.297043	-0.239693	-0.13959	-0.0594844	0.0610002	0.189363	0.296269	0.386262	0.497167	0.546394	0.583625	0.60891	0.601496	0.596665	0.628913	0.578595	0.516253	0.49544	0.510546	0.537184	0.55959	0.580925	0.652276	0.67719	0.677859	0.637521	0.556189	0.454788	0.326884	0.211531	0.102935	0.000483989	-0.0640755	-0.11749	-0.146404	-0.149815	-0.133077	-0.0708547	0.0178958	0.0295783	0.0639151	0.0966172	0.10694	0.075625	0.0406669	-0.0118062	-0.0575836	-0.101604	-0.148141	-0.178761	-0.209601	-0.235399	-0.25242	-0.237201	-0.222276	-0.191201	-0.151987	-0.0876959	-0.0105513	0.0824416	0.0880647	0.0541026	-0.171399	-0.227697	-0.195681	-0.0942074	0.0557422	0.37198	0.713942	0.916072	1.08231	1.18742	1.27838	1.29339	1.17336	0.794068	0.490254	0.236163	0.0318757	-0.0864666	-0.0943631	0.0589479	0.384547	0.677752	0.8641	1.04462	1.21022	1.39083	1.48123	1.56159	1.62466	1.68007	1.74637	1.77938	1.83993	1.90096	1.94181	1.98398	2.02874	2.06313	2.13616	2.22945	2.37142	2.49152	2.59561	2.64216	2.59613	2.46549	2.32613	2.15001	1.92998	1.70785	1.45634	1.21154	1.17801	1.64183	2.25947	2.17179	2.06747	1.93634	1.79577	1.64313	1.47998	1.35242	1.29612	1.42923	1.56964	1.75207	1.94202	2.07236	1.9197	1.71791	1.63227	1.62978	1.65769	1.72967	1.79722	1.86263	1.87316	1.81586	1.77991	1.78351	1.83093	1.91955	2.08732	2.28692	2.50462	2.61859	2.73974	2.87941	3.04504	3.23901	3.50108	3.81777	4.16235	4.51716	4.88904	5.24593	5.58002	5.91212	6.23998	6.56034	6.89628	7.24952	7.57311	7.87856	7.99794	8.00733	8.02327	8.0743	8.14674	8.22263	8.35103	8.51615	8.62499	8.74922	8.88947	9.05787	9.24517	9.4599	9.72326	9.95234	10.1381	10.3323	10.4771	10.6195	10.7631	10.9606	11.1741	11.4067	11.5997	11.7887	11.9607	12.0542	12.1227	12.1918	12.2976	12.4492	12.6955	12.9892	13.3034	13.6255	13.8875	14.0384	14.1809	14.2358	14.1192	13.8446	13.3132	12.6369	11.9749	11.1789	10.3681	9.56389	8.75636	8.04899	7.45918	6.95275	6.59089	6.42537	6.38564	6.45018	6.71137	7.0183	7.3724	7.70052	7.99788	8.248	8.45167	8.62743	8.74224	8.74363	8.6461	8.45849	8.17096	7.77802	7.24898	6.67821	6.0199	5.32953	4.64285	4.05289	3.53211	3.10698	2.74763	2.40263	2.09458	1.77342	1.45037	1.18432	0.971001	0.782818	0.632599	0.531835	0.46607	0.408725	0.350125	0.28832	0.23361	0.163315	0.0925177	0.0241241	-0.0691575	-0.119117	-0.139199	-0.153309	-0.155846	-0.155611	-0.129002	-0.0816449	-0.0749348	-0.0418746	0.0154502	0.100084	0.206716	0.313435	0.40777	0.324582	0.164581	0.0052979	-0.166676	-0.321609	-0.389531	-0.357979	-0.295678	-0.193033	-0.0642902	0.0682703	0.209411	0.34303	0.478546	0.55932	0.636583	0.705456	0.737122	0.708419	0.667194	0.617633	0.560678	0.505405	0.463539	0.477409	0.426573	0.369567	0.413693	0.455577	0.504845	0.507398	0.537458	0.543768	0.574335	0.593172	0.596903	0.592746	0.58794	0.57602	0.53624	0.519071	0.478916	0.411583	0.274869	0.1471	0.000996683	-0.131043	-0.229591	-0.30187	-0.276991	-0.249843	-0.216162	-0.140671	-0.0547921	0.0439861	0.0896542	0.0994326	0.0957007	0.0897699	0.063518	0.0418582	0.0234431	0.0398727	0.0898173	0.212639	0.40897	0.677317	1.03161	1.42581	1.85301	2.34469	2.75634	3.14835	3.53515	3.81493	3.90217
20	20	22.7027	21.5504	20.9315	20.2929	19.6137	18.9602	18.2996	17.6021	16.8849	16.1563	15.3407	14.5236	13.729	12.9403	12.2633	11.6375	11.0422	10.4626	9.92626	9.45871	9.01786	8.47201	7.96831	7.4436	6.8914	6.34015	5.90868	5.81081	6.19851	4.70745	4.30919	3.93997	3.57967	3.25726	3.02404	2.84994	2.70085	2.57263	2.44802	2.13504	1.79551	1.26677	0.695474	0.260704	-0.248979	-0.234178	-0.113919	0.230363	1.8639	0.0586723	-0.97774	-1.02386	-0.814906	-0.859185	0.780428	-0.622368	0.525093	1.04307	1.66762	0.760851	1.19929	1.26522	1.26478	1.22744	1.15384	1.049	0.93152	0.856992	0.741378	0.652307	0.522447	0.38018	0.245869	0.163004	0.222266	0.326241	0.516027	0.72635	0.960026	1.14742	1.17894	1.01088	0.791611	0.532243	0.321588	0.0790105	-0.144757	-0.409542	-0.583471	-0.63851	-0.608496	-0.489473	-0.267546	0.0391303	0.54183	1.10828	1.71276	2.22477	2.6743	2.96657	3.14255	3.23256	3.26282	3.25571	3.25642	3.23962	3.21367	3.17001	3.11593	3.08931	3.07729	3.09183	3.10887	3.20151	3.30565	3.40102	3.55493	3.71689	3.879	4.02878	4.19395	4.31788	4.42176	4.56676	4.69466	4.81362	4.92836	5.02621	5.12484	5.22337	5.35249	5.47262	5.60208	5.73021	5.87211	6.09903	6.32968	6.50105	6.64342	6.71488	6.72596	6.7291	6.71479	6.70783	6.76263	6.72584	6.74914	6.81705	6.94538	7.12111	7.30547	7.54976	7.81622	8.10022	8.4429	8.81344	9.21986	9.65991	9.99493	10.3081	10.5673	10.7803	10.9575	11.1017	11.2712	11.4056	11.535	11.6561	11.7718	11.8909	11.9582	11.9906	11.9502	11.8664	11.761	11.6963	11.6608	11.6674	11.6628	11.7287	11.8447	11.974	12.1181	12.2749	12.4339	12.5659	12.7445	12.9344	13.0889	13.2088	13.3408	13.2769	13.1501	12.9898	12.8152	12.6256	12.4476	12.2898	12.1911	12.1215	12.0377	12.0185	12.0547	12.1346	12.2528	12.3926	12.5466	12.6896	12.8327	12.9175	12.9942	13.0773	13.1092	13.1497	13.1645	13.1588	13.1365	13.1	13.0473	12.9526	12.8671	12.7707	12.6522	12.539	12.3838	12.1998	11.933	11.6737	11.3428	10.9866	10.6596	10.3586	10.045	9.74519	9.48499	9.23951	8.98959	8.75558	8.5139	8.27147	8.03817	7.81654	7.60132	7.41054	7.25459	7.09927	6.88977	6.84894	6.87481	7.08011	7.31864	8.13641	8.84889	9.63419	9.62252	8.54794	7.77389	6.33045	5.82364	5.46975	5.39387	5.52773	5.64693	5.66218	5.61684	5.52767	5.4424	5.39524	5.35071	5.26345	5.17918	5.03091	4.85264	4.70031	4.55932	4.44408	4.41926	4.4073	4.50661	4.62004	4.72448	4.79608	4.81477	4.65344	4.41382	4.21421	4.03636	3.87131	3.7064	3.52658	3.35641	3.15956	2.97299	2.79143	2.61507	2.4349	2.30882	2.20375	2.11235	2.09078	2.01877	1.99134	1.99224	2.01269	2.05371	2.12527	2.31774	2.45767	2.5849	2.6719	2.6449	2.58754	2.50884	2.3768	2.21082	2.01068	1.78753	1.57534	1.36617	1.13852	0.922807	0.787095	0.649311	0.556314	0.451833	0.38368	0.333953	0.258859	0.104373	-0.19121	-0.405419	-0.517839	-0.576091	-0.524711	-0.456208	-0.387333	-0.286201	-0.133811	0.041535	0.285641	0.59315	0.936607	1.33032	1.75792	2.24824	2.74144	2.85447	2.83404	2.68348	2.47226	2.14914	1.83234	1.79154	1.89706	2.07169	2.20281	2.34294	2.56265	2.88552	3.41861	4.04719	4.79539	5.35689	5.80441	6.14693	6.40142	6.58421	6.76158	6.94628	7.22805	7.56219	7.94509	8.35258	8.82751	9.27406	9.71048	10.2656	10.9113	11.6616	12.4534	13.2423	14.0325	14.7652	15.4237	16.015	16.5825	17.0788	17.5894	18.0814	18.5651	19.1793	19.7261	20.2664	20.7492	21.2168	21.7126	22.2411	22.8542	23.5623	24.2738	24.9807	25.6446	26.2216	26.5093	26.7313	26.857	27.0164	27.1068	27.0854	26.821	26.3889	24.6103	25.4807	25.1707	24.8173	24.5142	24.2668	24.0372	23.8096	23.5758	23.3614	23.0913	22.7964	22.4976	22.1676	21.8327	21.4631	21.0512	20.6077	20.0576	19.4497	18.7939	18.1012	17.371	16.6398	15.9324	15.3033	14.7386	14.1915	13.7433	13.3408	13.038	12.745	12.3745	11.9696	11.5422	11.1139	10.6911	10.3113	9.93649	9.65895	9.37778	9.12967	8.95378	9.0133	9.04783	9.06406	9.05669	8.99763	8.91512	8.76651	8.57618	8.40759	8.19887	7.92676	7.52479	6.94939	6.34068	5.76948	5.20729	4.6793	4.20883	3.82146	3.64811	3.59122	3.76379	4.00701	4.31142	4.54889	4.84561	5.12765	5.44936	5.76557	6.37631	6.44784	6.38946	6.25842	6.05052	5.85236	5.7943	5.32934	4.78955	4.3814	4.19125	4.27016	4.57448	5.17634	6.0911	7.6779	10.3004	13.0454	15.7271	18.4893	20.8148	22.8218	24.096	25.0036	23.734	21.3779	18.9069	16.0406	13.3252	10.2365	7.80496	4.67173	2.38881	2.19541	2.46409	2.4558	2.43582	2.36287	2.25772	2.09095	1.83716	1.40571	1.09355	0.826315	0.534727	0.275915	0.0425279	-0.164005	-0.322602	-0.457801	-0.513102	-0.483819	-0.417208	-0.301729	0.0037067	0.209372	0.361712	0.446083	0.541008	0.657067	0.814298	0.987332	1.13474	1.26717	1.35832	1.3988	1.3769	1.29803	1.18448	1.04605	0.834758	0.598962	0.379983	0.17504	0.0648699	-0.0300944	0.0226021	0.0706859	0.133079	0.24642	0.32916	0.389851	0.181179	0.137335	0.0835933	0.0363473	-0.0336397	-0.089269	-0.111312	-0.0787158	-0.0740966	-0.0754119	-0.0847087	-0.0798771	-0.0644925	-0.0156188	0.102866	0.228489	0.389067	0.60281	0.842249	1.00935	1.14704	1.18412	1.11354	0.99323	0.949386	0.873873	0.803418	0.744122	0.68349	0.584988	0.485832	0.393474	0.369455	0.437729	0.584867	0.777775	0.940646	1.10555	1.20363	1.31377	1.40003	1.4894	1.51532	1.49415	1.47137	1.40985	1.31814	1.15468	0.88135	0.521323	0.201604	-0.0859007	-0.367103	-0.56655	-0.700247	-0.760252	-0.751751	-0.581549	-0.487421	-0.461447	-0.405802	-0.354205	-0.241894	-0.132406	-0.00401294	0.110637	0.206783	0.495317	0.872952	1.27641	1.7113	2.07275	2.39099	2.69862	2.78227	2.49403	2.33816	2.24449	2.19901	2.22691	2.24321	2.30655	2.36908	2.41755	2.4811	2.51778	2.51446	2.49949	2.5055	2.41385	2.21142	1.99349	1.74552	1.50462	1.31707	1.13359	0.982503	0.908599	0.877223	0.873315	0.917021	0.965849	1.08067	1.23689	1.39922	1.55411	1.75013	1.90334	2.01791	2.11501	2.16885	2.19336	2.17715	2.07393	1.86383	1.55965	1.24077	0.917036	0.590828	0.284923	0.0798302	-0.11346	-0.25664	-0.319881	-0.297856	-0.149146	0.0226076	0.232588	0.466371	0.697378	0.818608	0.910767	0.905542	0.916561	0.914804	0.906155	0.943998	0.88641	0.777619	0.663575	0.508159	0.360895	0.260126	0.165321	0.0922019	0.0718181	0.0116606	-0.0914507	-0.17836	-0.289997	-0.391469	-0.477477	-0.553735	-0.619993	-0.664687	-0.699331	-0.721229	-0.718775	-0.697159	-0.635138	-0.526632	-0.337507	-0.0896651	0.165749	0.419598	0.537338	0.610181	0.626247	0.553736	0.481858	0.432281	0.430282	0.508378	0.786326	0.699841	0.526134	0.299201	0.123292	-0.0468409	-0.206236	-0.269131	-0.296053	-0.292742	-0.241055	-0.0889673	-0.0969398	-0.0231325	0.0453988	0.0187935	-0.0256389	-0.0775841	-0.114661	-0.124074	-0.129808	-0.113971	-0.114468	-0.0598079	-0.00291146	0.0477396	0.0967391	0.10595	0.10809	0.0656049	-0.00755898	-0.0841176	-0.134631	-0.0952489	-0.0633621	-0.0775663	-0.101436	-0.121635	-0.166616	-0.107621	0.00357555	0.110526	0.152695	0.166972	0.167977	0.138462	0.110569	0.0748235	0.0477255	0.0565254	0.138188	0.235539	0.342418	0.400503	0.366039	0.322204	0.253042	0.174306	0.125653	0.117806	0.132853	0.164085	0.182911	0.216279	0.255078	0.258905	0.273102	0.225972	0.12748	-0.001863	-0.0924775	-0.14084	-0.084068	0.0706571	0.279303	0.489416	0.666034	0.848273	0.987166	1.11273	1.2075	1.29366	1.32247	1.29576	1.25617	1.2144	1.22156	1.32712	1.44296	1.62711	1.84081	2.08498	2.33291	2.61874	2.97741	3.34084	3.68241	4.01103	4.31757	4.61804	4.87805	5.12593	5.3654	5.58075	5.7836	5.98121	6.18412	6.37961	6.55978	6.73956	6.91848	7.0989	7.26713	7.48491	7.70835	7.95352	8.18433	8.36915	8.49559	8.60892	8.74421	8.86474	9.02354	9.15233	9.31194	9.41035	9.52589	9.63028	9.74025	9.85676	9.96763	10.1586	10.2895	10.4785	10.6588	10.8253	10.9974	11.3145	11.5241	11.6124	11.5028	11.1686	10.6765	10.0442	9.24118	8.33964	7.37325	6.43968	5.63502	4.99949	4.85131	4.70797	4.46522	4.31908	4.24976	4.28944	4.4199	4.59523	4.80276	5.05935	5.33368	5.62579	5.93473	6.19422	6.36166	6.46276	6.49139	6.41866	6.23971	5.9584	5.55572	5.05262	4.40394	3.68514	2.88716	2.17635	1.55088	1.00991	0.290894	0.310174	0.319531	0.178996	0.0181023	-0.0565765	-0.118348	-0.00800512	0.100712	0.228585	0.337853	0.385118	0.439284	0.422444	0.433411	0.433287	0.370247	0.26283	0.0246188	-0.239151	-0.544057	-0.763723	-0.827438	-0.869581	-0.814356	-0.728254	-0.548602	-0.311324	-0.0279273	0.237302	0.544435	0.867223	1.24895	1.66376	2.02708	2.27965	2.50315	2.68933	2.84746	2.98812	3.02488	3.02319	2.93562	2.87834	2.85627	2.84245	2.82917	2.81626	2.84972	2.84278	2.83126	2.77588	2.75888	2.68057	2.58282	2.47959	2.35523	2.23442	2.11734	2.03326	1.94321	1.86695	1.83139	1.82429	1.85669	1.88872	1.91219	1.94898	1.98451	1.98534	1.99608	1.99581	1.97649	1.95838	1.88663	1.65815	1.48939	1.37027	1.25821	1.17473	1.0715	1.04841	0.927823	0.814369	0.705083	0.606804	0.52373	0.422298	0.325903	0.233289	0.13951	0.0350539	-0.0644455	-0.149245	-0.228567	-0.283224	-0.330147	-0.34622	-0.324722	-0.250163	-0.122939	-0.0126368	0.129429	0.274587	0.467598	0.827369	1.35756	1.88956
