Acq. time (s)=	4
Accumulations=	3
Range=	Off
Autofocus=	Off
SWIFT=	Off
AutoExposure=	Off
Spike filter=	Multiple accum.
Delay time (s)=	0
Binning=	1
Readout mode=	Signal
DeNoise=	Standard
ICS correction=	On
Dark correction=	Off
Inst. Process=	On
Instrument=	LabRAM S3000
Detector=	Synapse
Objective=	x100
Grating=	1800
ND Filter=	25%
Laser (nm)=	632.81 
Spectro (cm-¹)=	520.984
Slit=	100.021
Hole=	1000.03
Microscope=	Principal
StageXY=	Märzhauser
StageZ=	Märzhauser
X (µm)=	-20
Y (µm)=	-20
Z (µm)=	-3240.3
Project=	
Sample=	
Site=	
Title=	SOP_200nm_SPIS_p0.5_map
Remark=	
Date=	17.06.2019 15:01
Operator=	
Acquired=	17.06.2019 15:01:54
Base:Sub=	17.06.2019 15:03:44
		358.033	358.357	358.684	359.008	359.333	359.659	359.983	360.309	360.634	360.959	361.285	361.609	361.934	362.26	362.584	362.908	363.233	363.559	363.883	364.208	364.533	364.858	365.182	365.507	365.832	366.157	366.481	366.805	367.13	367.455	367.78	368.104	368.428	368.752	369.078	369.402	369.726	370.051	370.375	370.7	371.024	371.348	371.673	371.997	372.321	372.645	372.969	373.294	373.618	373.942	374.266	374.59	374.914	375.238	375.562	375.886	376.21	376.534	376.858	377.182	377.505	377.829	378.153	378.477	378.801	379.124	379.448	379.772	380.096	380.419	380.743	381.067	381.391	381.714	382.038	382.362	382.685	383.009	383.332	383.656	383.98	384.302	384.625	384.949	385.272	385.596	385.919	386.243	386.566	386.888	387.212	387.535	387.859	388.182	388.504	388.827	389.151	389.474	389.797	390.119	390.443	390.766	391.089	391.412	391.734	392.057	392.381	392.704	393.026	393.349	393.672	393.994	394.317	394.64	394.963	395.285	395.608	395.931	396.253	396.576	396.899	397.22	397.543	397.865	398.188	398.511	398.832	399.155	399.478	399.8	400.122	400.444	400.767	401.088	401.411	401.734	402.055	402.378	402.699	403.022	403.344	403.666	403.988	404.31	404.632	404.954	405.276	405.598	405.919	406.242	406.563	406.886	407.207	407.53	407.851	408.173	408.494	408.815	409.138	409.459	409.782	410.103	410.424	410.746	411.067	411.39	411.71	412.031	412.354	412.675	412.996	413.318	413.639	413.96	414.282	414.603	414.924	415.246	415.567	415.888	416.208	416.531	416.851	417.172	417.494	417.815	418.136	418.456	418.779	419.099	419.42	419.741	420.061	420.383	420.704	421.024	421.345	421.665	421.986	422.308	422.629	422.949	423.27	423.59	423.91	424.232	424.553	424.873	425.194	425.514	425.834	426.155	426.475	426.795	427.116	427.436	427.756	428.078	428.398	428.719	429.039	429.359	429.679	430	430.32	430.64	430.96	431.28	431.6	431.921	432.241	432.561	432.881	433.201	433.52	433.84	434.16	434.48	434.8	435.12	435.44	435.76	436.08	436.4	436.719	437.038	437.358	437.678	437.998	438.317	438.637	438.957	439.276	439.595	439.915	440.235	440.555	440.873	441.193	441.512	441.832	442.152	442.47	442.79	443.109	443.429	443.747	444.067	444.387	444.706	445.024	445.344	445.663	445.982	446.301	446.621	446.939	447.258	447.578	447.896	448.215	448.534	448.852	449.172	449.491	449.809	450.129	450.448	450.766	451.085	451.403	451.722	452.042	452.36	452.679	452.997	453.316	453.634	453.953	454.271	454.59	454.908	455.227	455.544	455.863	456.181	456.5	456.818	457.137	457.455	457.774	458.091	458.41	458.728	459.047	459.364	459.683	460.001	460.318	460.637	460.955	461.274	461.591	461.909	462.228	462.545	462.862	463.181	463.499	463.817	464.135	464.452	464.771	465.088	465.405	465.723	466.041	466.359	466.676	466.995	467.312	467.629	467.946	468.265	468.582	468.899	469.216	469.535	469.852	470.169	470.486	470.805	471.122	471.439	471.756	472.073	472.391	472.708	473.025	473.342	473.659	473.976	474.293	474.611	474.928	475.245	475.562	475.879	476.196	476.513	476.83	477.146	477.463	477.781	478.098	478.415	478.732	479.048	479.365	479.682	479.999	480.315	480.632	480.949	481.265	481.582	481.898	482.215	482.532	482.848	483.165	483.481	483.798	484.114	484.429	484.746	485.062	485.379	485.695	486.012	486.328	486.645	486.961	487.277	487.592	487.909	488.225	488.542	488.858	489.174	489.489	489.805	490.122	490.438	490.754	491.07	491.385	491.701	492.018	492.334	492.648	492.965	493.281	493.597	493.912	494.228	494.544	494.86	495.175	495.491	495.807	496.121	496.437	496.753	497.069	497.384	497.7	498.016	498.33	498.646	498.961	499.277	499.592	499.907	500.223	500.539	500.853	501.169	501.483	501.799	502.113	502.429	502.745	503.059	503.375	503.689	504.005	504.319	504.635	504.949	505.265	505.579	505.895	506.209	506.524	506.838	507.154	507.468	507.784	508.098	508.413	508.727	509.042	509.357	509.671	509.987	510.301	510.616	510.93	511.244	511.559	511.873	512.187	512.503	512.816	513.132	513.446	513.76	514.075	514.389	514.703	515.016	515.332	515.645	515.959	516.274	516.588	516.902	517.216	517.531	517.844	518.158	518.472	518.787	519.101	519.414	519.728	520.043	520.357	520.67	520.984	521.297	521.612	521.926	522.239	522.553	522.866	523.18	523.493	523.808	524.122	524.435	524.748	525.062	525.375	525.689	526.002	526.315	526.629	526.943	527.257	527.57	527.883	528.197	528.51	528.823	529.136	529.45	529.763	530.076	530.389	530.703	531.016	531.329	531.642	531.955	532.268	532.581	532.894	533.206	533.519	533.832	534.145	534.458	534.771	535.084	535.397	535.71	536.023	536.335	536.648	536.961	537.273	537.586	537.899	538.212	538.524	538.836	539.149	539.462	539.775	540.086	540.399	540.712	541.025	541.336	541.649	541.961	542.274	542.585	542.898	543.211	543.523	543.835	544.147	544.46	544.771	545.084	545.396	545.709	546.02	546.332	546.645	546.956	547.268	547.58	547.892	548.204	548.516	548.828	549.14	549.451	549.764	550.075	550.387	550.698	551.01	551.323	551.634	551.946	552.257	552.569	552.88	553.192	553.503	553.815	554.126	554.438	554.749	555.061	555.372	555.684	555.995	556.307	556.618	556.928	557.24	557.551	557.863	558.174	558.486	558.797	559.107	559.419	559.73	560.042	560.352	560.663	560.975	561.285	561.596	561.908	562.218	562.529	562.84	563.151	563.461	563.773	564.083	564.394	564.704	565.016	565.326	565.637	565.947	566.259	566.569	566.879	567.19	567.501	567.811	568.122	568.432	568.742	569.054	569.364	569.674	569.984	570.294	570.604	570.915	571.226	571.536	571.846	572.156	572.466	572.776	573.086	573.396	573.708	574.018	574.328	574.638	574.948	575.258	575.568	575.878	576.187	576.497	576.807	577.117	577.427	577.737	578.047	578.356	578.666	578.976	579.286	579.596	579.905	580.215	580.525	580.834	581.144	581.452	581.762	582.072	582.381	582.691	583.001	583.31	583.62	583.93	584.238	584.547	584.857	585.166	585.476	585.785	586.095	586.403	586.712	587.022	587.331	587.641	587.949	588.258	588.568	588.877	589.185	589.494	589.804	590.113	590.421	590.73	591.039	591.347	591.657	591.966	592.275	592.583	592.892	593.201	593.509	593.818	594.128	594.435	594.744	595.052	595.361	595.67	595.978	596.287	596.596	596.904	597.213	597.521	597.83	598.137	598.446	598.755	599.063	599.372	599.679	599.988	600.296	600.605	600.912	601.221	601.528	601.837	602.145	602.453	602.761	603.07	603.377	603.684	603.993	604.301	604.609	604.917	605.225	605.533	605.84	606.149	606.456	606.763	607.072	607.379	607.688	607.995	608.302	608.611	608.918	609.225	609.533	609.841	610.148	610.455	610.763	611.07	611.377	611.686	611.993	612.3	612.607	612.915	613.222	613.529	613.836	614.145	614.452	614.759	615.065	615.372	615.681	615.988	616.294	616.601	616.908	617.215	617.522	617.83	618.137	618.443	618.75	619.057	619.364	619.67	619.977	620.284	620.592	620.899	621.205	621.512	621.819	622.125	622.432	622.738	623.045	623.352	623.658	623.965	624.271	624.578	624.884	625.191	625.497	625.804	626.11	626.417	626.723	627.03	627.336	627.641	627.947	628.254	628.56	628.867	629.173	629.479	629.786	630.092	630.398	630.703	631.009	631.316	631.622	631.928	632.234	632.539	632.845	633.151	633.458	633.764	634.068	634.375	634.681	634.987	635.292	635.598	635.904	636.21	636.514	636.82	637.126	637.432	637.737	638.043	638.349	638.654	638.96	639.265	639.57	639.876	640.182	640.486	640.792	641.097	641.402	641.708	642.013	642.319	642.624	642.929	643.234	643.539	643.845	644.149	644.455	644.759	645.065	645.37	645.675	645.98	646.285	646.59	646.894	647.2	647.504	647.81	648.114	648.42	648.724	649.028	649.333	649.638	649.943	650.247	650.553	650.857	651.161	651.466	651.77	652.076	652.38	652.684	652.989	653.293	653.597	653.902	654.206	654.51	654.815	655.119	655.423	655.729	656.032	656.336	656.641	656.945	657.249	657.553	657.858	658.162	658.466	658.769	659.074	659.378	659.682	659.986	660.289	660.594	660.898	661.202	661.505	661.809	662.114	662.418	662.721	663.025	663.328	663.632	663.935	664.239	664.544	664.847	665.151	665.454	665.758	666.061	666.365	666.668	666.972	667.275	667.578	667.882	668.185	668.489	668.792	669.095	669.398	669.702	670.005	670.308	670.612	670.915	671.218	671.521	671.825	672.128	672.431	672.734	673.037	673.341	673.644	673.947	674.249	674.552	674.855	675.158	675.461	675.764	676.067	676.369	676.672	676.975	677.278	677.581	677.884	678.185	678.488	678.791	679.094
-20	-20	51.3729	49.7206	48.4152	47.2328	46.0732	44.8778	43.5987	42.2844	40.9534	39.6186	38.1596	36.6648	35.1214	33.7038	32.1866	30.8735	29.5716	28.2829	27.003	25.7467	24.5254	23.345	22.2603	21.3094	20.4836	19.8376	19.2506	18.6254	17.98	17.2979	16.5654	15.7875	14.9165	14.06	13.2327	12.4246	11.6349	10.8229	10.0361	9.28562	8.5773	7.92365	7.34	6.83702	6.3968	6.13455	5.88348	5.56058	5.1879	4.82259	4.35266	4.01275	3.88841	3.80684	3.85077	3.87466	3.81486	3.72128	3.54032	3.31202	2.99994	2.61094	2.16181	1.66485	1.14044	0.612628	0.263926	-0.0220723	-0.305496	-0.485664	-0.464374	-0.447808	-0.369136	-0.264786	-0.168747	-0.0753669	-0.0584525	-0.0465779	-0.00584012	0.0693313	0.111974	0.180198	0.242615	0.341094	0.487148	0.712811	1.15956	1.59976	2.01716	2.38781	2.72346	2.94577	3.04486	2.92622	2.71554	2.52945	2.34551	2.2127	1.82308	1.76406	1.81119	1.96154	2.21946	2.61405	3.07715	3.04604	3.18718	3.18717	3.27079	3.43626	3.61009	3.79757	3.9988	4.14762	4.25695	4.30593	4.22026	4.03862	3.75623	3.49611	3.31218	3.17746	3.11818	3.12109	3.18719	3.22918	3.29078	3.40403	3.61575	4.01833	4.4568	4.89577	5.26225	5.57601	5.82271	5.99903	6.09942	6.14455	6.07495	6.01823	6.02262	6.15557	6.36608	6.56995	6.78184	6.94739	7.07823	7.11754	7.18343	7.29074	7.40484	7.38825	7.40387	8.06527	8.27671	8.4927	8.73524	9.01774	9.29988	9.61266	9.93658	10.2501	10.6344	11.089	11.6456	12.2075	12.7643	13.3043	13.8324	14.3854	14.9175	15.3832	15.9107	16.4236	16.8882	17.3088	17.6815	17.9583	18.1034	18.081	17.9964	17.8672	17.7493	17.6538	17.464	17.2672	17.0692	16.8641	16.659	16.5403	16.4318	16.3948	16.4024	16.5221	16.5454	16.4992	16.415	16.1986	15.9225	15.6025	15.3231	15.0035	14.6978	14.456	14.249	14.1948	14.2098	14.199	14.2089	14.2461	14.3155	14.2831	14.2305	14.1199	14.0441	13.9906	13.989	13.9798	14.0497	14.1241	14.2534	14.131	13.998	13.7304	13.4299	13.1236	12.7695	12.4004	11.9579	11.471	10.9491	10.403	9.88303	9.3786	9.10861	8.91629	8.75446	8.46936	8.19806	7.94556	7.82755	7.78668	7.7509	7.67905	7.573	7.45774	7.3325	7.20038	7.06384	6.9213	6.7753	6.63472	6.50093	6.38858	6.28079	6.22682	6.16187	6.05609	5.83093	6.23858	6.17852	6.00378	5.73018	5.34733	4.95589	4.2864	4.04394	4.05746	4.01943	3.94485	3.82895	3.66932	3.48512	3.2825	3.07931	2.87244	2.69415	2.61053	2.5175	2.44846	2.56229	2.50444	2.48074	2.44832	2.51066	2.63337	2.75586	2.81185	2.75522	2.76205	2.81957	2.91898	2.98208	3.03928	3.01433	2.90492	2.6987	2.44594	2.18698	1.63851	1.35953	1.1063	0.87092	0.594246	0.324718	0.0709071	-0.159329	-0.369326	-0.531488	-0.662791	-0.765174	-0.832753	-0.855623	-0.844212	-0.794307	-0.747553	-0.704224	-0.505165	-0.1749	0.165304	0.47002	0.620593	0.689414	0.684332	0.625698	0.57518	0.530738	0.50311	0.535513	0.591339	0.697832	0.863101	1.0356	1.2147	1.35151	1.50554	1.66481	1.83035	1.96996	2.11928	2.27773	2.44922	2.61623	2.84825	3.12972	3.49472	3.93881	4.49162	5.15646	5.76366	6.27397	6.66207	6.96273	7.25774	7.56068	7.90565	8.16517	8.38033	8.58909	8.92007	9.43054	10.0458	10.8038	11.5954	12.4708	13.3974	14.3642	15.3613	16.411	17.471	18.4418	19.3109	20.1145	20.9339	21.8108	22.7532	23.7416	24.843	25.9306	27.1757	28.8176	30.5713	32.3863	34.0198	35.6916	37.3719	38.9887	40.4977	41.9484	43.0683	44.3205	45.5851	46.8064	48.0769	49.2389	50.3837	51.5154	52.626	53.8023	54.7725	55.7376	56.4552	57.3187	58.1761	58.9732	59.6959	60.2659	60.6988	60.9008	60.9069	60.8696	60.7179	60.464	60.1039	59.6025	59.0141	58.3667	57.6803	56.9904	56.2377	55.4663	54.6765	53.8503	52.9237	51.8609	50.6667	49.3573	48.0141	46.5683	45.1697	43.8542	42.6924	41.7114	40.7417	39.7757	38.7187	37.6701	36.5364	35.3819	34.2121	33.2277	32.3043	31.4234	30.631	29.9133	29.2925	28.7114	27.5136	26.552	25.7464	25.0491	24.4314	23.8881	23.0531	22.2265	21.4705	20.8805	20.3736	19.9217	19.4519	18.5548	14.5746	14.0025	13.8553	13.9027	14.0696	14.1082	14.1102	13.9571	14.0071	14.1662	14.3797	14.6174	14.8658	15.2041	15.6464	16.2166	16.7738	17.3575	17.9718	18.5659	19.1399	19.63	19.6363	19.8487	20.1892	20.5183	21.5219	21.0024	20.9598	21.1175	21.8213	23.4363	25.8018	29.4965	34.0339	40.657	48.9476	59.0407	71.156	86.9981	104.9	126.964	149.65	169.256	185.709	180.334	160.1	134.956	105.117	83.1239	67.9258	55.1225	45.6008	38.2348	32.5973	27.8902	24.0028	20.5503	18.2458	15.8651	13.4919	11.6345	10.14	8.72805	7.70739	6.92682	6.58233	6.23029	5.95332	5.64087	5.3284	5.02316	4.30083	4.03502	3.68208	3.36676	2.93597	2.56086	2.23394	2.00125	1.85883	1.79104	1.79357	1.71037	0.95005	0.782285	0.702859	0.722998	0.959757	1.19199	1.28946	1.34779	1.38429	1.28174	1.19298	1.1372	1.1319	1.06445	0.897737	0.672337	0.465953	0.318833	0.268774	0.305046	0.43045	0.601823	0.758807	0.800315	0.728535	0.623385	0.0196672	-0.133674	-0.257653	-0.349988	-0.426414	-0.493002	-0.519491	-0.531671	-0.553233	-0.525406	-0.481093	-0.482637	-0.530164	-0.566407	-0.586643	-0.629952	-0.687991	-0.750902	-0.759987	-0.717191	-0.608064	-0.422065	-0.226819	-0.0200721	0.18961	0.377615	0.528602	0.653015	0.757264	0.892527	0.924237	0.910112	0.849077	0.723407	0.49634	0.30961	0.205378	0.147499	0.103689	0.0833233	0.133112	0.238127	0.16688	0.109781	0.025663	-0.0870397	-0.18817	-0.231417	-0.333128	-0.446245	-0.553284	-0.666212	-0.78865	-0.857111	-0.800206	-0.620169	-0.368755	-0.0981839	0.181867	0.409096	0.602563	0.770147	0.959878	1.13514	1.27175	1.34211	1.23294	1.03883	0.734029	0.417569	0.293857	0.211866	0.157951	0.131585	0.11434	0.132773	0.16311	0.219892	0.348085	0.52181	0.73971	1.0796	1.34664	1.56828	1.6134	1.61044	1.56833	1.51757	1.35811	1.18026	0.963061	0.818578	0.695431	0.68107	0.688171	0.675199	0.603935	0.551018	0.51541	0.482322	0.437832	0.308103	0.0467443	-0.282201	-0.570622	-0.820388	-0.983199	-0.833175	-0.617657	0.477066	0.791332	1.05118	1.27413	1.45605	1.58971	1.14324	1.02007	0.809531	0.52295	0.570518	0.598123	0.594288	0.74786	0.866352	0.991205	1.08115	1.01185	0.834676	0.574169	0.383848	0.201241	0.0789957	-0.0116096	0.0356383	0.0321765	0.0201938	-0.0321924	-0.102672	-0.179206	-0.207765	-0.246356	-0.26598	-0.317177	-0.393924	-0.468204	-0.575227	-0.7043	-0.842526	-0.925068	-0.973683	-0.999475	-1.00147	-0.975908	-0.90371	-0.830629	-0.843943	-0.858438	-0.803404	-0.695123	-0.556048	-0.357257	-0.265627	-0.171412	-0.076025	0.0231919	0.111327	0.187464	0.308736	0.413366	0.467904	0.482925	0.715402	0.867489	0.778755	0.616459	0.453463	0.296966	0.261909	0.543056	0.884679	1.17359	1.41877	1.30491	0.742067	0.836825	0.895479	0.960223	1.11712	1.298	1.46837	1.6213	1.76348	1.84215	1.76581	1.69301	1.59937	1.50815	1.41757	1.32739	1.2432	1.1807	1.13318	1.10016	1.10846	1.13416	1.22351	1.34783	1.66703	1.96612	2.21243	2.44305	2.62269	2.79118	2.92998	3.02205	3.12878	3.2074	3.0725	2.9751	2.9412	2.9283	2.97238	3.03094	3.11331	3.22389	3.38023	3.5331	3.6813	3.63234	3.5289	3.46092	3.4398	3.46239	3.56401	3.7468	3.95651	4.09429	4.10166	4.39324	4.67114	4.74584	4.73006	4.61375	4.58263	5.23336	5.51948	5.77356	6.04093	6.30878	6.63548	6.99891	7.40415	7.85796	8.38714	9.16999	9.58761	10.0327	10.4694	10.8843	11.2689	11.5362	11.7288	11.9721	12.3126	12.6883	13.0631	13.4588	13.8208	14.076	14.3009	14.5572	14.9744	15.4454	15.9637	16.5251	17.1698	17.9002	18.6576	19.3844	19.9297	20.4204	20.8254	21.2512	21.6553	21.9377	22.178	22.3796	22.501	22.5996	22.7357	22.8807	23.053	23.2942	23.6031	24.0674	24.5529	25.1145	25.648	26.2149	26.7582	27.3569	27.96	28.5067	28.9489	29.0661	29.0104	28.6842	28.0397	26.9014	25.5551	24.0147	22.27	20.5173	18.9841	17.6451	16.5079	15.5321	14.7928	14.2786	13.9491	13.8742	13.9207	13.8752	13.9063	14.0164	14.2911	14.5378	14.7425	14.857	14.8862	14.7708	14.5237	14.1398	13.5354	12.7587	12.0186	11.1207	10.0481	8.86313	7.566	6.05183	4.89245	3.96151	3.39146	2.97661	2.84582	2.77079	2.68079	2.53072	2.2644	1.97297	1.56608	1.1363	0.681213	0.280696	-0.031666	-0.30066	-0.714602	-0.984221	-1.20483	-1.30121	-1.29089	-1.09449	-0.819915	-0.499226	-0.165904	0.160952	0.477778	0.781067	1.08596	1.33331	1.46027	1.36581	1.21722	1.01702	0.81476	0.576828	0.326054	0.0330249	-0.160549	-0.187099	-0.167029	-0.107846	-0.0151951	0.0507463	0.0756553	0.137344	0.200135	0.293801	0.433725	0.733471	0.882877	0.879099	0.828796	0.77582	0.896078	0.933046	1.0115	1.11732	1.20833	1.27108	1.24586	1.10842	1.03488	0.96492	0.94078	0.935116	0.91677	0.870604	0.760179	0.598058	0.443149	0.284065	0.195658	0.118382	0.134334	0.173439	0.260927	0.272448	0.252653	0.262699	0.150517	0.0292277	-0.108333	-0.233055	-0.282085	-0.32292	-0.364022	-0.436613	-0.480604	-0.515796	-0.545679	-0.522534	-0.487597	-0.383401	-0.291864	-0.202233	-0.0806072	0.0388901	0.189966	0.349762	0.529025	0.722657	0.919379	1.15352	1.42717	1.7424	2.10187	2.53929	3.33353	4.16003	4.93938	5.51848
-20	0	29.9757	27.8286	25.8628	24.0883	22.5526	21.1847	20.057	19.0065	18.0078	17.0929	16.1835	15.3804	14.64	13.9618	13.33	12.7478	12.2149	11.6834	11.1962	10.6893	10.1969	9.73292	9.28959	8.90228	8.62032	8.29574	7.95484	7.63819	7.27046	6.90838	6.52979	6.15418	5.7581	5.34542	4.89802	4.43433	3.97494	3.53986	3.04821	2.56067	2.13228	1.77005	1.42354	1.13103	0.784794	0.546521	0.366774	0.256234	0.175512	0.103375	0.104946	0.136295	0.174963	0.236267	0.291922	0.218598	0.148753	0.0352515	-0.0251317	-0.0756288	-0.114115	-0.170486	-0.15993	-0.174617	-0.224188	-0.260164	-0.311947	-0.302037	-0.297782	-0.198253	-0.10716	-0.00832646	0.0747016	0.0747805	0.0907929	0.053204	0.00655083	-0.0591575	-0.0379499	-0.0143718	0.0125403	0.0654371	0.1902	0.31729	0.444793	0.590285	0.69207	0.818159	0.768907	0.781621	0.975482	1.17775	1.38929	1.59216	1.80148	1.9774	2.20763	2.44449	2.68719	2.95238	3.19022	3.32553	3.45604	3.58791	3.70779	3.87371	4.08791	4.25604	4.27854	4.25884	4.22951	4.18465	4.2188	4.3241	4.55854	4.74868	4.86847	4.98825	5.1226	5.27112	5.44832	5.56863	5.62393	5.6708	5.72052	5.74568	5.78712	5.81179	5.77882	5.80228	5.85391	6.02342	6.19482	6.41783	6.5901	6.75403	6.86005	6.95624	7.06196	7.20031	7.3569	7.50137	7.62671	7.75142	7.85494	7.9359	8.00259	8.06357	8.11799	8.26995	8.52598	8.82248	9.0901	9.34683	9.59326	9.8288	10.0551	10.2745	10.5341	10.8779	11.173	11.4826	11.6238	11.7281	11.8587	12.0771	12.4242	12.7702	13.2066	13.6369	14.0972	14.4686	14.7758	15.0292	15.3176	15.5663	15.7638	15.9299	15.926	15.8323	15.6595	15.4321	15.1994	15.0061	14.8376	14.7293	14.6203	14.5559	14.5461	14.6194	14.7127	14.8211	14.9041	15.0039	15.0781	15.1228	15.0624	14.9082	14.6204	14.2782	13.9555	13.6265	13.3102	12.9919	12.6962	12.4301	12.2229	12.1138	12.0271	12.004	11.889	11.8697	11.9232	12.0483	12.1925	12.319	12.4008	12.4346	12.4301	12.4246	12.3985	12.3784	12.3395	12.2752	12.1749	12.0306	11.7654	11.4624	11.1583	10.8446	10.612	10.3833	10.1613	9.93324	9.69139	9.41721	9.07627	8.7034	8.31021	7.91695	7.70814	7.56793	7.45867	7.35773	7.23617	7.16275	7.10914	7.06075	7.01361	6.9574	6.86356	6.76341	6.5402	6.29573	6.05372	5.84715	5.64892	5.43362	5.20282	5.06015	4.88758	4.72758	4.59454	4.47769	4.37178	4.30965	4.26109	4.26629	4.33076	4.3843	4.31614	4.29609	4.26703	4.23113	4.20246	4.22974	4.27253	4.30346	4.38138	4.40622	4.38829	4.33916	4.21335	4.00496	3.74464	3.46214	3.15431	2.89757	2.57196	2.22885	1.97241	1.75556	1.53913	1.36374	1.12798	0.883841	0.636078	0.474975	0.335466	0.174771	0.0384613	-0.12512	-0.198063	-0.227536	-0.24996	-0.23522	-0.129203	0.189331	0.273212	0.334146	0.371428	0.377299	0.280004	0.103452	-0.121768	-0.382311	-0.617373	-0.750444	-0.710016	-0.55109	-0.327603	-0.0530983	0.27788	0.614336	1.01354	1.51176	1.71046	1.76037	1.69415	1.59009	1.44912	1.24275	0.95725	0.637042	0.405289	0.308369	0.369537	0.524528	0.853587	1.24075	1.51971	1.83571	2.15739	2.51229	2.77988	3.2252	3.68941	4.10269	4.42281	4.68289	5.01024	5.31255	5.62295	5.94153	6.26319	6.5983	6.92629	7.26343	7.60324	7.98622	8.3846	8.82302	9.30116	9.84213	10.5168	11.2343	11.9983	12.8146	13.6845	14.6232	15.6356	16.6752	17.723	18.7358	19.6985	20.6405	21.5731	22.6042	23.6042	24.62	25.6596	26.7322	27.9547	29.259	30.5481	31.7563	32.968	34.2323	35.5474	36.8542	38.1861	39.4823	40.7291	41.8759	42.9352	43.8341	44.5997	45.2339	45.8866	46.581	47.2961	48.0183	48.7823	49.5308	50.2028	50.6935	50.9113	51.0045	51.0393	51.0684	51.1357	51.105	50.9451	50.6882	50.3447	49.9063	49.4081	48.8925	48.2811	48.0814	47.4479	46.7556	46.1289	45.4785	44.7661	43.9901	43.1042	42.1804	41.2203	40.2312	39.2489	38.133	37.101	36.07	35.0475	34.0114	33.0022	32.024	31.0343	30.0869	29.2114	28.4706	27.7516	26.8885	26.0207	25.213	24.4459	23.7289	23.0083	22.3372	21.5635	20.7779	19.9868	19.2144	18.4484	17.7513	17.0496	16.3533	15.6776	15.0501	14.4623	13.985	13.6573	13.3826	13.1157	12.7824	12.4444	12.1166	11.88	11.7169	11.6519	11.7012	11.9325	12.2188	12.5768	12.9717	13.3328	13.7005	14.0866	14.4423	14.731	15.0323	15.3055	15.5648	15.4018	15.4046	15.9437	15.7988	16.1774	16.3101	16.8709	17.6591	19.0866	20.8384	23.0768	26.2338	30.2235	35.6939	42.4446	51.3687	62.2357	74.9324	89.5802	106.016	121.673	134.085	136.721	114.303	98.7801	78.0494	61.7938	45.7666	39.1022	32.305	27.7686	23.8905	21.2384	18.3204	15.6476	13.6445	12.1885	10.5577	9.23295	8.11309	7.37001	6.7456	6.23067	5.79278	5.4909	5.22779	4.97197	4.63728	4.2779	3.85366	3.47806	3.09239	2.738	2.42195	2.17546	1.98292	1.81926	1.8316	1.93787	2.05631	2.23912	2.4101	2.55485	2.61676	2.58004	2.51152	2.37391	2.12817	1.85564	1.55694	1.25746	0.968597	0.699908	0.430706	0.17274	-0.0541238	-0.239974	-0.34403	-0.537422	-0.540754	-0.446734	-0.283139	-0.106045	0.0338317	0.196161	0.475293	0.691949	0.871157	0.960866	0.996025	0.995305	0.960648	0.686515	0.373392	0.0861514	-0.106107	-0.16647	-0.171686	-0.110957	-0.029005	0.138413	0.312874	0.491698	0.656745	0.728375	0.746558	0.536644	0.477506	0.434285	0.380044	0.3001	0.239906	0.163341	0.152793	0.150553	0.16471	0.170831	0.13017	0.0647041	-0.00771401	-0.109224	-0.197095	-0.329258	-0.42915	-0.498474	-0.530092	-0.690829	-1.10075	-1.14424	-0.885552	-0.580782	-0.262135	-0.0173355	0.168288	0.29281	0.37791	0.283453	0.179519	0.214256	0.302005	0.52665	0.764194	0.865939	0.881824	0.818082	0.738635	0.647546	0.531496	0.42416	0.306447	0.180209	0.08248	0.0378802	0.044828	0.0387831	0.0386328	0.0347659	-0.000974253	0.0253003	0.0768807	0.14584	0.250361	0.342652	0.4358	0.509964	0.585704	0.614605	0.626937	0.551943	0.451168	0.348536	0.258512	0.180678	0.16657	0.195247	0.276971	0.279885	0.252208	0.232359	0.228032	0.230531	0.245812	0.184856	0.0650612	-0.0496421	-0.146619	-0.147252	-0.0684309	0.0192132	0.124471	0.244984	0.361271	0.494036	0.620132	0.728136	0.765854	0.749805	0.727012	0.693433	0.657094	0.613789	0.580513	0.549399	0.541901	0.587881	0.625964	0.62037	0.510478	0.391523	0.265191	0.134636	0.00648022	-0.0824224	-0.114147	-0.120063	-0.0779217	0.0407707	0.0659076	0.0518512	0.00390233	-0.0864385	-0.137265	-0.175552	-0.260871	-0.360844	-0.47201	-0.566755	-0.580422	-0.537566	-0.469897	-0.423323	-0.383624	-0.244001	-0.0502782	0.127293	0.226575	0.291758	0.305303	0.303683	0.276066	0.250528	0.171616	0.0956137	0.0184597	-0.0528479	-0.119132	-0.180824	-0.220241	-0.253076	-0.26871	-0.280374	-0.234088	-0.183781	-0.117232	-0.0679808	-0.0368018	-0.0034733	-0.0206568	-0.0288962	-0.0245249	0.0155145	0.170321	0.298069	0.416027	0.577278	0.763442	0.895217	0.946932	1.02836	1.11501	1.15702	1.21391	1.23213	1.25121	1.26027	1.26595	1.26726	1.29043	1.31517	1.37136	1.45569	1.48374	1.49918	1.51502	1.54933	1.61372	1.68579	1.77642	1.87489	1.98657	2.10051	2.22262	2.35253	2.50876	2.67087	2.81757	2.96604	3.09156	3.16013	3.12205	3.07918	3.02229	2.88368	2.73722	2.66478	2.67338	2.70449	2.69884	2.62365	2.56692	2.52242	2.51312	2.51696	2.55714	2.65967	2.71625	2.78526	2.88066	2.95131	2.99275	3.06852	3.18812	3.41217	3.69559	4.00003	4.32479	4.61381	4.79527	5.12147	5.51743	5.8896	6.07279	6.15187	6.19514	6.20409	6.20801	6.18372	6.14023	6.04661	5.92815	5.81476	5.78755	5.88909	6.02927	6.26626	6.64429	7.29795	8.02779	8.74479	9.37752	10.2105	10.5513	10.7515	10.8894	10.9167	10.6556	10.7796	11.1242	11.8174	12.5388	13.2492	13.9058	14.5265	15.0775	15.59	16.0276	16.424	16.7421	17.0214	17.5302	18.0346	18.4707	18.8517	19.1404	19.2759	19.3516	19.3286	19.3017	19.3567	19.471	19.6225	19.8228	20.0833	20.3887	20.7669	21.2232	21.7862	22.354	22.8491	23.273	23.6171	23.8211	23.7406	23.3963	22.7887	21.8786	20.6952	19.3847	17.9888	16.6211	15.3592	14.1438	13.0749	12.1769	11.6745	11.3079	11.0054	10.7656	10.5694	10.4323	10.3612	10.3502	10.3942	10.4946	10.645	10.8198	11.053	11.2925	11.4592	11.5628	11.4175	11.0342	10.5024	9.87886	9.16152	8.32376	7.3826	6.38921	5.39943	4.45522	3.59563	2.87217	2.30172	1.85344	1.48342	1.21265	1.07374	0.992122	0.880378	0.821914	0.785297	0.721976	0.606172	0.461834	0.289596	0.137088	0.0244599	-0.041548	-0.0819598	-0.0945475	-0.0556336	0.0804865	0.193802	0.241846	0.21179	0.106051	0.0358471	0.019419	0.00214543	0.0363957	0.0892064	0.0147711	-0.0896257	-0.197118	-0.254402	-0.281742	-0.28625	-0.231226	-0.139989	0.00388753	0.309062	0.342643	0.480598	0.27736	0.121626	-0.264518	-0.80359	-1.01716	-0.839965	-0.491575	-0.0844418	1.13598	1.71876	1.6234	1.30289	0.810249	0.505193	0.185618	-0.508044	-1.139	0.649582	2.3445	0.559785	0.52471	0.109985	-0.278763	-0.179428	0.337291	0.744994	1.09912	1.24912	1.27374	0.875215	0.929678	0.841993	0.696151	0.496746	0.355602	0.311982	0.252918	0.199372	0.11339	0.0212018	-0.0849825	-0.175893	-0.287063	-0.314631	-0.246853	-0.142041	-0.11884	-0.11621	-0.101362	-0.043323	0.0431426	0.18044	0.332278	0.547167	0.835189	1.1312	1.42644	1.70613	1.93996	1.98331	2.07605	2.18805	2.36625	2.77395	3.16908	3.82355	4.80543
-20	20	30.8597	31.6559	30.3875	29.1988	27.917	26.1016	24.7733	23.6494	22.6858	21.8194	20.9765	20.2113	19.4817	18.781	18.0955	17.4496	16.8524	16.2443	15.6894	15.0342	14.3985	13.7009	13.0126	12.3592	11.6372	10.9212	10.281	9.69593	9.16765	8.71024	8.27667	7.89727	7.58739	7.34779	7.18458	7.12974	7.11983	7.10839	7.01758	6.82873	6.51423	5.99101	5.408	4.85482	4.29902	3.80521	3.33635	2.93625	2.61484	2.35587	2.17065	2.02804	1.95159	1.89889	1.88014	1.86988	1.89298	1.92903	1.85517	1.74692	1.64401	1.42552	1.19379	0.935916	0.676058	0.462856	0.30801	0.113119	-0.0803001	-0.333063	-0.378184	-0.422853	-0.451178	-0.45948	-0.421877	-0.28274	-0.129424	0.0496866	0.226653	0.463134	0.971784	1.22708	1.40793	1.53335	1.61506	1.67135	1.64639	1.58257	1.59426	1.5989	1.61655	1.62664	1.61326	1.62147	1.77389	2.0033	2.26314	2.47931	2.58864	2.60556	2.6268	2.68261	2.77371	2.87558	3.00261	3.14774	3.30908	3.48414	3.61351	3.5236	3.48161	3.48027	3.49023	3.45309	3.40737	3.3178	3.30985	3.31521	3.36925	3.41562	3.46978	3.51545	3.54412	3.57515	3.6044	3.62925	3.65413	3.66503	3.66324	3.70249	3.78636	3.92157	4.04146	4.159	4.26461	4.35319	4.45338	4.52982	4.68409	4.82349	4.93066	5.00942	5.0548	5.01063	4.83288	4.68579	4.6306	4.71444	4.82978	4.99302	5.1877	5.40788	5.62819	5.86908	6.12326	6.36786	6.62063	6.86609	7.13878	7.43764	7.77389	8.06574	8.32558	8.55364	8.74115	9.01661	9.39539	9.7695	10.1123	10.4684	10.9001	11.2498	11.6096	11.9573	12.2692	12.53	12.7173	12.8602	12.9165	12.8939	12.8017	12.6479	12.467	12.2381	11.9672	11.7019	11.4227	11.0715	10.642	10.2966	10.0955	10.0571	10.1134	10.1855	10.2803	10.3742	10.4678	10.5785	10.692	10.7924	10.8226	10.9706	11.071	11.1739	11.2563	11.2974	11.3054	11.2357	11.0441	10.822	10.5993	10.4588	10.2746	10.0076	9.72293	9.38393	9.00256	8.65886	8.49211	8.60535	8.42716	8.2893	8.14614	8.02514	7.92982	7.85214	7.83844	7.8329	7.76325	7.63681	7.49947	7.3555	7.14318	6.926	6.74356	6.50124	6.2313	5.97688	5.70556	5.4209	5.17348	5.06559	4.96489	4.90207	4.91362	4.80302	4.69127	4.54222	4.39385	4.28658	4.14625	3.99931	3.86356	3.75857	3.65538	3.55662	3.41652	3.24001	2.89405	2.53353	2.37739	2.37769	2.29725	2.21486	2.07654	1.88048	1.67278	1.5293	1.48107	1.63669	1.85405	2.11652	2.27749	2.40643	2.36172	2.56797	2.70874	2.73462	2.66577	2.53059	2.32005	1.84255	1.28848	0.817191	0.973507	1.24405	1.40247	1.65752	0.570902	0.115218	0.218025	0.322902	0.303373	0.432219	0.622277	-0.0386962	0.015717	0.00849423	0.073544	0.133776	0.230133	0.355786	0.454916	0.480124	0.450039	0.359981	0.170288	-0.134547	-0.341607	-0.457638	-0.55832	-0.640255	-0.614371	-0.563942	-0.574104	-0.552354	-0.42008	-0.169563	-0.00633713	0.109306	0.159817	0.157568	0.0894322	-0.0121059	-0.194218	-0.224299	-0.243154	-0.240077	-0.217922	-0.175756	-0.121972	-0.0586555	0.0350584	0.130625	0.223439	0.249205	0.411678	0.628685	0.814869	0.875085	0.923494	1.02846	1.22027	1.46247	1.6633	1.83384	1.9719	2.14347	2.3791	2.53943	2.6404	2.78881	3.04271	3.34509	3.76869	4.27794	4.72313	4.91691	5.31504	5.73046	6.18218	6.66619	7.17517	7.62033	8.08655	8.55755	9.05174	9.65301	10.2615	10.8991	11.5302	12.1794	12.8603	13.6433	14.5029	15.4292	16.4369	17.5055	18.6443	19.804	20.987	22.2423	23.4581	24.643	25.6595	26.6068	27.5461	28.4086	29.1676	29.8862	30.5303	31.1131	31.6671	32.2809	32.8639	33.5192	34.2794	35.0494	35.9449	36.8517	37.4221	38.2895	39.2556	40.7761	40.3079	40.0813	40.5165	40.7681	40.6847	40.9689	41.3307	41.6293	42.077	42.3551	42.4752	41.658	41.2107	40.6868	40.0884	39.364	38.584	37.7845	36.9726	36.206	35.4431	34.7903	34.1914	33.5978	32.907	32.3662	31.6231	30.9255	30.141	29.3853	28.7058	28.2719	27.4931	26.6684	25.8045	24.9405	24.0742	23.2335	22.3983	21.6148	20.8406	20.097	19.3972	18.7911	18.233	17.7124	17.1602	16.627	16.1296	15.6673	15.2179	14.7935	14.3611	13.986	13.6164	13.2724	12.9723	12.6126	12.2575	11.8703	11.3676	10.8642	10.3791	10.0389	9.84087	9.78914	9.82338	9.79535	9.80769	9.87785	10.0189	10.2614	10.4337	10.6942	11.0027	11.3157	11.5479	11.7493	11.9464	12.1287	12.2607	12.434	12.2819	12.3286	12.1815	12.3297	12.2848	12.2946	12.7956	13.5551	14.7518	16.517	19.1322	22.5245	27.1753	33.0432	41.7463	50.7259	62.0924	72.5909	82.6551	88.1094	81.2245	76.7481	63.2505	50.9242	38.79	31.4279	24.614	20.5637	16.1801	13.7619	11.7026	10.445	9.08652	8.34126	7.58875	6.7852	5.9633	5.0865	4.21551	3.90867	3.4557	3.18897	2.8537	2.58409	2.34811	2.14716	1.94552	1.7477	1.5655	1.40803	1.25814	1.06879	0.765663	0.415458	0.119595	-0.104583	-0.346366	-0.399851	-0.370962	-0.259281	-0.29292	-0.352271	-0.362343	-0.226832	0.0106151	0.279847	0.523281	0.729557	0.806249	0.746657	0.527845	0.390567	0.373661	0.40203	0.520272	0.647076	0.766326	0.842096	0.914651	0.968085	0.985407	0.99804	0.962252	0.835653	0.675163	0.583946	0.482187	0.402799	0.291295	0.157859	-0.0501094	-0.122536	-0.178458	-0.243441	-0.295903	-0.411271	-0.527761	-0.651816	-0.75877	-0.839503	-0.740808	-0.613344	-0.431361	-0.233831	0.0105156	0.25935	0.457056	0.649601	0.789835	0.895254	0.953916	1.00683	0.995754	0.828726	0.769379	0.619183	0.441316	0.25135	0.0510757	0.0148384	0.111722	0.27499	0.446649	0.627407	0.764126	0.89658	0.996952	1.04818	1.09714	1.10589	1.10275	1.08053	1.09484	1.13136	1.11097	1.01123	0.790685	0.554223	0.328044	0.175364	0.083929	0.0128113	0.0294213	0.0941726	0.211325	0.361417	0.523128	0.699753	0.885754	0.971792	1.04797	1.12049	1.14308	1.18117	1.21695	1.28801	1.3181	1.32513	1.33701	1.32954	1.32398	1.23735	1.19712	1.16448	1.19272	1.08607	0.92875	0.8056	0.718206	0.643166	0.586776	0.524299	0.467694	0.363199	0.201462	-0.00364656	-0.19972	-0.362519	-0.469633	-0.478427	-0.43613	-0.377019	-0.264954	-0.153659	-0.0105429	0.170548	0.381301	0.577325	0.752162	0.894169	0.921636	0.840906	0.729621	0.602407	0.502725	0.399622	0.273916	0.170315	0.0784735	0.0307805	-0.0603681	-0.148946	-0.249334	-0.31642	-0.298196	-0.0894267	0.243907	0.627895	0.718515	0.750832	0.76565	0.58755	0.0456903	-0.166785	-0.237733	-0.207056	-0.108092	0.00938308	0.162271	0.278318	0.322344	0.361792	0.353984	0.307599	0.217816	0.0774335	-0.144962	-0.387535	-0.63278	-0.815731	-1.02225	-1.19655	-1.33372	-1.4097	-1.44921	-1.45584	-1.35644	-1.1391	-0.888544	-0.638359	-0.454369	-0.289405	-0.17948	-0.108073	-0.0491023	0.0541618	0.21578	0.37357	0.438528	0.480568	0.519729	0.571566	0.60325	0.631033	0.656367	0.705943	0.785389	0.859348	0.895818	0.862718	0.826878	0.773418	0.838179	0.919305	1.00556	1.08512	1.0172	0.898637	0.748475	0.656672	0.666955	0.706163	0.75351	0.82325	0.903998	1.00224	1.15297	1.3519	1.59349	1.88022	2.22118	2.56581	2.83406	3.06451	3.24268	3.25502	3.24054	3.26416	2.94623	2.57372	2.15987	1.73538	1.34829	1.01126	1.14	1.08099	1.06447	1.07428	1.13152	1.23704	1.34581	1.43863	1.50171	1.50501	1.50069	1.50003	1.52106	1.51139	1.39474	1.2283	1.06804	0.911331	0.831729	0.758791	0.704761	0.73166	0.764974	0.83951	0.974493	1.61954	1.79176	1.86067	1.85545	1.99199	2.16179	2.33691	2.56702	2.69594	2.81699	2.95611	3.12517	3.31343	3.51818	3.74147	3.96183	4.22855	4.41025	4.50182	4.56307	4.59721	4.61465	4.69272	4.8633	5.12543	5.44722	5.82892	6.18728	6.53866	6.92597	7.31038	7.69402	8.11335	8.42556	8.66765	8.96489	9.30253	9.53948	9.81767	10.0322	10.3592	10.7941	11.2672	11.7275	12.0982	12.5553	13.0167	13.415	13.7526	14.0708	14.3496	14.6063	14.8238	15.0569	15.2483	15.4243	15.5745	15.6847	15.6877	15.5854	15.7214	15.9131	16.1316	16.4044	16.7072	17.0309	17.3576	17.664	17.9544	18.1823	18.3322	18.4608	18.6498	18.4356	17.6471	16.6231	14.9487	13.7362	12.5812	11.6932	10.9773	10.3774	10.0041	9.69815	9.60315	9.81123	9.78471	9.76302	9.74896	9.7436	9.81973	9.92413	10.0686	10.424	10.6543	10.7463	10.686	10.3124	9.91767	9.56104	9.17559	8.73172	8.2773	7.7305	7.09359	6.45555	5.72191	5.01474	4.33583	3.75451	3.21484	2.69387	2.20994	1.79804	1.50087	1.27316	1.04793	0.836876	0.656414	0.489414	0.314806	0.202932	0.102118	-0.0120465	-0.124464	-0.254433	-0.32892	-0.306642	-0.207803	-0.115619	-0.0433164	0.00931454	0.0189115	0.0211185	0.0114702	-0.0352504	-0.110786	-0.196292	-0.293595	-0.3952	-0.498754	-0.616892	-0.735246	-0.844198	-0.878302	-0.858752	-0.670249	-0.471126	-0.234527	-0.00313639	0.186477	0.369563	0.526663	0.553313	0.55558	0.527292	0.485871	0.421025	0.370969	0.35007	0.347854	0.342465	0.341005	0.450015	0.587662	0.717582	0.839494	0.922068	0.994946	0.965773	0.912362	0.839745	0.753038	0.635514	0.526105	0.429136	0.337861	0.253123	0.178107	0.107011	0.178771	0.222802	0.21913	0.137207	0.161761	0.217043	0.282055	0.329739	0.346939	0.360086	0.299935	0.215274	0.125557	0.0312648	-0.0285751	-0.059912	-0.0795418	-0.0796188	-0.0825571	-0.187748	-0.301254	-0.404947	-0.461629	-0.481844	-0.475636	-0.439963	-0.303488	-0.212172	-0.092217	0.0889205	0.339136	0.68928	1.08053	1.52193	2.04101	2.70854	3.39329	4.07889	4.70545
0	-20	20.5931	19.2053	17.709	16.6157	15.7054	14.9573	14.2329	13.574	13.054	12.6741	12.2711	11.9078	11.5593	11.2161	10.8282	10.3952	9.90839	9.28762	8.59188	7.88047	7.32477	6.8018	6.3308	5.85363	5.37526	4.92732	4.48963	4.35894	4.31677	4.23341	4.06458	3.86386	3.64538	3.32208	3.03668	2.80069	2.59247	2.43343	2.27687	2.12664	1.95641	1.74313	1.29194	1.12168	0.97131	0.863979	0.799161	0.752064	0.724606	0.681512	0.577175	0.476818	0.48776	0.461022	0.359614	0.221808	0.0906119	0.00513301	-0.164017	-0.305905	-0.4237	-0.512967	-0.554177	-0.557189	-0.516722	-0.422283	-0.224239	0.0183332	0.250474	0.384817	0.474895	0.473411	0.426681	0.363577	0.281832	0.250095	0.213031	0.110801	0.007941	-0.0866709	-0.159902	-0.242881	-0.327781	-0.375257	-0.411163	-0.347498	-0.24587	-0.117882	0.0782589	0.267332	0.463222	0.631136	0.80379	0.964534	1.12241	1.268	1.40999	1.52453	1.6289	1.6201	1.50601	1.36498	1.1883	0.821415	0.476642	0.162749	-0.246334	-0.200517	-0.0603242	0.329402	0.848189	2.30947	2.90942	2.75168	2.93237	3.11552	3.32653	3.52229	3.65326	3.63479	3.5226	3.41139	3.31469	3.28025	3.30629	3.34388	3.40708	3.47573	3.54804	3.6	3.68179	3.77215	3.90167	4.06223	4.31586	4.48291	4.575	4.63801	4.68565	4.72625	4.76938	4.81595	4.85556	4.8556	4.78941	4.7879	4.84397	5.0886	5.39065	5.80063	6.16963	6.49362	6.77484	7.06397	7.42001	7.69036	7.90035	8.0105	8.06788	7.94848	7.81807	7.52333	7.302	7.17028	7.10999	7.18401	7.38932	7.65863	8.01424	8.47232	8.94761	9.92545	10.6409	11.0338	11.0025	10.7987	10.6525	10.4293	10.1411	9.54604	9.4028	9.25685	9.29292	9.44106	9.74551	10.1505	10.6234	10.8309	10.824	10.8315	10.7853	10.7024	10.517	9.45318	9.16883	8.88683	8.78174	8.73161	8.72414	8.74823	8.7861	8.83377	8.87957	8.91472	9.02754	9.14679	9.27817	9.40468	9.54139	9.67647	9.80101	9.90528	9.98657	10.061	10.0771	10.0632	9.94412	9.91686	9.87812	9.78377	9.65629	9.50038	9.31125	9.08874	8.84497	8.62541	8.38511	8.17028	7.94387	7.73725	7.56012	7.41978	7.37553	7.38916	7.44306	7.31509	7.18089	6.99394	6.78367	6.61967	6.33762	6.0563	5.76841	5.48849	5.22993	5.03499	4.88163	4.77174	4.68635	4.64519	4.62721	4.69695	4.8349	4.90919	4.85042	4.7418	4.60511	4.40557	4.21651	3.97079	3.7856	3.73494	3.78251	3.97649	4.29044	4.31437	4.27174	4.13646	3.9135	3.52653	3.26018	3.05501	2.8477	2.65188	2.50328	2.80425	2.79811	2.76677	2.71168	2.65575	2.58511	2.50321	2.41303	2.32699	2.34685	2.40048	2.48761	2.58014	2.61643	2.56466	2.54616	2.48432	2.27225	2.07254	1.86983	1.71077	1.42658	1.11625	0.816149	0.519932	0.260473	0.0227054	-0.147782	-0.278163	-0.331339	-0.380775	-0.399666	-0.435845	-0.431253	-0.37948	-0.174225	-0.0457307	0.129698	0.498275	0.872481	1.12676	1.27138	1.41485	1.52794	1.60642	1.63542	1.60518	1.48746	1.29399	1.0788	0.910834	0.822656	0.78118	0.493002	0.471833	0.335805	-0.238275	-0.33266	-0.284848	-0.138009	0.107228	0.389705	1.18915	1.72548	2.22491	2.48677	2.59424	2.71239	2.81455	2.91046	2.99002	3.09997	3.18395	3.27673	3.37125	3.46599	3.58459	3.74418	3.93365	4.17884	4.45549	4.77688	5.134	5.40506	5.5285	5.56598	5.6033	5.68252	5.79516	5.9743	6.24318	6.60211	7.04862	7.60488	8.24939	8.97662	9.65208	10.4556	11.2978	12.2247	13.2105	14.1945	15.0262	15.8188	16.5184	17.194	17.8377	18.4081	19.0123	19.5413	20.0967	20.6628	21.3914	22.138	22.9416	23.825	24.7816	25.7463	26.5807	27.3026	27.8101	28.5416	29.2192	29.9022	30.832	31.2079	31.4609	31.6108	31.2613	31.1476	31.2286	31.8774	32.6395	33.4118	33.8987	34.2438	34.4351	33.2842	32.7704	32.3465	31.993	31.6117	31.1785	30.7164	30.2108	29.7225	29.2235	28.8422	28.4696	27.9064	27.3721	26.8108	26.2794	25.6497	25.034	24.4108	23.8221	23.3408	22.8798	22.4962	21.9865	21.4371	20.8576	20.2712	19.6741	19.0648	18.4607	17.8847	17.4621	17.1868	16.6144	15.9765	15.3001	14.5523	13.7898	12.9859	12.2481	11.5687	10.9576	10.4189	10.0304	9.72334	9.61042	9.35497	9.18854	9.3299	9.26184	9.11405	8.84334	8.64477	8.40866	8.18253	7.94071	7.71964	7.48534	7.22549	7.09232	7.07301	7.12537	7.32223	7.58004	7.90719	8.27942	8.41372	8.6212	8.81653	9.0087	9.12981	9.29608	9.26278	9.34155	9.16265	8.87286	8.47586	8.08441	7.84077	7.66182	7.98625	8.24299	9.16631	9.96645	11.4237	13.498	16.0497	19.0479	22.7726	26.7478	31.6636	35.3391	38.8367	40.7195	39.4835	37.4624	33.3116	29.695	24.0957	20.0921	16.2153	13.5429	11.062	9.14922	7.55133	6.96267	5.89619	5.01801	4.30271	3.76828	3.39472	3.21879	3.14465	2.65713	2.43181	2.15829	1.93668	1.92861	1.94285	1.95201	1.80187	1.68503	1.61281	1.56264	1.53248	1.51909	1.52808	1.55429	1.60636	1.67004	1.77169	1.88671	1.96368	2.06074	2.01956	1.95448	1.82305	1.63355	1.36515	1.13239	0.941621	0.768116	0.607259	0.456172	0.280997	0.123798	-0.0124345	-0.100975	-0.159232	-0.0694049	0.0602422	0.229136	0.31858	0.390227	0.476682	0.592178	0.726264	0.87336	1.03753	1.22701	1.41049	1.53223	1.47887	1.23392	0.935534	0.593695	0.228264	-0.0668605	-0.321345	-0.500639	-0.723776	-0.856361	-0.810412	-0.716902	-0.601616	-0.594039	-0.483099	-0.377038	-0.293904	-0.364298	-0.468442	-0.296343	0.0380026	0.55045	0.870377	1.3912	1.57774	1.69385	1.73478	1.71769	1.63702	1.54544	1.30165	1.00875	0.592143	0.393522	0.131814	-0.0938132	-0.160786	-0.0756977	0.118591	0.761751	1.03923	1.2357	0.975289	0.977036	0.908764	0.78546	0.616065	0.522718	0.466376	0.318895	0.022975	-0.0758793	-0.108914	-0.156071	-0.248267	-0.315812	-0.340951	-0.246249	-0.308495	-0.357348	-0.443206	-0.483795	-0.461598	-0.353838	0.217085	0.413052	0.593083	0.735425	0.876273	1.01949	1.1434	1.24879	1.14342	1.11566	0.959505	0.908325	0.910515	0.901492	1.01264	0.951063	0.819688	0.6413	0.445741	0.259845	0.154951	0.0903505	0.0826737	0.100756	0.236962	0.486793	0.329144	0.190152	0.101373	0.0499825	0.0175149	0.00234803	0.00618118	0.0200203	0.0729588	0.119336	0.25196	0.383215	0.486439	0.570936	0.657722	0.737015	0.863702	0.919832	0.877929	0.763021	0.652578	0.578689	0.535298	0.457233	0.375087	0.132807	0.120765	0.195913	0.366716	0.475597	0.537694	0.556482	0.533777	0.46346	0.356022	0.218841	0.281211	0.326507	0.367573	0.400795	0.428762	0.447481	0.457443	0.460433	0.455368	0.466017	0.498457	0.536876	0.57505	0.605776	0.637742	0.665588	0.677471	0.661236	0.66278	0.502927	0.320082	0.142823	0.0786259	0.0387243	0.00438809	-0.0521191	-0.179674	-0.216397	-0.271453	-0.40267	-0.81227	-1.27819	-1.70524	-2.34481	-2.28857	-2.15286	-1.81645	-1.30948	-1.05733	-0.814882	-0.496683	-0.114669	0.248049	0.365054	0.34191	0.11886	0.083504	0.123799	0.239121	0.354726	0.640628	0.78268	0.721495	0.748577	1.09372	1.5087	1.60994	1.66162	1.66766	1.67096	1.67599	1.68287	1.67187	1.66483	1.65432	1.63921	1.61666	1.58671	1.55435	1.51855	1.48265	1.44354	1.40461	1.3681	1.31591	1.25184	1.19226	1.13168	1.09729	1.06872	1.17105	1.22629	1.2936	1.35654	1.64545	1.81523	1.91812	1.97	2.00095	1.98614	1.95393	1.90396	1.82733	1.7368	1.627	1.52301	1.42747	1.45989	1.68496	1.95229	2.22516	2.73004	2.91425	3.01217	3.01481	2.86376	2.51964	2.68557	2.92901	2.95219	2.93754	2.97756	3.02085	3.1278	3.03345	2.87338	2.78394	2.88172	3.08544	3.35873	3.67827	3.65789	3.87972	4.29102	4.71162	5.09317	5.45592	5.8163	6.13564	6.40951	6.62537	6.74369	6.6545	6.71466	6.77774	6.88564	7.05962	7.33167	7.72087	8.01546	8.32553	8.63763	9.01715	9.32331	9.54596	9.74815	9.95197	10.1382	10.2985	10.5502	10.8086	11.1004	11.4056	11.7394	12.0807	12.4132	12.4955	13.041	13.6653	13.9106	14.1174	14.184	14.1169	13.9711	13.7886	13.367	13.2049	13.3865	13.5951	14.0181	14.3255	14.5651	15.0361	15.4875	15.8632	16.2871	16.9426	16.5441	15.8802	14.5833	13.6302	12.6066	11.5603	9.95608	9.36744	8.8247	8.37396	8.01676	7.75116	7.56799	7.45812	7.40566	7.4309	7.44467	7.63448	7.94853	8.37083	8.82893	9.26793	9.60615	9.5178	9.51661	9.36088	9.13944	8.86509	8.50431	8.02714	7.41411	6.85059	6.25972	5.60199	4.91398	4.25679	3.65647	3.23425	2.82796	2.45463	2.10862	1.76817	1.54333	1.48724	1.39076	1.28844	1.20553	1.23097	1.26985	1.29526	1.26487	1.22072	1.10709	0.945073	0.765429	0.602913	0.461933	0.340586	0.25535	0.189658	0.16447	0.148559	0.121571	0.0911564	0.0478989	-0.0140974	-0.130666	-0.263832	-0.382173	-0.374174	-0.233073	-0.08262	0.120534	0.382719	0.62736	0.836562	1.01672	1.15065	1.2598	1.31151	1.33742	1.29069	1.22093	1.11672	0.980344	0.84218	0.689771	0.575645	0.476819	0.593373	0.719436	0.853336	1.03687	0.944782	0.93509	0.581668	0.17205	-0.0727111	-0.805425	-0.848893	-0.729289	0.491002	1.06833	1.47215	1.21557	0.900847	1.09727	1.05547	0.612169	0.388051	0.291108	0.203113	-0.152961	-0.666965	-1.91145	-1.71179	-1.42455	-0.0245036	0.0169138	0.0839298	0.114936	0.143192	0.077244	-0.0287094	-0.069881	-0.0493851	0.0577255	0.0810168	0.120578	0.152094	0.174762	0.18485	0.172983	0.158085	0.157678	0.213565	0.290294	0.286615	0.218748	0.132716	0.0559878	0.0100335	0.0169212	0.292239	0.8315	1.38164	2.54332
0	0	15.8828	15.3186	14.8525	14.1666	13.6802	13.2768	12.9255	12.5348	12.2081	12.1062	11.7484	11.3855	10.9007	10.4276	9.93781	9.46562	9.00125	8.59113	8.20576	7.84149	7.52491	7.2416	7.01486	6.80564	6.631	6.49398	6.33386	6.1606	5.96418	5.6936	5.45068	5.12396	4.77527	4.42833	4.15794	3.928	3.74659	3.60579	3.44698	3.19	2.74553	2.45751	2.23487	2.05284	1.90926	1.7929	1.68869	1.65146	1.63292	1.63257	1.6681	1.62213	1.46524	1.30922	1.14188	0.965779	0.792036	0.602733	0.406218	0.152059	-0.0522875	-0.163325	-0.189385	-0.244645	-0.265087	-0.258515	-0.22965	-0.144587	-0.0533054	0.0305799	0.127195	0.240297	0.34573	0.44596	0.548846	0.655025	0.765765	0.860067	0.888802	0.781712	0.653105	0.495804	0.279144	0.034773	-0.100868	-0.166607	-0.170199	-0.158838	-0.145148	-0.134571	-0.108934	-0.0714577	-0.0534022	0.00570153	0.0854403	0.154888	0.226295	0.288975	0.287656	0.25868	0.228461	0.047472	-0.178759	-0.224617	-0.137046	0.0627886	0.372251	0.739537	1.05644	0.977778	1.05786	1.13088	1.26745	1.42374	1.88885	1.78914	1.47839	0.980847	1.16256	0.966463	0.856427	0.755324	0.850821	0.834284	0.811541	0.807879	0.804136	0.816723	0.78916	0.789995	0.80197	0.872218	0.928017	0.998587	1.01827	0.955264	0.962833	0.989665	1.07188	1.12145	1.21689	1.32483	1.45544	1.5778	1.69393	1.80767	1.92847	2.01941	2.07995	2.12833	2.14902	2.15352	2.11771	2.07794	1.99763	1.70863	1.62561	1.59189	1.56461	1.55996	1.60565	1.71618	1.89779	2.13566	2.47445	2.96582	3.49763	4.01703	4.50401	4.94142	5.32255	5.64101	5.91177	6.10524	6.18848	6.21202	6.19234	6.12812	6.02291	5.94195	5.82039	5.68933	5.53711	5.41284	5.3078	5.19754	5.08518	4.96533	4.85179	4.73342	4.62247	4.33169	4.13982	4.02021	3.96372	4.16008	4.37904	4.60108	4.82278	4.90546	4.89528	4.8564	4.80511	4.79962	4.76775	4.7648	4.70851	4.55957	4.42567	4.33042	4.30635	4.41978	4.52229	4.60794	4.63604	4.73997	4.85379	4.96947	5.07285	5.16232	5.20759	5.2401	5.2453	5.20608	5.11361	4.9768	4.82042	4.63169	4.41407	4.1372	3.84059	3.52844	3.19982	2.88396	2.67317	2.37946	2.11615	1.88515	1.69692	1.62582	1.62583	1.70635	1.81987	1.99325	2.17063	2.32488	2.43392	2.48257	2.43446	2.32235	2.15488	1.95889	1.72589	1.48206	1.13277	0.779222	0.440292	0.275915	0.148994	0.205578	0.389303	0.586372	0.726661	0.752442	0.809737	0.880532	0.953098	0.997108	0.982974	0.926546	0.811725	0.634724	0.383198	0.171125	0.0540699	-0.048496	-0.079391	-0.109071	-0.173651	-0.216274	-0.301897	-0.251543	-0.148467	0.00358425	0.17629	0.337592	0.473497	0.591198	0.596109	0.559061	0.45761	0.22722	-0.0298411	-0.267931	-0.337775	-0.348508	-0.308097	-0.227362	-0.10369	0.0687742	0.192665	0.326689	0.316551	0.367495	0.360947	0.315744	0.241763	0.232638	0.105233	-0.0630398	-0.204708	-0.300258	-0.350219	-0.361439	-0.32574	-0.259767	-0.192358	-0.0374525	0.124035	0.285742	0.419189	0.502716	0.551435	0.614025	0.773316	0.852045	0.833936	0.789484	0.745732	0.698155	0.661834	0.656065	0.673639	0.728469	0.794085	0.779755	0.767867	0.791168	0.867505	0.9918	1.12526	1.27883	1.46978	1.67798	1.88827	2.11205	2.32796	2.53653	2.70759	2.8854	3.06725	3.25332	3.53245	3.81848	4.08209	4.09606	4.24497	4.4376	4.66502	4.95784	5.27613	5.64376	6.08365	6.53341	6.97077	7.36352	7.69234	7.89446	7.99395	8.2766	8.72163	9.24007	9.745	10.3273	11.27	12.0458	12.9186	13.7563	14.6004	15.3982	16.1822	16.7708	17.5367	18.3118	19.0896	19.8719	20.6243	21.3793	22.11	22.8858	23.6592	24.3974	25.0874	25.7378	26.3263	26.7826	27.275	27.7029	28.1109	28.5184	28.9115	29.2207	29.8609	30.4452	30.782	30.8988	30.9813	31.0046	30.5181	30.2016	30.0471	29.7705	29.4563	29.0867	28.6417	28.1758	27.7085	27.3367	27.0184	26.7756	26.555	26.2897	26.0011	25.6798	25.3346	24.9729	24.6061	24.1814	23.7329	23.2703	22.7286	22.2037	21.6746	21.1812	20.6602	20.1662	19.6793	19.2077	18.7813	18.462	18.0464	17.6429	17.2582	16.896	16.5328	16.1404	15.6346	15.1124	14.5919	14.0884	13.6205	13.1687	12.7209	12.3018	11.8824	11.4995	11.0984	10.754	10.4148	10.0608	9.72389	9.42274	9.22873	9.09772	9.01035	8.88064	8.73945	8.552	8.36112	8.18406	8.00596	7.74475	6.97257	6.69206	6.42622	6.30845	6.3535	6.51935	6.89678	7.53344	7.87512	8.30167	8.66402	8.52546	8.56705	8.40117	8.07722	7.55659	7.15232	6.59528	6.62287	6.56528	7.08006	7.3915	8.15823	9.12711	10.6817	11.7262	13.7735	16.1005	18.4037	20.7458	23.0104	24.9376	26.6597	28.5353	28.2765	27.2954	24.1842	21.3497	17.5973	14.1604	10.1155	7.55978	5.41541	5.74131	5.18376	4.66787	4.24117	3.84749	3.46642	3.01872	2.60261	2.28881	2.00331	1.81358	1.67197	1.58791	1.5327	1.52125	1.54123	1.54455	1.57754	1.60012	1.63309	1.63587	1.63003	1.53937	1.51903	1.61295	1.76741	1.95676	2.11058	2.16129	2.09948	1.98385	1.76039	1.63329	1.5571	1.34881	1.13324	0.910446	0.686582	0.49326	0.297169	0.137376	0.0317868	-0.0448316	-0.0609535	-0.124173	-0.203962	-0.27803	-0.344076	-0.395356	-0.428432	-0.43685	-0.403608	-0.344061	-0.290799	-0.254188	-0.208811	-0.154043	-0.0332098	0.0525785	0.149888	0.185231	0.215232	0.225309	0.230366	0.189849	0.168614	0.138212	0.118011	0.0732297	0.0571163	0.0453532	0.0264323	0.0255281	0.0108977	0.00912573	0.0209324	0.0966205	0.213352	0.307329	0.385093	0.405934	0.377144	0.334982	0.243865	0.177626	0.125174	0.0700254	0.0162761	-0.0780296	-0.164429	-0.195081	-0.21603	-0.234783	-0.197104	-0.140441	-0.0726552	0.00153833	0.0717001	0.147703	0.21762	0.268297	0.3124	0.342264	0.308392	0.274461	0.243082	0.203444	0.164832	0.118129	0.187796	0.278339	0.349639	0.452981	0.553605	0.667425	0.76832	0.838812	0.905279	0.946594	0.970286	0.964682	0.942982	0.893299	0.834043	0.730206	0.59909	0.45051	0.161825	-0.13971	-0.226584	-0.194942	-0.161659	-0.099932	-0.0276063	0.00226296	-0.0553112	-0.0908196	-0.123988	-0.154404	-0.181859	-0.188572	-0.0331586	0.129928	0.196947	0.254426	0.30116	0.338618	0.324735	0.276051	0.189935	0.0305983	-0.149285	-0.263058	-0.334247	-0.339048	-0.342776	-0.270779	-0.155905	0.0188336	0.160578	0.29026	0.395651	0.464061	0.500136	0.44571	0.387596	0.292141	0.16246	0.0122238	-0.119738	-0.244078	-0.26127	-0.158416	0.0564231	0.26109	0.464458	0.646479	0.745612	0.837631	0.894077	0.90634	0.823369	0.715495	0.561253	0.4115	0.260844	0.145541	0.054152	0.138894	0.313521	0.492831	0.673584	0.774519	0.785359	0.765453	0.723316	0.698928	0.666998	0.61618	0.53142	0.456186	0.32794	0.188017	0.0710238	-0.0283475	-0.0425173	-0.00356311	0.0768089	0.145305	0.136272	0.021338	-0.125095	-0.211529	-0.243117	-0.258786	-0.253425	-0.244997	-0.2082	-0.16648	-0.123709	-0.124043	-0.454646	-0.453	-0.37808	-0.270502	-0.144467	0.0343256	0.259489	0.586449	0.873243	1.08832	1.28008	1.45289	1.5978	1.71245	1.78799	1.84121	1.87712	1.9076	1.91825	1.94149	1.95082	1.98932	2.02221	2.0385	2.03619	1.99992	1.9114	1.82346	1.74632	1.69878	1.6364	1.5027	1.46619	1.45402	1.47344	1.43953	1.47759	1.59377	1.79353	2.02422	2.24728	2.45016	2.43318	2.22016	1.99552	2.14671	2.24525	2.27572	2.33043	2.49645	2.64647	2.77368	2.83873	2.87245	2.89932	2.93089	3.02159	3.14542	3.24763	3.32206	3.32668	3.3734	3.36346	3.33519	3.37348	3.39536	3.42209	3.47873	3.52661	3.57471	3.58997	3.58758	3.60066	3.71634	3.8076	3.90427	4.04802	4.14983	4.26509	4.38309	4.48574	4.56441	4.63749	4.70865	4.77826	4.8351	4.88261	4.96722	5.05561	5.12579	5.14331	5.17604	5.22567	5.38911	5.53737	5.78044	6.03307	6.29925	6.53459	6.74621	6.95022	7.11202	7.16209	7.30388	7.65247	7.99776	8.35362	8.67159	9.0315	9.36367	9.68734	9.97726	10.2669	10.5482	10.8757	11.1646	11.4131	11.5789	11.6833	11.7649	11.8389	12.0459	12.2417	12.404	12.52	12.6118	12.6971	12.7851	12.8967	12.9388	12.7892	12.618	12.7975	13.0286	13.298	13.6203	13.9506	14.3498	14.7287	15.1082	15.4345	15.2148	14.8448	13.8405	12.9065	11.9331	10.9187	10.0169	9.2419	8.52182	7.89353	7.38229	7.18668	7.06964	7.2414	7.39706	7.55277	7.5182	7.74843	7.98112	8.2559	8.50353	8.70302	8.78258	8.74336	8.62524	8.40154	8.06365	7.54233	7.06826	6.52064	5.86516	5.19519	4.61451	4.12069	3.73041	3.4359	3.21035	2.98413	2.74345	2.47274	2.16102	1.86421	1.65769	1.46945	1.28461	1.09715	0.893332	0.721146	0.55626	0.404144	0.217743	-0.0285854	-0.0854169	0.0640454	0.375712	0.491338	0.590809	0.792824	0.881535	0.853897	0.826583	0.749909	0.673577	0.553371	0.397428	0.172839	0.0490215	-0.0359229	-0.0985114	-0.260188	-0.328652	-0.331803	-0.345852	-0.3578	-0.342324	-0.355455	-0.367819	-0.360172	-0.351674	-0.310021	-0.255705	-0.169228	-0.0664568	0.0485194	0.195313	0.276141	0.201033	0.115472	0.101911	0.21652	0.468003	0.65606	0.632032	0.598146	0.489728	0.296666	0.0843639	-0.0443589	-0.10855	-0.076118	0.0164519	0.130395	0.297179	0.400711	0.523328	0.643165	0.753152	0.80678	0.764566	0.764177	0.748439	0.691774	0.622962	0.557723	0.490967	0.411147	0.344838	0.27488	0.213605	0.169685	0.141742	0.168137	0.304273	0.29875	0.282563	0.258384	0.240461	0.228033	0.103425	-0.100637	-0.413385	-0.712488	-0.715922	-0.565831	-0.187546	0.286489	0.783619	1.12765	1.39869	1.59301	1.75055	1.71717	1.9924	2.26606	2.76563	3.12587	3.51775
0	20	17.1091	16.894	16.5207	16.04	15.4724	14.8117	14.1569	13.4329	12.7826	12.1002	11.5366	11.0163	10.5766	10.1502	9.79079	9.48743	9.14484	8.83392	8.63332	8.45641	8.20161	7.93794	7.56861	7.13698	6.61931	6.07495	5.49012	4.99273	4.54194	4.14914	3.84682	3.67123	3.51974	3.14387	2.84013	2.58244	2.35369	2.29858	2.5432	2.27377	1.95811	1.62782	1.25004	1.08119	0.924796	0.834596	0.730732	0.661695	0.58884	0.38793	0.310241	0.278886	0.238244	0.307599	0.258883	0.205031	0.156516	0.040187	-0.0842967	-0.20479	-0.376013	-0.408569	-0.298613	-0.0560983	0.24833	0.372557	0.322995	0.266511	0.0845199	-0.133982	-0.308411	-0.462663	-0.617928	-0.750635	-0.728004	-0.635457	-0.422055	-0.124189	0.200813	0.590953	0.8675	0.474053	0.360954	0.258138	0.142882	0.00494949	-0.0800709	-0.151206	-0.234867	-0.260692	-0.261584	-0.236485	-0.134855	0.0187831	0.145886	0.346841	0.593126	0.83888	1.0316	1.13764	1.11101	1.05277	0.947712	0.886254	0.805325	0.700451	0.593538	0.5128	0.443403	0.428083	0.552851	0.740623	0.924984	1.07624	1.2275	1.41398	1.63747	1.85885	2.05335	2.14586	2.20337	2.24249	2.29861	2.33451	2.33191	2.41707	2.43845	2.47871	2.53395	2.5871	2.68426	2.78478	2.82946	2.88515	2.88284	2.96496	3.02625	3.12625	3.17251	3.1718	3.1586	3.10566	3.12381	3.16701	3.41378	3.72777	4.25403	4.72918	5.10901	5.25053	5.3925	5.3284	4.9448	4.95051	4.96271	4.86356	4.93296	5.04755	5.18786	5.52786	5.73021	5.83301	5.93325	6.03676	6.17045	6.31092	6.54263	6.77675	7.02671	7.24175	7.40215	7.53915	7.67718	7.80052	7.91479	8.09926	8.20673	8.24606	8.26013	8.22938	8.14952	8.00625	7.86114	7.79532	7.71259	7.64847	7.60449	7.53187	7.42608	7.30573	7.32688	7.3823	7.61032	7.6564	7.79398	7.97757	8.11693	8.27191	8.44127	8.46015	8.42485	8.34322	8.25486	8.23799	8.18653	8.22535	8.24998	8.30265	8.30303	8.38991	8.44761	8.45323	8.42774	8.34473	8.2707	8.23993	8.18222	8.09417	8.05548	7.92633	7.82551	7.74524	7.66437	7.67896	7.60636	7.54442	7.40678	7.3015	7.22023	7.15187	6.89063	6.72462	6.4738	6.22477	6.01955	5.85861	5.74524	5.67987	5.59928	5.44104	5.38524	5.31975	5.15479	4.9559	4.74321	4.48866	4.28457	3.84998	3.75026	3.7148	3.69089	3.7063	3.70759	3.70191	3.78962	3.86243	3.94881	3.9887	3.96597	3.90993	3.89921	3.68666	3.3111	3.26778	3.2814	3.28713	3.27098	3.31294	3.57941	3.69409	3.84476	3.79927	3.76964	3.77157	3.80371	3.73291	3.62243	3.42125	3.1065	2.85993	2.62529	2.3716	2.02509	1.80829	1.545	1.36463	1.25256	1.2534	1.32778	1.41771	1.60529	1.7873	1.959	1.9889	1.99475	2.01589	2.05191	2.04442	2.07729	2.12164	2.16763	2.12971	2.05765	1.97516	1.83328	1.60658	1.43324	1.34194	1.28327	1.22951	1.14993	1.05688	0.960602	0.958574	0.897067	0.850145	0.740899	0.524724	0.27628	-0.0328867	-0.279796	-0.56117	-0.909357	-0.95052	-1.03956	-0.940886	-0.735369	-0.376927	0.276067	0.453177	0.748655	0.87162	1.06044	1.0636	1.10144	0.570782	0.341	0.390674	0.451073	1.09981	1.35662	1.33737	1.42875	1.4913	1.50381	1.48934	1.54377	1.68821	1.86054	2.03265	2.15023	2.27199	2.47011	2.68657	2.99249	3.34573	3.80336	4.34016	4.7689	5.14607	5.45996	5.7071	5.90569	6.11426	6.35039	6.49412	6.70534	6.71915	7.11408	7.53194	8.01564	8.67857	9.41851	10.3487	11.1466	11.7979	12.2828	12.7985	13.2694	13.9134	14.4638	14.964	15.5706	16.2754	16.9249	17.6178	18.2334	18.5961	19.095	19.5108	20.0125	20.5307	20.9931	21.4549	21.9441	22.3591	22.6572	22.7509	23.0067	23.0979	23.2879	23.6878	24.4689	25.3353	26.2361	27.0557	28.8069	27.5099	27.7666	27.5565	27.3625	27.1347	26.7538	26.4097	25.9446	25.3901	24.8066	24.252	23.7719	23.6709	23.9819	24.1523	24.3368	24.3833	24.2706	23.9393	23.4528	22.1727	21.6581	21.3696	21.1047	20.9748	20.7025	20.2779	19.7888	19.266	18.7552	18.1773	17.5731	16.9914	16.354	15.7878	15.2476	14.6812	14.1452	13.6012	13.1213	12.7162	12.547	12.4622	12.0449	11.6087	11.0933	10.6182	10.1842	9.63142	9.18233	8.75943	8.42931	8.14673	7.96678	7.75505	7.48907	7.19485	6.90878	6.49067	6.16083	5.93601	5.81087	5.68232	5.5709	5.60084	5.6374	5.72867	5.87492	6.04036	6.1662	6.30051	6.66311	6.97983	7.13409	7.20864	7.16446	7.02741	6.86542	6.59689	6.56657	6.26316	6.03505	5.83511	5.66023	5.52612	5.4248	5.33874	5.84157	6.70924	7.87536	9.16111	10.6559	12.1526	13.8345	15.6927	17.2748	18.5754	19.3268	19.4914	19.2911	18.3201	17.2481	14.7219	13.1169	11.3494	9.40686	7.57548	5.74063	4.14706	2.9162	1.89434	1.32464	1.06066	0.611532	0.377228	0.326809	0.297562	0.335275	0.377166	0.359038	0.278835	0.199999	0.127959	0.0371432	-0.0776483	-0.040175	0.0277249	0.100889	0.279036	0.381678	0.472669	0.563456	0.629995	0.713181	0.836278	0.911012	0.924636	0.91297	0.886471	0.794586	0.666449	0.488885	0.343393	0.2162	0.141449	0.156608	0.1461	0.151914	0.184829	0.263071	0.363772	0.491944	0.670516	0.834851	1.0477	1.23335	1.40918	1.58383	1.71135	1.84818	1.8724	1.79748	1.72118	1.47549	1.21451	0.881338	0.545068	0.266701	-0.0558927	-0.325444	-0.353396	-0.350546	0.055087	-0.00382826	-0.119463	-0.226179	-0.274889	-0.257807	-0.260071	-0.380586	-0.438543	-0.473468	-0.480594	-0.465809	-0.453727	-0.405522	-0.363621	-0.391144	-0.38062	-0.362654	-0.329434	-0.269769	-0.146003	0.029052	0.188089	0.38365	0.65058	0.861224	1.03208	1.165	1.26435	1.2639	1.09563	1.06354	0.971772	0.89438	0.830653	0.688642	0.571895	0.475677	0.459756	0.547001	0.576006	0.565191	0.546643	0.577109	0.561928	0.470948	0.368282	0.192474	-0.0217622	-0.218944	-0.426293	-0.545403	-0.611577	-0.723586	-0.675761	-0.631004	-0.582002	-0.527995	-0.417154	-0.32631	-0.210594	-0.0992307	-0.103218	-0.0652145	0.0110798	0.093746	0.224672	0.321687	0.4239	0.493664	0.54312	0.580889	0.624073	0.653887	0.744184	0.839597	0.920473	0.921531	0.92442	0.894319	0.941412	0.883202	0.841106	0.850897	0.887461	1.05005	1.11511	1.15844	1.18094	1.14667	1.15857	1.0617	0.984976	0.890155	0.852489	0.756626	0.673715	0.579241	0.437861	0.228813	0.0546611	-0.162272	-0.302202	-0.221793	-0.0782672	0.101355	0.334368	0.49003	0.570376	0.608633	0.607739	0.597652	0.595685	0.499793	0.426953	0.328591	0.27133	0.15844	0.0939249	0.0350093	-0.0508246	-0.0431146	0.040017	0.132597	0.238361	0.387871	0.516788	0.546508	0.556548	0.4893	0.466393	0.39942	0.436555	0.424088	0.389057	0.337031	0.309113	0.245769	0.203578	0.17472	0.180781	0.26231	0.43389	0.590275	0.739011	0.822731	0.829251	0.83453	0.857757	0.881911	0.865137	0.87314	0.890691	0.743149	0.532151	0.271076	-0.0533537	-0.368674	-0.612412	-0.766377	-0.837856	-0.861898	-0.828031	-0.840499	-0.8268	-0.705105	-0.461443	-0.213719	0.0756833	0.360294	0.667557	1.02557	1.28311	1.40213	1.56588	1.78695	1.91782	2.01023	2.07172	2.0806	2.01224	2.12787	2.07346	2.02552	1.96789	1.927	1.91745	1.89144	1.85744	1.81959	1.82688	1.77625	1.76012	1.74161	1.88842	2.05476	2.23879	2.36834	2.48851	2.58999	2.76112	3.04236	3.18916	3.27518	3.34346	3.35703	3.3479	3.14561	2.79979	2.43283	2.1009	1.8428	1.43798	0.958215	0.738804	0.621528	0.56723	1.01326	1.19024	1.39557	1.66836	1.92999	2.15124	2.32253	2.45365	2.48618	2.43897	2.11079	2.03424	1.97811	2.01562	2.12351	2.27427	2.43065	2.58466	2.75629	2.98841	3.25087	3.47598	3.7727	4.04831	4.15453	4.18956	4.13568	4.10275	4.02029	3.93546	3.92209	4.05883	4.18985	4.36976	4.53102	4.74066	4.90807	5.0464	5.22011	5.28627	5.52338	5.83691	6.20065	6.41835	6.59563	6.87522	7.16535	7.41245	7.70557	7.9817	8.20091	8.41513	8.66374	8.96225	9.24683	9.49352	9.74699	9.94926	10.0939	10.187	10.2985	10.3688	10.4695	10.5092	10.4033	10.3302	10.1521	10.0426	9.94041	9.79981	9.80241	9.79801	10.0082	10.2624	10.6821	11.1238	11.5941	12.0701	12.639	12.9755	13.1347	13.0354	12.736	12.1316	11.386	10.52	9.56753	8.64573	7.76901	6.88325	6.51643	5.99156	5.67627	5.437	5.48441	5.43253	5.42176	5.53919	5.74083	5.93742	6.16437	6.44046	6.71844	6.95405	7.15808	7.24977	7.2633	7.06483	6.7559	6.33365	5.86296	5.28758	4.69938	4.06008	3.43277	2.89193	2.44317	2.1353	1.8734	1.73969	1.64502	1.61453	1.61669	1.63827	1.64187	1.6157	1.58524	1.4916	1.35701	1.14478	0.894117	0.67502	0.408129	0.11348	-0.0733889	-0.217691	-0.307091	-0.386479	-0.517107	-0.565003	-0.550407	-0.475921	-0.353607	-0.26771	-0.073744	0.137079	0.298075	0.448049	0.616222	0.738057	0.780573	0.769757	0.748071	0.76756	0.76469	0.695356	0.660914	0.604281	0.504329	0.402014	0.292741	0.163026	-0.0348292	-0.188511	-0.217145	-0.220528	-0.15123	-0.0149317	0.0952151	0.186825	0.298935	0.426567	0.558217	0.57684	0.586686	0.538413	0.520209	0.46102	0.402712	0.395261	0.294303	0.206767	0.0727513	-0.0163167	-0.0968137	-0.203199	-0.282267	-0.406383	-0.567235	-0.603973	-0.52677	-0.41316	-0.242005	-0.0839202	0.0770523	0.179646	0.306417	0.461518	0.619902	0.734952	0.677755	0.639211	0.407882	0.400061	0.425331	0.446715	0.373722	0.246216	0.145883	0.15804	0.0921433	-0.0567784	-0.178551	-0.268883	-0.346897	-0.297322	-0.419323	-0.243304	-0.0249889	0.274086	0.698145	1.70853	1.32537	0.611294	0.921251	2.39533	1.94523	1.19255
20	-20	21.5293	19.4752	18.194	17.0999	16.2475	15.7494	15.3875	15.1307	14.842	14.5386	14.1661	13.7189	13.2195	12.7063	12.1821	11.6795	11.2143	10.7325	10.2838	9.84206	9.40434	9.03464	8.65098	8.29631	8.03402	7.85076	7.65468	7.40019	7.05222	6.6724	6.24168	5.76278	5.22022	4.60779	3.9553	3.33113	2.78653	2.32264	1.90418	1.56458	1.31885	1.15848	1.01471	1.03071	1.0559	1.17291	1.29251	1.3971	1.46468	1.50981	1.47876	1.41075	1.28796	1.13283	0.949806	0.708992	0.462273	0.226947	0.0298474	-0.123011	-0.224512	-0.297947	-0.287929	-0.174843	-0.0216259	0.15139	0.387804	0.622246	0.825561	0.926736	0.90964	0.878846	0.799317	0.681382	0.583988	0.426774	0.22413	0.0320531	-0.153873	-0.311093	-0.415841	-0.494667	-0.562477	-0.602175	-0.596924	-0.513097	-0.391375	-0.257736	-0.109807	0.0440035	0.183465	0.33162	0.461488	0.599215	0.688434	0.75346	0.802967	0.833591	0.827066	0.764575	0.646336	0.40698	0.193401	0.0667809	0.0158909	0.0634812	0.183219	0.375077	0.154804	-0.0103698	-0.0810723	-0.0903392	-0.118464	-0.159812	-0.151228	0.0395919	0.26586	0.365136	0.369673	0.479787	0.631765	0.786153	0.935661	1.0711	1.22012	1.26927	1.24781	1.2357	1.14131	1.01952	0.903455	0.726798	0.53279	0.340209	0.168378	0.108558	0.0378724	0.00364875	0.0180398	0.138001	0.274338	0.524345	0.922721	1.39386	1.8513	2.26216	2.50796	2.74073	2.93384	3.13747	3.3331	3.32054	3.19707	3.05715	2.90572	2.887	2.72487	2.61125	2.62042	2.81739	3.26979	3.89845	3.95421	4.29659	4.60295	4.86981	5.09648	5.28612	5.42365	5.54106	5.62401	5.67188	5.69153	5.6874	5.67905	5.68891	5.6887	5.67928	5.62687	5.58323	5.5364	5.49116	5.44274	5.41525	5.36232	5.31543	5.27742	5.25745	5.25478	5.26451	5.31114	5.34028	5.39643	5.47111	5.53792	5.60383	5.57825	5.83542	5.93786	6.1179	6.25638	6.19534	6.04292	5.70525	5.30479	5.09029	4.91067	5.27135	5.77038	6.33078	6.93188	7.37894	7.47327	7.12269	6.49858	5.8417	5.19982	5.5039	6.38399	6.04727	5.61592	5.29611	5.05729	5.06412	5.07944	5.11737	5.16261	5.24048	5.2648	5.27844	5.2811	5.20772	5.05836	4.85443	4.63992	4.23839	3.86062	3.54116	3.24727	3.02917	2.87596	2.79855	2.76452	2.83535	2.84537	2.88466	2.93691	2.98761	3.02671	2.96787	2.85378	2.69434	2.47127	2.21983	1.832	1.60831	1.50002	1.40315	1.36717	1.49546	1.52271	1.51728	1.54152	1.58076	1.6288	1.75293	1.84857	1.9072	1.93306	1.91806	1.81852	1.669	1.49367	1.2975	1.03966	0.812466	0.674741	0.508865	0.361579	0.302482	0.242218	0.24668	0.324153	0.476042	0.645809	0.839146	1.03471	1.19099	1.34347	1.48213	1.55521	1.49423	1.42447	1.23665	1.0093	0.772134	0.489292	0.110409	-0.242577	-0.378509	-0.43983	-0.454311	-0.425525	-0.369098	-0.275173	-0.151784	-0.0128283	0.211883	0.503029	0.786532	1.05844	1.23601	1.23838	1.21616	1.16082	1.07296	0.983839	0.871602	0.728074	0.557088	0.37854	0.152744	-0.0842551	-0.308538	-0.49309	-0.542958	-0.475681	-0.295629	-0.144103	0.0120209	0.0289809	0.0166971	-0.0251609	0.0577988	0.277482	0.523091	0.721942	0.893236	1.00275	1.07467	1.07	1.0009	0.898715	0.810754	0.841683	0.931655	1.0391	1.15224	1.23971	1.32689	1.4303	1.63374	1.91483	2.28152	2.60646	2.77795	2.86996	2.97637	3.07569	3.17151	3.33247	3.55817	3.82219	4.12203	4.44491	4.7997	5.17767	5.61549	6.04865	6.56931	7.12662	7.7017	8.27269	8.81875	9.28836	9.54073	9.88125	10.2224	10.5184	10.7867	10.9651	11.1253	11.3091	11.5293	11.8916	12.4037	12.959	13.5378	14.1393	14.7291	15.3503	15.9836	16.6261	17.272	17.9575	18.6524	19.3235	19.978	20.4472	20.9123	21.3602	21.8972	22.6014	23.2508	23.8228	24.2779	24.6989	25.0077	25.2075	25.2763	25.2079	25.0395	24.7801	24.4157	23.8963	23.3127	22.7083	22.2084	21.6274	21.1628	20.8965	20.7521	20.6458	20.514	20.2982	20.0955	19.9	19.6019	19.1698	18.5926	17.9638	17.2826	16.6186	15.9392	15.2311	14.5798	13.9826	13.5443	13.1236	12.8085	12.5102	12.1922	11.8605	11.4467	10.9921	10.5849	10.2291	9.8997	9.6103	9.36158	9.13085	8.92082	8.73255	8.57649	8.44174	8.33126	8.22926	8.11575	7.99217	7.75445	7.49026	7.20253	7.02507	6.84217	6.62888	6.40227	6.19363	5.96361	5.77757	5.59159	5.43276	5.27172	5.10344	4.92761	4.6442	4.45882	4.36983	4.38922	4.409	4.4656	4.5392	4.63572	4.73085	4.81624	4.88844	4.93663	4.9516	4.79605	4.66712	4.55347	4.39229	4.26592	4.18721	4.29556	4.54914	5.04277	5.668	6.2277	7.18222	8.25771	9.34851	10.4442	11.4607	12.7918	13.3758	13.8177	13.6033	13.1814	12.3235	11.2383	9.86166	8.51566	7.1412	5.7412	4.28692	3.26196	2.84658	2.04519	1.44242	1.35434	1.28227	1.48371	2.13775	2.13819	1.80112	1.32603	0.950304	0.0790666	-0.451158	-0.730562	-0.786868	-0.319687	-0.00316671	0.346687	0.640341	0.830969	0.700437	0.779842	0.897553	1.04497	1.2549	1.4375	1.47118	1.15421	0.554817	0.386911	0.25087	0.152745	0.0730672	0.0321064	0.0153777	0.0411488	0.0998917	0.184114	0.256664	0.315995	0.356185	0.185691	0.24371	0.340897	0.442363	0.370517	0.26939	0.12149	-0.0329014	-0.196607	-0.320605	-0.413564	-0.428074	-0.391124	-0.218206	0.0287387	0.234272	0.421831	0.544068	0.647287	0.72004	0.763224	0.74687	0.714745	0.647182	0.566182	0.494854	0.411948	0.375075	0.384322	0.422957	0.445494	0.503922	0.563421	0.575175	0.600925	0.671335	0.74008	0.789498	0.846252	0.89252	0.927262	0.905413	0.886721	0.864456	0.84027	0.804916	0.750584	0.648724	0.551642	0.43117	0.306638	0.181613	0.0767781	-0.0102014	-0.0677997	-0.0565188	0.0857457	0.275713	0.501721	0.78656	1.2692	1.70319	1.89748	1.81122	1.36805	1.00892	0.708729	0.509088	0.449922	0.504559	0.778571	0.948195	0.68949	0.0294707	-0.282636	-0.601997	-0.766163	-0.8478	-0.870176	-0.776458	-0.598791	-0.350806	-0.0749731	0.201208	0.425217	0.63009	0.799297	0.951177	1.08491	1.21754	1.36259	1.48621	1.57369	1.56343	1.50431	1.38575	1.28473	1.22652	1.15584	1.08349	1.01497	0.946379	0.885116	0.823617	0.763497	0.699478	0.646808	0.58524	0.517398	0.462099	0.407023	0.322056	0.277684	0.240934	0.230478	0.220226	0.329638	0.437605	0.491449	0.589077	0.713313	1.01759	1.14152	1.18235	1.14811	1.05218	0.90511	0.704668	0.473028	0.140917	-0.19712	-0.545891	-0.761644	-0.80259	-0.735013	-0.58968	-0.407444	-0.2316	-0.0842199	0.0951699	0.253227	0.458391	0.635517	0.794193	0.8972	0.916063	0.895462	0.735022	0.474162	0.0994526	-0.243133	-0.502092	-0.658003	-0.724143	-0.732078	-0.697339	-0.640006	-0.598401	-0.54551	-0.452809	-0.319673	-0.107614	0.110433	0.322871	0.480023	0.608226	0.723754	0.816226	0.855936	0.869133	0.862256	0.849013	0.741851	0.67066	0.54626	0.4265	0.315194	0.199327	0.128069	0.0898213	0.0973346	0.121941	0.146727	0.180701	0.287483	0.410911	0.520522	0.625193	0.706314	0.727742	0.946245	1.01034	1.046	1.04854	1.01654	0.975676	0.939738	0.933388	0.961895	1.03153	1.03965	1.00831	0.93	0.845822	0.752081	0.670415	0.589585	0.541315	0.491127	0.44674	0.396465	0.362019	0.300747	0.297956	0.264494	0.281735	0.418673	0.65186	0.868362	1.09803	1.20891	1.2922	1.14262	1.06914	1.11291	1.24231	1.49315	1.74105	2.01801	2.19908	2.22664	2.24698	2.23298	2.19906	2.1673	2.18595	2.18542	2.11787	2.05756	1.98716	1.92204	1.94298	2.01711	2.13668	2.28383	2.49085	2.73805	2.99707	3.26935	3.47204	3.64367	3.81866	3.91543	3.94006	3.89912	3.75996	3.60858	3.37881	3.11869	2.78878	2.39702	1.93043	1.71286	1.59295	1.62611	1.79346	2.61313	2.9094	3.20967	3.42578	3.78945	4.16724	4.49058	4.79938	4.57476	4.66567	4.82938	4.98464	5.06845	5.26339	5.13847	4.83097	3.88697	5.11723	6.57062	6.77806	6.84452	6.91514	6.92766	7.28713	7.40098	7.44248	7.48318	7.58936	7.71654	7.87402	8.06082	8.32426	8.63784	8.96601	9.2163	9.41948	9.59167	9.72363	9.83921	9.82135	9.76093	9.65893	9.4636	9.2513	9.13288	9.23579	9.43582	9.86409	10.3899	10.9288	11.4031	11.7349	12.434	12.453	12.2359	11.6892	10.9311	9.98266	8.96208	7.90025	6.854	5.78221	4.92338	4.3774	4.06815	3.93692	3.97033	4.45408	4.70252	5.00425	5.35346	5.70281	6.1303	6.50623	6.79838	6.99487	7.11597	7.12277	7.02902	6.84747	6.61463	6.47026	6.23444	5.81117	5.26201	4.65366	3.96812	3.26507	2.53683	1.8774	1.29088	0.771797	0.332329	-0.0297509	-0.262857	-0.397435	-0.429739	-0.412451	-0.304665	-0.161075	0.0269246	0.185342	0.327018	0.428605	0.433605	0.400454	0.359182	0.304556	0.242648	0.148036	0.0924335	0.039432	0.0456135	0.0435803	0.0488567	0.0292467	-0.0240572	-0.0689607	-0.136318	-0.199108	-0.273129	-0.349611	-0.423951	-0.471953	-0.359739	-0.21712	-0.0791218	0.0169592	0.137149	0.263899	0.482588	0.750055	1.00418	1.23708	1.40291	1.46685	1.42988	1.33878	1.18604	1.01676	0.811918	0.627141	0.465057	0.338657	0.301644	0.331813	0.47533	0.617064	0.861067	1.0693	1.28269	1.45299	1.52876	1.25521	1.08699	0.921349	0.879281	0.944814	2.52405	2.31862	2.00883	1.37284	0.848752	0.449748	0.142974	-0.0950653	-0.21829	0.00377435	0.00719422	-0.0293478	-0.0315377	-0.119783	-0.0818669	0.0365793	0.171144	0.305322	0.478728	0.637344	0.769352	0.760342	0.707314	0.587133	0.420142	0.283278	0.169053	0.0585512	-0.0218995	-0.0934639	-0.17085	-0.213077	-0.245713	-0.235976	-0.206377	-0.161741	-0.0870833	0.016634	0.184383	0.508572	0.856257	0.881972	0.950212
20	0	26.9829	25.3752	23.8467	22.4187	21.1393	20.1202	19.3496	18.6497	17.9889	17.3496	16.7583	16.1848	15.6604	15.1463	14.6351	14.1236	13.5891	13.0309	12.4693	11.9006	11.3432	10.7782	10.6643	10.6593	10.5583	10.3524	10.0781	9.32362	8.94447	8.55242	8.36385	7.96492	7.51255	7.01022	6.51759	6.04302	5.5564	5.07176	4.72594	4.34434	4.34071	4.03574	3.75281	3.48877	3.23247	2.95981	2.63774	2.27832	1.81379	1.34444	0.922621	0.813365	0.750766	0.653327	0.527328	0.385846	0.226185	0.131764	0.0888969	0.0418497	-0.00706345	-0.0855791	-0.170154	-0.2628	-0.378004	-0.461424	-0.490026	-0.494239	-0.404693	-0.208696	0.0077679	0.227393	0.411105	0.592542	0.796827	0.974717	1.11084	1.22159	1.30817	1.3171	1.27246	1.13362	0.964042	0.747787	0.509479	0.359986	0.244118	0.167377	0.130822	0.0615318	0.0328137	0.0581707	0.104728	0.0302663	-0.064698	-0.0901916	-0.359401	-0.36159	-0.283318	-0.139876	0.0733315	0.299203	0.601418	0.988641	1.38137	1.73152	1.94962	2.0473	2.06218	2.0499	2.01288	2.02388	1.969	1.72077	1.56229	1.29959	1.01312	0.875927	0.814007	0.77193	0.768814	0.786523	0.825591	0.873478	0.941016	1.01358	1.10441	1.20752	1.29907	1.45233	1.63192	1.80986	2.00373	2.19615	2.39488	2.59984	2.80924	3.02644	3.23183	3.4442	3.63021	3.80832	3.99899	4.01324	3.93686	3.85382	3.76657	3.69898	3.81392	3.87728	3.9661	4.07364	4.15066	4.22671	4.14691	4.00283	3.53493	3.55719	4.33567	5.52562	5.50079	4.76637	4.49463	4.91111	5.14218	5.3554	5.21704	5.18881	5.1915	5.20007	5.33402	5.55379	5.74188	5.93067	6.10645	6.33266	6.46109	6.58129	6.66637	6.68776	6.63404	6.58504	6.54059	6.56432	6.59372	6.62986	6.67345	6.74183	6.82173	6.90851	6.99565	7.09812	7.20194	7.3224	7.43657	7.62489	7.69242	7.59991	7.42625	7.22229	7.00622	6.8181	6.67761	6.58764	6.55171	6.54629	6.61551	6.82354	7.33976	7.58937	7.68439	7.73177	7.67992	7.45827	7.18465	6.9574	6.81134	6.72385	6.66893	6.59486	6.63941	6.76021	6.8622	7.00781	7.16806	7.29373	7.35067	7.31121	7.19378	6.97701	6.61863	6.29147	5.94393	5.49542	4.99128	4.46432	3.95737	3.60169	3.30663	3.03562	2.77884	2.55728	2.46997	2.56251	2.69002	2.85914	3.00162	2.9911	3.20388	3.36964	3.39854	3.3741	3.2947	3.12996	2.94287	2.74441	2.53179	2.26127	2.00406	1.77301	1.64352	1.55991	1.7284	1.75471	1.82947	1.69268	1.68227	1.60539	1.39748	1.17419	0.966267	0.786757	0.66659	0.559382	0.653264	0.681895	0.668159	0.665468	0.734687	0.874958	1.04952	1.2557	1.4767	1.68838	1.86204	1.99593	2.0323	1.98006	1.57752	1.30135	1.22732	1.13749	0.941334	0.674414	0.43935	0.294858	0.262428	0.381331	0.696217	0.876356	0.978281	0.961211	0.880618	0.776301	0.685231	0.675895	0.609279	0.520974	0.434293	0.380173	0.311918	0.168992	0.0492692	-0.0766219	-0.177008	-0.252006	-0.342896	-0.454246	-0.601861	-0.820687	-1.138	-1.14019	-1.10395	-0.996956	-0.777304	-0.549214	-0.330258	-0.143439	-0.000396417	0.0931301	0.176708	0.178359	0.165289	0.140455	0.183684	0.268012	0.331176	0.370817	0.400943	0.420485	0.425763	0.433532	0.454285	0.477292	0.527405	0.56881	0.640391	0.724236	0.824793	0.948003	1.06749	1.16634	1.22775	1.31005	1.37879	1.47011	1.64781	1.87108	2.11684	2.23021	2.35676	2.56769	2.86332	3.22224	3.61827	4.00921	4.46853	4.9491	5.44402	5.92514	6.36023	6.79285	7.17327	7.48922	7.69906	8.05039	8.35817	8.57091	8.74651	8.83055	8.8763	9.04736	9.3016	9.76638	10.1003	10.9279	11.9001	13.0026	14.0486	14.8761	15.491	15.9222	16.3211	16.3198	16.5578	17.0022	17.1486	16.8612	17.4545	17.8679	18.2665	18.6558	19.0653	19.5013	19.9513	20.3926	20.8087	21.0408	21.2681	21.424	21.6393	21.6259	21.4456	20.9922	20.4842	20.0207	19.5914	19.1435	18.7387	18.4003	18.0892	17.7064	17.3589	17.2586	17.1521	17.0004	16.6368	16.2715	15.9667	15.6227	15.2402	14.707	14.1304	13.5666	13.0185	12.4041	11.7827	11.2082	10.8214	10.4996	10.1951	9.8767	9.65324	9.52845	9.38151	9.22786	9.07068	8.86784	8.44749	7.95157	7.38465	6.78921	6.21035	5.66158	5.17322	4.75051	4.39452	4.12558	3.8971	3.74907	3.59897	3.4511	3.25758	3.12493	3.02195	2.95905	2.93097	2.91645	2.93348	2.95502	3.02071	3.04511	3.16085	3.37443	3.60831	3.84645	4.0071	4.14787	4.25156	4.33445	4.37086	4.37512	4.35023	4.29172	4.20048	4.05923	3.87517	3.57602	3.24526	2.91918	2.76572	2.7327	2.99328	3.09122	3.36359	3.69485	4.03342	4.45777	5.04467	5.72243	6.44315	7.13847	7.84723	8.43461	8.8075	8.90217	8.69156	8.23623	7.59084	6.75307	5.73271	4.83208	3.87936	2.94454	2.10997	1.3486	0.659442	0.15144	-0.182733	-0.418198	-0.469405	-0.431164	-0.341909	-0.295323	-0.224713	-0.136985	-0.0564784	0.0256545	0.177695	0.329023	0.458709	0.580872	0.640635	0.659838	0.643456	0.58425	0.486076	0.368409	0.217095	0.077262	-0.00598307	-0.0307121	-0.0404941	-0.0546368	-0.0826238	-0.14339	-0.184615	-0.25241	-0.162819	0.0185735	0.134186	0.237694	0.329733	0.445151	0.541799	0.641745	0.729479	0.826957	0.891493	0.905226	0.825377	0.67625	0.622226	0.584971	0.558945	0.564939	0.579793	0.620369	0.684103	0.773861	0.87136	0.97065	1.07249	1.13609	1.18681	1.19818	1.22726	1.26365	1.3195	1.35555	1.35229	1.23276	1.07544	0.932684	0.838556	0.779433	0.753876	0.747078	0.788017	0.784887	0.823221	0.868666	0.95619	1.06084	1.12409	1.2059	1.27799	1.26142	0.774316	0.770206	0.750945	0.732263	0.703486	0.661616	0.610305	0.517963	0.365948	0.187812	0.0236502	-0.137938	-0.288573	-0.44392	-0.52603	-0.622137	-0.708787	-0.64431	-0.559415	-0.464124	-0.400644	-0.29858	-0.180766	-0.0411719	0.166647	0.25955	0.216151	0.338464	0.448315	0.609959	0.764936	1.00452	1.22911	1.34959	1.39727	1.38823	1.2773	0.735563	0.529667	0.382296	0.252731	0.228993	0.564761	0.63619	0.751788	0.858908	1.00946	1.1636	1.28993	1.45068	1.6059	1.74337	1.8657	1.94793	1.86337	1.76175	1.62955	1.46288	1.27949	1.07268	0.919465	0.762239	0.635275	0.593254	0.571838	0.582982	0.640029	0.70386	0.83285	0.957137	1.16684	1.37277	1.54782	1.51298	1.4382	1.33887	1.22358	1.09371	0.923727	0.746268	0.559626	0.350223	0.175735	-0.00296797	-0.153209	-0.249471	-0.22097	-0.151232	-0.0562271	-0.0440852	-0.0370527	-0.0224831	0.0171558	0.0518749	0.0537255	-0.0141902	-0.10414	-0.152689	-0.191891	-0.198518	-0.185208	-0.165074	-0.123395	-0.0633783	0.017057	0.0969919	0.18742	0.278816	0.344775	0.380409	0.399788	0.443829	0.461485	0.506067	0.45663	0.38277	0.300708	0.217145	0.119995	-0.00816512	-0.140211	-0.258506	-0.382651	-0.445754	-0.467257	-0.438359	-0.38326	-0.326733	-0.252464	-0.184116	-0.109346	-0.0361159	-0.00366066	0.00693038	-0.0160563	-0.0411458	-0.0592401	-0.102659	-0.142792	-0.146527	-0.0999079	0.0679093	0.309576	0.564457	0.806313	0.988763	1.13522	1.1481	1.12655	1.09681	1.02723	0.963611	0.76958	0.477363	0.189242	-0.0532374	-0.264026	-0.427831	-0.577136	-0.57615	-0.533559	-0.445685	-0.323503	-0.198784	-0.0612523	0.534785	0.756906	0.860788	0.920157	0.94572	0.931684	0.852375	0.688696	0.486222	0.426336	0.40305	0.551046	0.59357	0.635776	0.671349	0.704963	0.733517	0.731401	0.778804	0.806973	0.759526	0.670036	0.580842	0.560738	0.576146	0.604236	0.634481	0.6854	0.738662	0.78618	0.842662	0.874457	0.906168	0.913025	0.880805	0.820239	0.634912	0.417716	0.116989	-0.0083618	-0.14168	-0.0559211	0.180258	0.405753	0.59717	0.779244	0.995895	1.20581	1.38663	1.4977	1.54852	1.49287	1.36473	1.18781	1.00973	0.905394	0.840641	0.853962	0.898308	0.978231	1.08541	1.26008	1.44764	1.63963	1.82557	1.96622	2.10224	2.12621	2.14864	2.00094	1.81294	1.62979	1.49321	1.51974	1.57567	1.6968	1.86375	2.13372	2.46604	2.87524	3.27348	3.64424	4.01338	4.34555	4.63825	4.89443	5.11184	5.29295	5.39594	5.50363	5.6389	5.79647	6.07202	6.19307	6.29274	6.34021	6.42979	6.49923	6.55886	6.63531	6.68407	6.72326	6.7285	6.63723	6.53637	6.41102	6.31139	6.25522	6.31865	6.46037	6.72672	6.83144	6.77941	6.64348	6.41858	6.16093	5.83295	5.48561	5.14244	4.78851	4.44145	4.10689	3.81231	3.56862	3.45815	3.3821	3.3548	3.36675	3.40917	3.52319	3.66854	3.82575	3.97147	4.05229	4.05026	4.00503	3.81865	3.68309	3.51483	3.29427	3.0336	2.78913	2.56629	2.46456	2.37005	2.31214	2.11495	1.94054	1.83416	1.51222	1.01792	0.487514	0.11406	-0.0732616	-0.14138	-0.113747	-0.00188977	0.181312	0.491814	0.455106	0.405521	0.208646	0.0332597	-0.0560702	-0.131393	-0.143585	-0.182113	-0.20945	-0.208158	-0.171179	-0.122071	-0.052151	0.0155135	0.0304066	0.0406721	-0.000170116	-0.0282889	-0.0850424	-0.160878	-0.259228	-0.390274	-0.516977	-0.681337	-0.547442	-0.317777	0.0184958	0.37002	0.752485	1.33646	1.29099	1.10495	-1.0566	-0.527298	-0.00249674	0.373152	0.405309	-0.0502887	0.287623	0.59306	0.716044	0.592222	0.52812	0.496728	0.532612	0.634877	0.820632	1.01639	1.21676	1.36236	1.45584	1.5466	1.62613	1.66948	1.58379	1.45446	1.3154	1.20155	1.00487	0.780895	0.536392	0.272374	0.0324103	-0.177831	-0.333833	-0.39594	-0.398502	-0.383453	-0.311744	-0.283256	-0.216771	-0.135845	-0.0532683	0.0538023	0.0691164	0.163655	0.218526	0.276817	0.344792	0.381749	0.327367	0.243174	0.296647	0.186349	0.0821951	-0.0597084	-0.15848	-0.254485	-0.28408	-0.26237	-0.180939	-0.0426512	0.161905	0.47423	0.841815	1.26689	1.69318	2.06336	2.35187	2.61514	2.72115	2.91148
20	20	6.04618	6.42304	6.59031	6.67212	6.58063	6.42903	6.15341	5.79338	5.36486	4.92667	4.54683	4.26139	4.03076	3.76937	3.41731	3.06792	2.77886	2.5971	2.44771	2.32072	2.12424	1.91569	1.72839	1.53287	1.33802	1.18155	1.0047	0.848259	0.705821	0.56727	0.404394	0.17952	-0.0138578	-0.167647	-0.289525	-0.269404	-0.220724	-0.166365	-0.108808	-0.0722541	-0.017038	0.0987042	0.235009	0.377528	0.552961	0.679415	0.822412	0.954582	1.07785	1.17215	1.25154	1.2824	1.29306	1.25251	1.16683	1.00153	0.792869	0.548938	0.341538	0.199092	0.0776187	0.0140733	0.00535106	0.0501039	0.107238	0.149544	0.173442	0.241752	0.302497	0.373895	0.383654	0.36239	0.469267	0.682127	0.768689	0.820386	0.745302	0.573774	0.307996	0.371176	0.337245	0.327944	0.472012	-1.06634	-2.04289	-1.42884	-0.904931	-0.415671	-0.0126617	0.358078	0.665696	0.784673	0.989333	1.24848	1.49272	1.69325	1.81248	1.90304	1.92728	1.90338	1.84084	1.76676	1.70681	1.66417	1.70111	1.75262	1.79537	1.79012	1.76024	1.72931	1.64164	1.50999	1.40204	1.23788	1.15442	1.21959	1.35405	1.50632	1.6701	1.85231	2.10432	2.2864	2.39703	2.47769	2.54018	2.58887	2.56387	2.51861	2.41305	2.29117	2.14121	2.00221	1.80638	1.49869	1.38419	1.33203	1.38127	1.42604	1.49938	1.60663	1.67942	1.76952	1.86799	1.99423	2.19242	2.40082	2.52027	2.52152	2.44967	2.34958	2.20918	2.1269	2.07346	2.08615	2.14504	2.33277	2.61685	2.89776	3.17977	3.48026	3.83285	4.17729	4.49384	4.79587	5.08555	5.30965	5.4337	5.47619	5.45132	5.31614	5.28477	5.24294	5.20968	5.22706	5.22291	5.26007	5.3077	5.35026	5.3217	5.28397	5.24888	5.23208	5.23854	5.24166	5.2904	5.33584	5.45353	5.66041	5.71135	5.80477	5.87045	5.95399	5.96879	5.97346	5.95194	5.95955	5.78141	5.66038	5.58854	5.36868	5.59452	5.97207	6.91969	7.06647	7.34095	6.92682	5.91687	5.5713	5.67311	6.19962	6.4597	6.51737	6.52875	6.49871	6.45173	6.34814	6.24184	6.0964	5.88885	5.66427	5.46166	5.27734	5.09991	4.94664	4.83725	4.64555	4.54872	4.45473	4.40205	4.32569	4.20596	4.10133	4.09112	4.14304	4.26791	4.29956	4.27965	4.23564	3.90121	3.74943	3.63802	3.50997	3.36753	3.21465	3.05015	2.8563	2.66269	2.45519	2.24482	2.03957	1.86829	1.72203	1.6054	1.49342	1.40825	1.18793	1.05378	0.997854	0.962834	0.919341	0.960792	1.06748	1.54388	1.79927	1.87897	1.89423	1.87678	1.80348	1.5362	1.40706	1.29378	1.17976	1.07806	0.905689	0.745279	0.626459	0.579115	0.575648	0.558534	0.508085	0.538556	0.645929	0.793558	0.948326	1.09546	1.24551	1.37409	1.47171	1.56668	1.6557	1.74923	1.85416	1.91799	1.90535	1.7456	1.53965	1.21572	0.851077	0.497999	0.258872	0.0432443	-0.170328	-0.392642	-0.542981	-0.655998	-0.588349	-0.459508	-0.207122	-0.069816	0.0255928	0.156478	0.263141	0.372628	0.388624	0.343907	0.269947	0.160574	0.0197359	-0.177384	-0.366967	-0.515991	-0.628226	-0.716275	-0.728976	-0.624296	-0.439047	-0.272604	-0.0980892	0.057091	0.141123	0.216255	0.250075	0.240597	0.203389	0.157201	0.138487	0.157646	0.125777	0.0872086	0.0943804	0.114276	0.210396	0.327585	0.487586	0.655682	0.857875	1.08669	1.32415	1.56192	1.69767	1.79937	1.86033	1.90856	1.92111	1.92805	1.97509	1.99857	2.07313	2.27812	2.57519	2.88149	3.21658	3.55237	3.86424	4.17543	4.51389	4.86867	5.26272	5.58685	5.88822	6.19733	6.56443	6.91997	7.35229	7.81336	8.32558	8.86315	9.47701	10.0384	10.5582	11.0509	11.5962	12.1036	12.6513	13.1957	13.5663	13.9321	14.3304	14.7499	15.1974	15.667	16.1665	16.6773	17.228	17.8313	18.4324	19.0073	19.4776	19.8928	20.2184	20.4232	20.5739	20.6844	20.7406	20.7365	20.7322	20.7868	21.0237	21.2778	21.5099	21.5912	21.6107	21.5554	21.4596	21.3263	21.1632	20.9888	20.7969	20.5781	20.3474	20.0954	19.8244	19.5315	19.2317	18.9225	18.5973	18.2607	17.8914	17.476	17.003	16.4957	15.9275	15.3828	14.9121	14.4324	13.985	13.5675	13.1958	12.8586	12.5663	12.2774	12.0282	11.7781	11.5381	11.2638	10.8845	10.5413	10.2208	9.97004	9.71074	9.46083	9.19777	8.92093	8.67152	8.51163	8.41293	8.30386	8.26254	8.21991	8.18668	8.1415	8.06648	7.96731	7.84634	7.69645	7.49685	7.28379	7.01592	6.67314	6.24306	5.79771	5.38872	5.02343	4.90346	4.77573	4.79654	4.89833	5.06827	5.21587	5.41219	5.65435	5.91083	6.12412	6.23962	6.12895	6.11627	5.62853	5.16175	4.55351	3.96258	3.50056	2.99636	2.63116	2.48589	2.44928	2.63501	2.92075	3.37414	3.95832	4.68534	5.63158	6.42297	7.09826	8.00861	8.90958	9.22246	9.36566	8.89631	8.30611	7.43528	6.46348	5.07529	4.05471	3.62264	2.85784	2.17148	1.58112	1.1173	0.795584	0.921356	0.923403	0.841835	0.773748	0.610475	0.478265	0.468218	0.518351	0.614277	0.736592	0.868094	1.00413	1.13507	1.26662	1.39697	1.52275	1.5956	1.60025	1.61154	1.63044	1.59373	1.5139	1.3864	1.21292	1.01038	0.818891	0.634358	0.467383	0.312082	0.194925	0.117729	0.0687768	-0.00448273	-0.0739795	-0.118657	-0.168441	-0.173718	-0.142553	-0.0448213	0.0323551	0.061654	-0.013876	-0.0717638	-0.10379	-0.105915	-0.0744297	-0.0366011	-0.0265197	-0.0397563	-0.0112022	0.000468615	0.0359916	0.0873758	0.177655	0.346987	0.522008	0.674913	0.764521	0.869229	0.955664	1.00519	1.00086	0.963439	0.885144	0.762392	0.593283	0.380792	0.162755	-0.0320637	-0.191707	-0.270844	-0.289545	-0.214264	-0.145556	-0.0669609	-0.0137385	0.0621918	0.125668	0.195848	0.24597	0.33479	0.391294	0.481432	0.562331	0.629896	0.663596	0.680963	0.678884	0.662991	0.608987	0.527294	0.391696	0.275731	0.127125	-0.00924429	-0.0799035	-0.154292	-0.179882	-0.176301	-0.146541	-0.0476699	0.0642743	0.172264	0.332715	0.442706	0.500456	0.585103	0.646204	0.734297	0.716718	0.617763	0.517798	0.43527	0.34057	0.244686	0.135839	0.0296683	-0.0640629	-0.15451	-0.210374	-0.266174	-0.319297	-0.355157	-0.393422	-0.4084	-0.403323	-0.388317	-0.310133	-0.227128	-0.359804	-0.342892	-0.237397	-0.0510502	0.082087	0.231519	0.370801	0.517989	0.651822	0.797807	0.836849	0.838909	0.804414	0.752973	0.665013	0.55938	0.43534	0.470201	0.498151	0.536083	0.58164	0.635731	0.683311	0.733951	0.796938	0.852004	0.933903	0.993997	1.01852	0.964839	0.902637	0.781896	0.603894	0.373067	0.143513	-0.0981472	-0.307826	-0.494811	-0.647896	-0.777632	-0.847612	-0.898665	-0.871351	-0.693339	-0.383236	-0.0948641	0.147992	0.299913	0.398679	0.472724	0.525498	0.567826	0.61505	0.677267	0.725138	0.723352	0.644809	0.568432	0.47923	0.407242	0.387027	0.523351	0.712499	0.769643	0.730938	0.640819	0.569612	0.439421	0.362386	0.320088	0.353239	0.439069	0.568334	0.65652	0.739906	0.783719	0.792907	0.793614	0.752968	0.687495	0.602381	0.490758	0.151117	-0.194776	-0.484852	-0.729297	-0.888484	-0.944746	-0.927989	-0.671126	-0.36427	-0.0378425	0.255968	0.473543	0.649743	0.716325	0.693774	0.634945	0.567691	0.541891	0.469877	0.34636	0.186511	0.061414	-0.034878	-0.106762	-0.164933	-0.143897	-0.0812263	0.0484087	0.246855	0.477648	0.734817	0.998366	1.25276	1.42751	1.59015	1.71384	1.80005	1.84679	1.85262	1.81472	1.73108	1.63051	1.4531	1.22841	0.968203	0.662613	0.365287	0.0836597	0.0538167	0.014166	0.0870294	0.260854	0.543734	0.891956	1.30675	1.61969	1.89922	2.08215	2.19145	2.16169	1.90544	1.88547	1.89949	1.86794	2.09451	2.08796	2.05237	1.97376	1.8472	1.71397	1.63965	1.61954	1.61923	1.66679	1.72152	1.81005	1.85724	1.85658	1.83424	1.80702	1.7556	1.67547	1.57888	1.48986	1.49156	1.53474	1.64465	1.77427	1.94714	2.15529	2.41397	2.66478	2.89279	3.10636	3.34749	3.53831	3.67985	3.79981	3.91667	3.96048	3.99808	4.03242	4.06314	4.08875	4.11603	4.15306	4.15298	4.15229	4.12806	4.10339	4.08307	4.10828	4.15426	4.31624	4.53793	4.81009	5.12158	5.27129	5.33616	5.63522	6.01457	6.36815	6.68046	6.97796	7.31465	7.98772	7.58841	7.22912	6.95025	6.91162	6.97711	7.06642	7.2487	7.3308	7.29049	7.37826	7.33734	7.38343	7.56326	7.84221	8.09188	8.33014	8.57332	8.78221	8.94911	9.0513	9.03554	8.96385	8.80233	8.43185	7.98942	7.46957	6.93572	6.44445	6.09293	5.81378	5.58667	5.41457	5.36987	5.38098	5.28479	5.20543	5.15759	5.14404	5.21819	5.2879	5.34994	5.35559	5.3033	5.16278	5.0505	4.91949	4.78911	4.63003	4.41747	4.05465	3.66845	3.32161	2.96179	2.6051	2.30436	2.0787	1.95018	1.85834	1.79575	1.75742	1.73377	1.73891	1.69121	1.62693	1.52121	1.32925	1.11858	0.898192	0.691587	0.520621	0.313587	0.139178	-0.0575113	-0.158114	-0.246698	-0.303549	-0.329234	-0.261031	-0.205162	-0.145438	-0.0593559	-0.00283321	0.0548321	0.103645	0.12357	-0.0668012	-0.0226317	0.108173	0.279442	0.489223	0.718388	0.909683	1.10344	1.27542	1.42323	1.24544	0.652584	0.43646	0.0310867	-0.21497	-0.313615	-0.31155	-0.166835	0.0521379	0.311434	0.635553	0.771112	1.02204	1.27134	1.50837	1.67872	1.79413	1.74857	1.71211	1.66856	1.57125	1.44209	1.24664	1.04564	0.847244	0.689654	0.575063	0.457131	0.37113	0.298302	0.253251	0.222342	0.0864781	-0.0646959	-0.19593	-0.269511	-0.328083	-0.322808	-0.267466	-0.196356	-0.149159	-0.0874067	-0.0384068	0.0151062	0.0630801	0.10444	0.162907	0.192945	0.217702	0.214405	0.171861	0.0968065	-0.025095	-0.143398	-0.239577	-0.223358	-0.192799	-0.113432	0.000658868	0.167845	0.358127	0.609563	0.892823	1.22919	1.58745	1.97036	2.34509	2.77971	3.22855	3.58738	3.77893	3.66577	3.61405
