Acq. time (s)=	4
Accumulations=	3
Range=	Off
Autofocus=	Off
SWIFT=	Off
AutoExposure=	Off
Spike filter=	Multiple accum.
Delay time (s)=	0
Binning=	1
Readout mode=	Signal
DeNoise=	Standard
ICS correction=	On
Dark correction=	Off
Inst. Process=	On
Instrument=	LabRAM S3000
Detector=	Synapse
Objective=	x100
Grating=	1800
ND Filter=	25%
Laser (nm)=	632.81 
Spectro (cm-¹)=	520.984
Slit=	100.021
Hole=	1000.03
Microscope=	Principal
StageXY=	Märzhauser
StageZ=	Märzhauser
X (µm)=	0.1
Y (µm)=	-0.1
Z (µm)=	-2317.4
Project=	
Sample=	
Site=	
Title=	SOP_200nm_SPIS_p0.25_zscan
Remark=	
Date=	17.06.2019 14:07
Operator=	
Acquired=	17.06.2019 14:07:33
Base:Sub=	17.06.2019 14:08:23
	358.033	358.357	358.684	359.008	359.333	359.659	359.983	360.309	360.634	360.959	361.285	361.609	361.934	362.26	362.584	362.908	363.233	363.559	363.883	364.208	364.533	364.858	365.182	365.507	365.832	366.157	366.481	366.805	367.13	367.455	367.78	368.104	368.428	368.752	369.078	369.402	369.726	370.051	370.375	370.7	371.024	371.348	371.673	371.997	372.321	372.645	372.969	373.294	373.618	373.942	374.266	374.59	374.914	375.238	375.562	375.886	376.21	376.534	376.858	377.182	377.505	377.829	378.153	378.477	378.801	379.124	379.448	379.772	380.096	380.419	380.743	381.067	381.391	381.714	382.038	382.362	382.685	383.009	383.332	383.656	383.98	384.302	384.625	384.949	385.272	385.596	385.919	386.243	386.566	386.888	387.212	387.535	387.859	388.182	388.504	388.827	389.151	389.474	389.797	390.119	390.443	390.766	391.089	391.412	391.734	392.057	392.381	392.704	393.026	393.349	393.672	393.994	394.317	394.64	394.963	395.285	395.608	395.931	396.253	396.576	396.899	397.22	397.543	397.865	398.188	398.511	398.832	399.155	399.478	399.8	400.122	400.444	400.767	401.088	401.411	401.734	402.055	402.378	402.699	403.022	403.344	403.666	403.988	404.31	404.632	404.954	405.276	405.598	405.919	406.242	406.563	406.886	407.207	407.53	407.851	408.173	408.494	408.815	409.138	409.459	409.782	410.103	410.424	410.746	411.067	411.39	411.71	412.031	412.354	412.675	412.996	413.318	413.639	413.96	414.282	414.603	414.924	415.246	415.567	415.888	416.208	416.531	416.851	417.172	417.494	417.815	418.136	418.456	418.779	419.099	419.42	419.741	420.061	420.383	420.704	421.024	421.345	421.665	421.986	422.308	422.629	422.949	423.27	423.59	423.91	424.232	424.553	424.873	425.194	425.514	425.834	426.155	426.475	426.795	427.116	427.436	427.756	428.078	428.398	428.719	429.039	429.359	429.679	430	430.32	430.64	430.96	431.28	431.6	431.921	432.241	432.561	432.881	433.201	433.52	433.84	434.16	434.48	434.8	435.12	435.44	435.76	436.08	436.4	436.719	437.038	437.358	437.678	437.998	438.317	438.637	438.957	439.276	439.595	439.915	440.235	440.555	440.873	441.193	441.512	441.832	442.152	442.47	442.79	443.109	443.429	443.747	444.067	444.387	444.706	445.024	445.344	445.663	445.982	446.301	446.621	446.939	447.258	447.578	447.896	448.215	448.534	448.852	449.172	449.491	449.809	450.129	450.448	450.766	451.085	451.403	451.722	452.042	452.36	452.679	452.997	453.316	453.634	453.953	454.271	454.59	454.908	455.227	455.544	455.863	456.181	456.5	456.818	457.137	457.455	457.774	458.091	458.41	458.728	459.047	459.364	459.683	460.001	460.318	460.637	460.955	461.274	461.591	461.909	462.228	462.545	462.862	463.181	463.499	463.817	464.135	464.452	464.771	465.088	465.405	465.723	466.041	466.359	466.676	466.995	467.312	467.629	467.946	468.265	468.582	468.899	469.216	469.535	469.852	470.169	470.486	470.805	471.122	471.439	471.756	472.073	472.391	472.708	473.025	473.342	473.659	473.976	474.293	474.611	474.928	475.245	475.562	475.879	476.196	476.513	476.83	477.146	477.463	477.781	478.098	478.415	478.732	479.048	479.365	479.682	479.999	480.315	480.632	480.949	481.265	481.582	481.898	482.215	482.532	482.848	483.165	483.481	483.798	484.114	484.429	484.746	485.062	485.379	485.695	486.012	486.328	486.645	486.961	487.277	487.592	487.909	488.225	488.542	488.858	489.174	489.489	489.805	490.122	490.438	490.754	491.07	491.385	491.701	492.018	492.334	492.648	492.965	493.281	493.597	493.912	494.228	494.544	494.86	495.175	495.491	495.807	496.121	496.437	496.753	497.069	497.384	497.7	498.016	498.33	498.646	498.961	499.277	499.592	499.907	500.223	500.539	500.853	501.169	501.483	501.799	502.113	502.429	502.745	503.059	503.375	503.689	504.005	504.319	504.635	504.949	505.265	505.579	505.895	506.209	506.524	506.838	507.154	507.468	507.784	508.098	508.413	508.727	509.042	509.357	509.671	509.987	510.301	510.616	510.93	511.244	511.559	511.873	512.187	512.503	512.816	513.132	513.446	513.76	514.075	514.389	514.703	515.016	515.332	515.645	515.959	516.274	516.588	516.902	517.216	517.531	517.844	518.158	518.472	518.787	519.101	519.414	519.728	520.043	520.357	520.67	520.984	521.297	521.612	521.926	522.239	522.553	522.866	523.18	523.493	523.808	524.122	524.435	524.748	525.062	525.375	525.689	526.002	526.315	526.629	526.943	527.257	527.57	527.883	528.197	528.51	528.823	529.136	529.45	529.763	530.076	530.389	530.703	531.016	531.329	531.642	531.955	532.268	532.581	532.894	533.206	533.519	533.832	534.145	534.458	534.771	535.084	535.397	535.71	536.023	536.335	536.648	536.961	537.273	537.586	537.899	538.212	538.524	538.836	539.149	539.462	539.775	540.086	540.399	540.712	541.025	541.336	541.649	541.961	542.274	542.585	542.898	543.211	543.523	543.835	544.147	544.46	544.771	545.084	545.396	545.709	546.02	546.332	546.645	546.956	547.268	547.58	547.892	548.204	548.516	548.828	549.14	549.451	549.764	550.075	550.387	550.698	551.01	551.323	551.634	551.946	552.257	552.569	552.88	553.192	553.503	553.815	554.126	554.438	554.749	555.061	555.372	555.684	555.995	556.307	556.618	556.928	557.24	557.551	557.863	558.174	558.486	558.797	559.107	559.419	559.73	560.042	560.352	560.663	560.975	561.285	561.596	561.908	562.218	562.529	562.84	563.151	563.461	563.773	564.083	564.394	564.704	565.016	565.326	565.637	565.947	566.259	566.569	566.879	567.19	567.501	567.811	568.122	568.432	568.742	569.054	569.364	569.674	569.984	570.294	570.604	570.915	571.226	571.536	571.846	572.156	572.466	572.776	573.086	573.396	573.708	574.018	574.328	574.638	574.948	575.258	575.568	575.878	576.187	576.497	576.807	577.117	577.427	577.737	578.047	578.356	578.666	578.976	579.286	579.596	579.905	580.215	580.525	580.834	581.144	581.452	581.762	582.072	582.381	582.691	583.001	583.31	583.62	583.93	584.238	584.547	584.857	585.166	585.476	585.785	586.095	586.403	586.712	587.022	587.331	587.641	587.949	588.258	588.568	588.877	589.185	589.494	589.804	590.113	590.421	590.73	591.039	591.347	591.657	591.966	592.275	592.583	592.892	593.201	593.509	593.818	594.128	594.435	594.744	595.052	595.361	595.67	595.978	596.287	596.596	596.904	597.213	597.521	597.83	598.137	598.446	598.755	599.063	599.372	599.679	599.988	600.296	600.605	600.912	601.221	601.528	601.837	602.145	602.453	602.761	603.07	603.377	603.684	603.993	604.301	604.609	604.917	605.225	605.533	605.84	606.149	606.456	606.763	607.072	607.379	607.688	607.995	608.302	608.611	608.918	609.225	609.533	609.841	610.148	610.455	610.763	611.07	611.377	611.686	611.993	612.3	612.607	612.915	613.222	613.529	613.836	614.145	614.452	614.759	615.065	615.372	615.681	615.988	616.294	616.601	616.908	617.215	617.522	617.83	618.137	618.443	618.75	619.057	619.364	619.67	619.977	620.284	620.592	620.899	621.205	621.512	621.819	622.125	622.432	622.738	623.045	623.352	623.658	623.965	624.271	624.578	624.884	625.191	625.497	625.804	626.11	626.417	626.723	627.03	627.336	627.641	627.947	628.254	628.56	628.867	629.173	629.479	629.786	630.092	630.398	630.703	631.009	631.316	631.622	631.928	632.234	632.539	632.845	633.151	633.458	633.764	634.068	634.375	634.681	634.987	635.292	635.598	635.904	636.21	636.514	636.82	637.126	637.432	637.737	638.043	638.349	638.654	638.96	639.265	639.57	639.876	640.182	640.486	640.792	641.097	641.402	641.708	642.013	642.319	642.624	642.929	643.234	643.539	643.845	644.149	644.455	644.759	645.065	645.37	645.675	645.98	646.285	646.59	646.894	647.2	647.504	647.81	648.114	648.42	648.724	649.028	649.333	649.638	649.943	650.247	650.553	650.857	651.161	651.466	651.77	652.076	652.38	652.684	652.989	653.293	653.597	653.902	654.206	654.51	654.815	655.119	655.423	655.729	656.032	656.336	656.641	656.945	657.249	657.553	657.858	658.162	658.466	658.769	659.074	659.378	659.682	659.986	660.289	660.594	660.898	661.202	661.505	661.809	662.114	662.418	662.721	663.025	663.328	663.632	663.935	664.239	664.544	664.847	665.151	665.454	665.758	666.061	666.365	666.668	666.972	667.275	667.578	667.882	668.185	668.489	668.792	669.095	669.398	669.702	670.005	670.308	670.612	670.915	671.218	671.521	671.825	672.128	672.431	672.734	673.037	673.341	673.644	673.947	674.249	674.552	674.855	675.158	675.461	675.764	676.067	676.369	676.672	676.975	677.278	677.581	677.884	678.185	678.488	678.791	679.094
-10	14.3235	13.2555	12.3314	11.4991	10.7791	10.1377	9.69162	9.28334	8.91762	8.5666	8.24018	7.92886	7.63913	7.35602	7.09705	6.84857	6.61814	6.36084	6.0654	5.69828	5.3359	4.89439	4.4588	4.0518	3.66806	3.31882	3.0856	2.9227	2.79026	2.6906	2.58345	2.4333	2.2858	2.14918	1.92347	2.2113	2.77034	2.22188	1.73252	1.26447	1.25917	1.20616	1.1907	1.12817	1.12748	1.04638	1.02606	1.00861	1.00098	0.854195	0.75268	0.603428	0.473434	0.390113	0.327572	0.26092	0.136081	0.0211537	-0.130507	-0.154887	-0.166161	-0.176605	-0.202324	-0.227485	-0.277732	-0.318619	-0.238843	-0.169603	-0.0987578	-0.0427294	0.0121163	0.066322	0.115611	0.157466	0.194885	0.217968	0.23235	0.255077	0.258631	0.255671	0.243228	0.224016	0.188038	0.133028	0.0770704	0.0189754	-0.0159209	0.0525425	0.122983	0.189825	0.265234	0.324719	0.364644	0.393449	0.376551	0.327284	0.262869	0.174225	-0.0572387	-0.18862	-0.213792	-0.276843	-0.335459	-0.267991	-0.192715	-0.11448	-0.0449638	0.0104032	0.053919	0.131129	0.23014	0.342549	0.459073	0.587837	0.720683	0.811272	0.887517	0.933493	0.941701	0.907657	0.840289	0.784408	0.760334	0.707945	0.66256	0.59955	0.504058	0.439934	0.453016	0.475763	0.462527	0.454071	0.42847	0.342594	0.28028	0.124273	0.258104	0.745688	1.65112	1.38781	0.749399	0.769386	0.761644	0.558195	0.525406	0.635628	0.808761	1.00632	1.20447	1.3938	1.54878	1.65981	1.72607	1.76552	1.79463	1.82067	1.79902	1.77462	1.75385	1.74261	1.74698	1.86986	1.99598	2.08006	2.20428	2.37922	2.61517	2.90711	3.18076	3.45865	3.73643	4.00245	4.26502	4.50131	4.73173	4.9355	5.03332	5.05905	5.06196	5.03404	4.99707	4.94864	4.89575	4.83138	4.76063	4.6972	4.69386	4.68925	4.68895	4.70286	4.71725	4.70882	4.6406	4.55017	4.46365	4.3751	4.27212	4.17418	4.07234	4.00666	3.95278	3.90256	3.86322	3.86908	3.8796	3.96705	4.06474	4.17182	4.2978	4.43487	4.53705	4.63494	4.72625	4.80871	4.82708	4.84503	4.85118	4.86362	4.85709	4.89132	5.0203	5.09506	5.19138	5.31416	5.40759	5.44991	5.40123	5.2696	5.03614	4.76383	4.46358	4.20842	3.95009	3.61146	3.3251	3.09846	2.93494	2.82865	2.91886	2.97479	3.1805	3.35452	3.516	3.61971	3.61282	3.56753	3.46246	3.28557	3.06862	2.8509	2.62928	2.42622	2.23754	2.06102	1.9005	1.77877	1.67768	1.59154	1.51152	1.44259	1.41312	1.39537	1.3812	1.26456	1.12119	0.970477	0.835044	0.736129	0.686525	0.68393	0.65641	0.616906	0.564943	0.569518	0.574291	0.616001	0.688805	0.671471	0.635531	0.580125	0.509027	0.45169	0.397119	0.362603	0.304044	0.237649	0.174654	0.130977	0.0307498	-0.0757243	-0.166553	-0.257873	-0.329712	-0.383945	-0.34419	-0.284201	-0.195256	-0.103503	-0.102389	-0.0993813	-0.0672187	-0.0104209	0.0621507	0.138352	0.192912	0.211175	0.227986	0.208589	0.220734	0.237582	0.225307	0.196359	0.15393	0.0727921	0.0395558	0.0217211	0.00729519	-0.0140391	-0.0154623	0.0263029	0.101047	0.0933349	0.0409491	-0.0124143	-0.0659799	-0.105147	-0.12851	-0.122488	-0.0878962	-0.00693641	0.0549748	0.221125	0.397221	0.594624	0.799903	1.00505	1.17435	1.31648	1.37669	1.41933	1.45436	1.41952	1.37554	1.32421	1.27201	1.23399	1.35297	1.30071	0.958245	1.06251	1.23474	1.45562	1.68084	1.88145	2.05053	2.17296	2.2555	2.13489	2.21584	2.36048	2.58126	2.84797	3.14693	3.45096	3.76077	4.03027	4.31515	4.75099	5.22533	5.6694	6.02512	6.30681	6.59418	6.93098	7.37819	7.92696	8.59493	9.30879	9.91379	10.3139	10.7012	11.1242	11.5592	11.9956	12.7285	13.1465	13.4213	13.6504	13.8622	14.1076	14.367	14.6004	14.7232	14.7863	15.0258	15.3274	15.8144	16.1729	16.445	16.6024	16.8942	17.0494	17.3586	17.7117	18.0824	18.423	18.7079	18.8327	18.9416	19.0782	19.1857	19.2267	19.1765	19.0596	18.8996	18.6996	18.3516	18.031	17.7559	17.7199	18.0013	18.0789	18.2094	17.9066	17.5131	16.9286	16.3302	15.673	15.048	14.6273	14.4374	13.8697	13.2556	12.671	12.1526	11.727	11.3308	10.99	10.695	10.4231	10.1643	9.89502	9.51272	9.14482	8.83388	8.52527	8.18002	7.82808	7.52363	7.30672	7.12092	6.8358	6.85183	6.96464	7.09572	7.18258	7.20608	7.21625	7.15439	7.02889	6.84199	6.59163	6.32183	6.10992	5.56002	4.57354	5.10788	5.07282	5.1841	4.98337	4.85039	4.73329	4.6423	4.55336	4.48266	4.36621	4.24803	4.13369	4.03512	3.92132	3.77767	3.5276	3.36191	3.218	3.09169	3.01332	2.97298	2.99513	3.03639	3.1183	3.1993	3.25413	3.29634	3.27507	3.11511	3.03693	2.98729	3.13155	3.34769	3.62244	3.94431	4.36343	4.84495	5.25524	5.64454	5.92842	6.12297	6.17857	6.10327	5.89243	5.46637	4.90802	4.26947	3.55652	2.83805	2.22408	1.68459	1.23678	0.882071	0.62777	0.50859	0.458351	0.449107	0.494075	0.507924	0.580343	0.658304	0.728411	0.787467	0.811739	0.788329	0.750016	0.690137	0.618312	0.554707	0.470041	0.390753	0.335142	0.306769	0.377167	0.487406	0.605509	0.716813	0.807648	0.890503	0.953904	0.999226	1.01561	1.00256	0.899965	0.770631	0.614086	0.440758	0.26236	0.138926	0.0180022	-0.0923645	-0.183605	-0.252671	-0.298864	-0.323076	-0.327078	-0.30084	-0.242603	-0.151129	-0.0382666	0.091754	0.235978	0.390821	0.53308	0.585877	0.654397	0.80893	0.896364	0.867373	0.83039	0.694574	0.532924	0.363577	0.198672	0.0719414	-0.0415997	-0.154053	-0.152987	-0.133621	-0.0992993	-0.126247	-0.230145	-0.256766	-0.250015	-0.218351	-0.169284	-0.118553	-0.043162	0.0262421	0.104935	0.213644	0.318249	0.422566	0.524391	0.611897	0.698977	0.768106	0.831229	0.884842	0.911071	0.909941	0.882187	0.849818	0.783965	0.71781	0.628662	0.517968	0.447961	0.456749	0.424325	0.397558	0.352457	0.308736	0.255093	0.210597	0.162042	0.166078	0.153727	0.161867	0.165442	0.18495	0.206814	0.230709	0.258248	0.286879	0.332516	0.387553	0.42737	0.459396	0.48592	0.38834	0.281792	0.16271	0.0344538	-0.0993193	-0.164969	-0.200265	-0.200201	-0.139601	-0.109199	-0.0511941	-0.00687711	0.0093774	-0.0647122	-0.128334	-0.209729	-0.260692	-0.217759	-0.152163	-0.0397898	0.0588894	0.138545	0.202936	0.254844	0.28181	0.294705	0.284968	0.254263	0.203229	0.135912	0.0514821	-0.0566328	-0.164399	-0.268185	-0.347779	-0.393538	-0.409085	-0.348589	-0.274549	-0.163091	-0.0320356	0.119862	0.249675	0.28843	0.272219	0.23211	0.195068	0.14493	0.064974	-0.00891824	-0.0667546	-0.0959842	-0.104444	-0.0795348	-0.0271708	0.0522894	0.225744	0.406106	0.591556	0.773649	0.913285	0.977509	0.916396	0.810892	0.685803	0.555295	0.383862	0.256458	0.201661	0.153854	0.152399	0.146262	0.144268	0.138241	0.126685	0.120833	0.121368	0.0980865	0.0738273	0.0488543	0.0242094	0.000790036	-0.0174888	-0.0319967	-0.0505795	-0.0541685	-0.0400087	-0.0302926	-0.00415381	0.019192	0.0601116	0.0830473	-0.0520829	-0.0686649	-0.0918508	-0.133236	-0.16636	-0.18484	-0.169259	-0.164548	-0.0994752	-0.0254763	0.0863577	0.209124	0.356059	0.516081	0.681385	0.855951	1.00557	1.10017	1.06016	1.06605	1.06612	1.05252	1.00631	0.879825	0.736612	0.600903	0.476604	0.373296	0.397159	0.42681	0.48806	0.658981	0.810164	0.938204	1.03191	1.07024	1.011	0.961074	0.893235	0.851753	0.78158	0.711936	0.609334	0.528173	0.473697	0.447807	0.449274	0.524982	-0.123252	-0.505552	-0.256592	-0.135298	-0.0331354	0.0709875	0.169825	0.275046	0.380269	0.498327	0.602457	0.721259	0.820286	0.940655	1.06151	1.18252	1.31539	1.37867	1.44483	1.41663	1.39501	1.38687	1.37023	1.32835	1.19757	1.1423	1.09818	1.09415	1.09645	1.12908	1.17599	1.24116	1.31598	1.42066	1.52587	1.63424	1.74743	1.81353	1.84584	1.83869	1.84179	1.85442	1.86036	1.88039	1.89989	1.93474	1.99119	2.12255	2.44521	2.7506	3.07698	3.28965	3.39516	3.49082	3.55452	3.60799	3.65117	3.6604	3.68462	3.71155	3.75234	3.79884	3.86172	3.93245	4.02273	4.15469	4.30275	4.48108	4.69282	4.89695	5.05594	5.07957	5.32036	5.56893	5.8076	5.99695	6.15564	6.22154	6.1631	6.10999	6.05364	6.04635	6.17599	6.33721	6.5421	6.6535	6.67054	6.67212	6.71364	6.74851	6.84307	6.93657	7.02617	7.09892	7.1385	7.15546	7.12888	7.12454	7.14889	7.2497	7.32824	7.31564	7.1909	6.97708	6.67801	6.31914	5.94338	5.54412	5.18911	4.83645	4.47137	4.13827	3.88447	3.75163	3.67041	3.64997	3.68218	3.7567	3.85736	3.98212	4.13524	4.29148	4.43408	4.51453	4.62318	4.69297	4.73058	4.6957	4.57774	4.38772	4.07601	3.74393	3.37051	2.96635	2.61672	2.23313	1.82556	1.41265	0.989505	0.514347	0.0722663	-0.222074	-0.342627	-0.358486	-0.322527	-0.23219	-0.188237	-0.141566	-0.058994	0.0355834	0.115323	0.174471	0.190813	0.14805	0.0456701	-0.0652683	-0.208939	-0.313505	-0.340842	-0.315618	-0.18186	-0.10239	-0.0404692	0.0340227	0.0700859	0.0343056	0.0497627	0.0736762	0.0997836	0.133946	0.212875	0.221689	0.224664	0.209963	0.187556	0.194967	0.274138	0.388261	0.547971	0.705128	0.816401	0.832179	0.839393	0.927074	1.06314	1.23297	1.39955	1.49809	1.53837	1.50704	1.39176	1.18202	0.85202	0.55612	0.339606	0.175671	0.0723865	0.045487	0.0855866	0.144046	0.210887	0.250447	0.353284	0.47872	0.657573	0.849173	1.07104	0.659641	0.658933	0.662575	0.665333	0.670851	0.736847	0.69608	0.695634	0.657122	0.624396	0.582312	0.523162	0.462514	0.403014	0.356565	0.315352	0.302549	0.315353	0.383048	0.452153	0.517347	0.495971	0.322009	0.25535	0.188684	0.123798	0.0319293	-0.0588591	-0.150172	-0.21986	-0.271503	-0.290819	-0.280965	-0.15162	-0.0224055	0.143657	0.361878	0.696103	1.08585	1.54467	2.06356
-9	17.993	17.3703	16.7645	15.9642	15.1348	14.5019	13.8933	13.3119	12.7394	12.1922	11.665	11.1596	10.676	10.2008	9.78194	9.37332	8.98947	8.6179	8.26503	7.95134	7.5833	7.21338	6.80823	6.43893	6.03247	5.68443	5.357	5.06087	4.79958	4.57124	4.41419	4.29101	4.25531	4.22021	4.2134	4.19705	4.13458	4.0913	4.00741	3.83698	3.5647	3.18672	2.77864	2.34793	1.94941	1.57589	1.23804	0.930284	0.659333	0.41566	0.315026	0.274561	0.248444	0.220632	0.186353	0.179568	0.165427	0.135258	0.127013	0.123735	0.127246	0.148797	0.159346	0.218964	0.777834	0.687469	0.596222	0.644848	0.620901	0.587824	0.513543	-0.0919476	-0.428282	-0.878737	-0.742527	-0.646897	-0.271488	-0.594124	-0.587628	-0.645665	-0.527207	-0.385969	-0.208868	-0.00809435	0.224475	0.34055	0.352029	0.350265	0.353746	0.333665	0.312954	0.255277	0.236111	0.220689	0.150525	0.0469633	-0.0490005	-0.121738	-0.168097	-0.123781	-0.0720865	-0.0172924	0.0477858	0.0751373	0.11443	0.191092	0.144017	0.133643	0.12709	0.106413	0.114601	0.0931409	0.127325	0.157225	0.195553	0.232629	0.27373	0.307962	0.334291	0.375097	0.409455	0.450869	0.487862	0.533338	0.573587	0.623753	0.662898	0.703856	0.741173	0.767503	0.765773	0.798942	0.837083	0.879265	0.911834	0.987245	1.04099	1.16979	1.31556	1.4754	1.62451	1.7794	1.89574	2.01532	2.09152	2.17603	2.24211	2.3033	2.35411	2.39809	2.43746	2.45143	2.38942	2.37323	2.38651	2.45013	2.53918	2.60757	2.77716	2.95158	3.13026	3.30386	3.4334	3.56854	3.70985	3.85286	3.99501	4.13907	4.26494	4.38166	4.45022	4.50088	4.55253	4.58176	4.61961	4.66386	4.70413	4.75226	4.83261	4.91613	4.99653	5.0903	5.19739	5.35162	5.47017	5.56713	5.55117	5.5614	5.55215	5.53814	5.44472	5.28417	5.1884	5.13994	5.16012	5.21777	5.53472	5.57417	5.6013	5.6251	5.62568	5.63427	5.5722	5.49568	5.41886	5.32944	5.23064	5.14846	5.05273	5.00282	4.9621	4.96139	4.97127	4.98562	5.00943	5.03399	5.06822	5.08087	5.08875	5.10041	5.08743	5.07604	5.05345	5.03351	4.99587	4.98068	4.97863	5.01972	5.04539	5.05828	5.05085	5.06844	5.03807	4.99262	4.93521	4.75527	4.55897	4.35356	4.1196	3.87496	3.68189	3.49078	3.3178	3.15207	3.03489	2.95526	2.88795	2.83971	2.83184	2.85205	2.86806	2.90095	2.89888	2.90646	2.90666	2.89935	2.85788	2.80952	2.7608	2.6873	2.60982	2.45251	2.29239	2.10799	1.947	1.78434	1.66497	1.70281	1.74085	1.78232	1.85795	1.93159	2.00617	2.00671	1.97948	1.96336	1.9247	1.89733	1.85555	1.79657	1.70105	1.54806	1.40323	1.27542	1.16555	1.06926	0.990109	0.918965	0.876307	0.897795	0.949156	1.01641	1.04864	1.10738	1.13729	1.22271	1.30978	1.37271	1.44273	1.46915	1.47465	1.39084	1.31295	1.22043	1.11587	0.996865	0.902539	0.765979	0.631881	0.503649	0.377181	0.280853	0.168453	0.0681179	-0.0175608	-0.101132	-0.203631	-0.269167	-0.315805	-0.34506	-0.35904	-0.341935	-0.283619	-0.183954	-0.0611649	0.0706419	0.207345	0.338069	0.465553	0.554644	0.638678	0.718024	0.792075	0.858336	0.925109	0.987181	1.04051	1.08343	1.10061	1.09338	1.0857	1.06249	1.10239	1.30217	1.36959	1.39098	1.41773	1.44881	1.49845	1.54853	1.60889	1.72186	1.83916	1.9872	2.17976	2.39884	2.66201	3.27235	3.38423	3.46199	3.53227	3.57214	3.57455	3.57528	3.69305	3.83622	4.05725	4.33907	4.75982	5.04215	5.30235	5.56154	5.82178	6.08189	6.46142	6.90057	7.34847	7.79782	8.26576	8.7207	8.89864	9.03193	9.1882	9.51104	9.77809	10.109	10.5167	10.9581	11.4217	11.898	12.3809	12.8397	13.2883	13.7174	14.1185	14.4892	14.8532	15.151	15.4445	15.6442	15.7531	15.8314	15.9007	15.9782	16.0367	16.1925	16.4103	16.6423	16.8306	16.9827	17.0937	17.1033	17.0532	16.9261	16.742	16.5094	16.2269	15.9142	15.5232	15.1227	14.7159	14.326	13.9295	13.609	13.335	13.0708	12.8194	12.5796	12.3418	12.1172	11.8982	11.6894	11.5217	11.3485	11.1384	10.7547	10.3705	9.9428	9.54278	9.17903	8.88269	8.96721	9.11266	9.30966	9.31139	9.24771	9.16547	9.05986	8.93186	8.77194	8.47604	8.33914	8.12885	7.86596	7.51094	7.14413	6.82136	6.47648	6.10886	5.75485	5.36378	4.89374	4.41398	3.94963	3.63006	3.42581	3.85071	3.54321	3.2686	3.04228	2.85317	2.76161	2.73168	2.99155	3.34269	3.70989	3.9274	3.98978	3.98525	3.77963	3.67499	3.62163	3.58044	3.52528	3.47568	3.41447	3.3447	3.18374	3.02644	2.86923	2.71644	2.57331	2.45784	2.36091	2.31029	2.27372	2.29936	2.38285	2.51449	2.69787	2.86525	3.05627	3.23981	3.39679	3.52362	3.55918	3.57686	3.57331	3.50152	3.38508	3.23619	3.05436	2.84329	2.5898	2.32338	2.05995	1.82025	1.58515	1.38743	1.23838	1.1572	1.10078	1.08875	1.06228	1.02188	0.895452	0.916123	0.906359	0.885247	0.909054	0.858253	0.73719	0.602144	0.487272	0.478779	0.502513	0.601462	0.696118	0.78467	0.841172	0.722573	0.660379	0.445546	0.242959	0.127392	-0.00910049	-0.075109	-0.0635671	0.0396799	0.20669	0.349324	0.481552	0.584245	0.684133	0.748803	0.796145	0.79439	0.769205	0.699414	0.581057	0.450403	0.282143	0.116593	-0.0238187	-0.0563742	-0.0812046	-0.0734326	0.00836286	0.142438	0.260538	0.3799	0.487121	0.589288	0.68144	0.777941	0.812338	0.733808	0.631981	0.613159	0.639071	0.650448	0.688741	0.738248	0.764968	0.700614	0.63921	0.569131	0.501574	0.418577	0.323957	0.246509	0.195308	0.220784	0.289241	0.370851	0.463474	0.544982	0.619398	0.642897	0.697247	0.737109	0.74559	0.740268	0.708736	0.663246	0.564239	0.470608	0.336091	0.211204	0.0805997	-0.0393657	-0.147482	-0.235656	-0.26449	-0.274591	-0.234571	-0.130102	0.0145495	0.233685	0.493786	0.711463	0.350174	0.369547	0.879284	1.50778	1.373	0.72957	0.862287	0.541132	0.23553	-0.0193363	-0.219989	-0.374397	-0.490354	-0.543999	-0.503282	-0.406948	-0.271531	-0.113902	0.060449	0.0937702	-0.231484	-0.261601	-0.319405	-0.37917	-0.422628	-0.446517	-0.422243	-0.357078	-0.269997	-0.171795	-0.0551227	0.0451145	0.126846	0.239609	0.361181	0.490115	0.627368	0.780932	0.938839	1.07434	1.08813	1.13752	1.18143	1.23735	1.32426	1.41449	1.52764	1.63334	1.69499	1.60644	1.30773	0.765162	0.347097	0.0270611	0.000764429	0.0559506	0.0280684	-0.0299123	-0.113543	-0.171106	-0.20603	-0.235796	-0.197387	-0.174374	-0.150854	-0.117618	-0.0790992	-0.0557589	-0.0230147	0.0122813	0.0254748	0.0338823	0.0781228	0.101531	0.154378	0.194549	0.256619	0.278887	0.295706	0.308321	0.338129	0.359036	0.38505	0.404736	0.457197	0.408194	0.305315	0.102392	-0.021627	-0.114072	-0.140737	-0.16242	-0.124145	-0.114544	-0.132647	-0.0324905	0.116639	0.26149	0.343734	0.427437	0.455205	0.442913	0.409986	0.295467	0.218246	0.151609	0.0917197	0.0370573	-0.00689473	-0.0224473	-0.0748301	-0.0622963	-0.0410923	-0.0166347	0.0163604	0.0522423	0.0820947	0.111364	0.135782	0.163015	0.181137	0.180354	0.201348	0.212433	0.193261	0.194632	0.196466	0.199514	0.191645	0.184601	0.161375	0.144484	0.0892998	0.0126962	-0.0804318	-0.16073	-0.217469	-0.263101	-0.227287	-0.203175	-0.16842	-0.0904789	0.00768677	0.040766	0.111395	0.178494	0.226869	0.372701	0.389117	0.296438	0.0932583	-0.177233	-0.421679	-0.501776	-0.420426	-0.285053	-0.0587454	0.175042	0.391106	0.410481	0.327016	-0.0383114	-0.0325979	0.0318305	0.120343	0.205397	0.284845	0.296147	0.278027	0.358004	0.514369	0.60216	0.626747	0.636748	0.536629	0.45929	0.394301	0.402672	0.661575	0.699042	0.73829	0.759952	0.777054	0.793085	0.77081	0.725639	0.682181	0.652766	0.643819	0.675424	0.733408	0.797853	0.851309	0.879409	0.889291	0.868809	0.823318	0.780458	0.733362	0.686676	0.628696	0.571196	0.51047	0.456554	0.410969	0.387936	0.387249	0.414309	0.516517	0.724773	0.923114	0.870528	1.01859	1.14533	1.2875	1.40706	1.46487	1.52516	1.72827	1.84351	1.95778	2.07441	2.2211	2.37202	2.53036	2.69041	2.86617	3.03356	3.22076	3.43552	3.63708	3.85247	4.07834	4.27597	4.46271	4.60602	4.68799	4.40094	4.25132	4.22339	4.30754	4.43174	4.6219	4.78069	4.89648	4.98428	4.96567	4.90527	4.86016	4.9307	5.08608	5.26543	5.48548	5.69693	5.89766	6.06043	6.15692	6.16382	6.08134	5.93027	5.68944	5.33742	4.91144	4.46022	4.02244	3.60926	3.26408	2.96369	2.72339	2.51948	2.41236	2.34893	2.40733	2.51761	2.66871	2.84212	3.0502	3.2324	3.38082	3.52367	3.55839	3.53505	3.45102	3.31452	3.08631	2.80156	2.46277	2.03687	1.60135	1.18488	0.867935	0.54232	0.259928	0.00782272	-0.182368	-0.275992	-0.319988	-0.263165	-0.166063	-0.0819094	-0.0217824	-0.00663094	-0.00934957	-0.0901196	-0.180969	-0.354079	-0.466613	-0.500276	-0.471203	-0.375523	-0.273783	-0.0772237	0.129093	0.381009	0.596444	0.841382	1.05774	1.10892	1.10906	1.06871	0.990001	0.905147	0.816109	0.731069	0.656527	0.582965	0.519191	0.49478	0.484137	0.477331	0.433548	0.361444	0.320607	0.277336	0.260063	0.246489	0.24511	0.24779	0.273966	0.384508	0.518391	0.680157	0.797782	0.865555	0.811136	0.775345	0.73863	0.715774	0.716845	0.710963	0.860833	0.980956	1.08763	1.16951	1.21568	1.18893	1.15585	1.14394	1.06104	0.962525	0.873402	0.793225	0.72527	0.688855	0.659251	0.656487	0.626873	0.607138	0.600883	0.572892	0.574842	0.58324	0.653822	0.747762	0.856961	0.97504	1.10571	1.19454	1.18611	1.12164	1.01461	0.894967	0.731274	0.577064	0.407684	0.242084	0.0862075	-0.0516762	-0.184698	-0.302036	-0.389477	-0.390829	-0.37743	-0.31365	-0.216371	-0.107056	0.0080196	0.1378	0.21472	0.282774	0.325307	0.306864	0.240252
-8	1.514	2.13128	2.54462	2.84652	2.98572	3.09297	2.97685	2.69119	2.41239	2.07028	1.8516	1.69487	1.63307	1.46109	1.34562	1.28035	1.21562	1.1359	1.08853	1.06162	1.04221	1.02194	0.963204	0.928335	0.877687	0.874394	0.83328	0.791186	0.709587	0.654409	0.574029	0.522842	0.523034	0.48731	0.475763	0.493233	0.44966	0.378502	0.291823	0.206186	0.150281	0.114239	0.103491	0.0952598	0.0997074	0.0495657	0.00274947	-0.0685731	-0.121801	-0.190974	-0.198921	-0.165225	-0.11781	-0.0451369	-0.0254358	0.0886064	0.195253	0.334644	0.445738	0.53258	0.601602	0.694108	0.716879	0.587634	0.409258	0.253864	0.126017	0.0157349	0.0126479	0.0676825	0.17583	0.256136	0.221727	0.120642	-0.0148366	-0.0753656	-0.116893	-0.2157	-0.269307	-0.29496	-0.23798	-0.170929	-0.0261826	0.0904579	0.226718	0.379406	0.549834	0.833392	1.14009	1.3689	1.47994	1.65127	1.85204	1.96038	2.04405	2.13462	2.2256	2.36195	2.49043	2.58895	2.64365	2.66399	2.69329	2.66372	2.65857	2.60889	2.62971	2.68742	2.6766	2.51303	2.36221	2.21547	2.19621	2.21242	2.36393	2.51832	2.69187	2.65519	2.54009	2.46372	2.38618	2.30205	2.24277	2.21034	2.39557	2.4596	2.58633	2.74618	2.91978	3.04242	3.11454	3.26202	3.37018	3.38994	3.36693	3.35002	3.24618	3.08802	3.02148	3.03581	3.14669	3.27437	3.49521	3.70645	3.82703	3.86331	3.90585	3.97349	4.03394	4.1194	4.1704	4.21571	4.20072	4.21148	4.2106	4.10748	4.02989	3.99832	4.1066	4.27698	4.49673	4.83716	4.9241	4.80736	4.64667	5.05008	5.36656	5.65598	5.86191	5.98847	5.97041	5.89506	5.84505	5.77786	5.68116	5.59443	5.50678	5.45873	5.26078	5.03056	4.94574	4.96389	5.0942	5.29017	5.61667	5.83909	5.95066	5.92358	5.92459	5.91226	5.88143	5.88904	5.82054	5.79793	5.72255	5.59197	5.64746	5.78135	5.97205	6.20409	6.48101	6.71238	7.05254	7.09781	6.74138	6.70641	6.52531	6.51264	6.49963	6.49422	6.51658	6.54216	6.6001	6.62765	6.63997	6.61884	6.62052	6.62147	6.5923	6.519	6.37341	6.13713	5.87471	5.60625	5.53865	5.59698	5.50536	5.58076	5.61651	5.66538	5.6515	5.63196	5.61653	5.51861	5.36298	5.13145	4.94935	4.73538	4.53189	4.30887	4.18212	4.07367	3.9867	3.80164	3.5485	3.30873	3.25261	3.43662	3.38159	3.33613	3.35044	3.39827	3.47894	3.4467	3.53748	3.45427	3.62128	3.28296	2.63298	2.27761	2.03295	1.83653	1.76906	1.91614	1.94466	1.97861	1.85347	1.67897	1.42486	1.27152	1.22891	1.22303	1.25999	1.33793	1.41667	1.43263	1.45677	1.612	1.69184	1.66989	1.53631	1.52382	1.56947	1.6432	1.65142	1.67505	1.67717	1.67607	1.65037	1.54081	1.46768	1.34543	1.18222	1.02989	0.823209	0.318326	0.0680572	-0.123967	-0.145559	-0.000993393	0.179376	0.302742	0.32304	0.329288	0.119572	0.28663	0.4687	0.498803	0.45017	0.340537	0.224597	0.0828455	0.025127	-0.0461414	-0.16862	-0.243583	-0.246701	-0.171299	-0.0924373	-0.170587	-0.219162	-0.26994	-0.288581	-0.119855	-0.0519332	0.0264329	0.0980917	0.104741	0.0442603	-0.00843167	0.156715	0.137211	0.0748504	-0.0859423	-0.230452	-0.235038	-0.197451	-0.145427	-0.0160146	0.0731691	0.270743	0.375632	0.461907	0.407952	0.393475	0.306676	0.27018	0.234322	0.185745	-0.101553	-0.170135	-0.0769011	-0.0272275	-0.0227934	0.195065	0.528126	0.861465	1.21797	1.55904	1.85042	2.07312	2.23388	2.35076	2.43783	2.67331	2.89742	3.01549	3.22876	3.42216	3.57381	3.72731	3.94258	4.14345	4.46131	4.76297	5.05163	5.38062	5.66572	5.86938	5.99937	6.14559	6.4011	6.70272	7.13925	7.6506	8.11022	8.5255	8.93095	9.40142	9.81095	10.2866	10.6517	11.0304	11.432	11.725	11.9726	12.1775	12.2781	12.227	12.1657	12.0861	12.1551	12.3601	12.669	12.8828	13.0287	13.2475	13.5055	13.7194	13.895	13.9437	14.025	14.1416	14.1977	14.1681	13.9969	13.7713	13.4704	13.1802	12.8973	12.6291	12.346	12.0185	11.6669	11.3569	11.084	10.8222	10.6119	10.3613	10.1278	9.9167	9.69852	9.35262	8.97035	8.64419	8.33624	8.06963	7.88286	7.75069	7.67087	7.54	7.25532	7.00243	6.80908	6.67397	6.4583	6.21231	6.00488	5.79297	5.48879	5.20068	4.89933	4.65611	4.46932	4.30065	4.15361	4.01217	3.85594	3.77247	3.68969	3.59714	3.43117	3.47182	3.6414	3.70909	3.71703	3.55005	3.31742	3.11941	2.97899	2.87836	2.80602	2.75296	2.88173	2.86929	2.82077	2.74927	2.76555	2.76422	2.70792	2.65736	2.6674	2.68819	2.65598	2.58905	2.4077	2.15465	1.88061	1.54785	1.20915	0.757377	0.414303	0.220534	0.152354	0.282464	0.408385	0.663286	0.961906	1.30552	1.66509	2.0304	2.42754	2.74226	2.94893	3.1511	3.30576	3.37735	3.23026	3.07752	2.88239	2.39361	1.86776	1.31061	0.509633	0.333077	0.239252	-0.049037	-0.176108	-0.240245	-0.218928	-0.133774	0.0383466	0.218385	0.330973	0.441991	0.492659	0.367809	0.305983	0.266334	0.226924	0.151737	0.0653259	-0.0147631	-0.110249	-0.170939	-0.23404	-0.281056	-0.281852	-0.210245	-0.0763611	0.0243521	0.14553	0.207918	0.273877	0.2688	0.252336	0.224485	0.17605	0.119708	0.330463	0.324863	0.33042	0.338523	0.331278	0.313053	0.336918	0.388377	0.447573	0.522746	0.574605	0.610629	0.595452	0.522835	0.458891	0.406692	0.344295	0.276312	0.180968	0.120389	0.04075	-0.0352452	-0.0759462	-0.132071	-0.182969	-0.20244	-0.209203	-0.171712	-0.0925813	-0.0197595	0.0412091	0.0833593	0.127206	0.166733	0.238251	0.301012	0.315173	0.315671	0.219452	-0.227976	-0.328489	-0.349614	-0.218763	-0.111455	-0.0352899	0.104768	0.317597	0.394979	0.440214	0.484321	0.516076	0.551148	0.681043	0.76177	0.827557	0.816201	0.741612	0.728233	0.72006	0.699181	0.667433	0.662625	0.63136	0.536742	0.455238	0.357855	0.300046	0.237149	0.186901	0.131977	0.0371577	-0.0388109	-0.146722	-0.214569	-0.271009	-0.275726	-0.290383	-0.31498	-0.300572	-0.29579	-0.302803	-0.286502	-0.222397	-0.186201	-0.126426	0.0994434	0.248033	0.144299	0.150792	0.16238	0.171505	0.204551	0.231152	0.244528	0.305096	0.367214	0.471438	0.499423	0.523897	0.534185	0.588213	0.650271	0.65936	0.693048	0.726657	0.852445	0.843453	0.832888	1.02337	1.09261	1.14283	1.1759	1.17248	1.10266	1.06184	1.06376	1.07195	1.13904	1.23111	1.20567	1.23504	1.27413	1.31786	1.30609	1.23024	1.06477	0.93009	0.803836	0.682363	0.555368	0.430804	0.327419	0.24234	0.309792	0.178011	0.102146	0.0438252	0.0304301	0.0900495	0.193353	0.349521	0.639326	0.702219	0.66628	0.657807	0.708851	0.666471	0.574731	0.476765	0.374711	0.3001	0.222641	0.232493	0.305419	0.349495	0.424604	0.412738	0.344103	0.246808	0.160928	-0.0642168	-0.192096	-0.268402	-0.215734	-0.304656	-0.325235	-0.423319	-0.57324	-0.639165	-0.593493	-0.706321	-0.759379	-0.649387	-0.513951	-0.404412	-0.22627	-0.109748	-0.0452171	0.0334791	0.167071	0.276717	0.379515	0.487467	0.390696	0.395018	0.369471	0.310872	0.243492	0.249352	0.176003	0.176539	0.17758	0.270161	0.358683	0.414361	0.450583	0.468884	0.502341	0.493423	0.44179	0.399562	0.372149	0.340039	0.234513	0.181896	0.110804	0.110963	0.109813	0.113557	0.0502664	0.203082	0.254677	0.301948	0.331287	0.346051	0.370909	0.352967	0.317623	0.305341	0.352442	0.383023	0.437546	0.520915	0.546951	0.605039	0.689335	0.750081	0.798117	0.947842	1.11149	1.29937	1.37881	1.46046	1.51994	1.49209	1.29931	1.12174	1.05309	1.02347	0.923488	0.851289	0.777683	0.789201	0.794161	0.812269	0.806697	0.785381	0.795429	0.823254	0.77884	0.715749	0.651064	0.594993	0.564898	0.545038	0.548773	0.568105	0.589629	0.60081	0.668051	0.785142	0.893568	0.973718	0.994267	1.01178	0.966606	0.908774	0.797332	0.718918	0.544064	0.353016	0.167389	-0.0108944	-0.16859	-0.360617	-0.419582	-0.440058	-0.0992179	0.487927	1.36603	1.72422	0.81486	0.742395	1.53196	1.53351	1.17612	1.36936	1.62644	1.73362	1.8991	2.05496	2.11892	2.07529	2.06994	2.06655	2.10564	2.17453	2.28036	2.36094	2.52385	2.89111	2.98975	3.15048	3.23592	3.30103	3.31849	3.30489	3.34763	3.35065	3.45912	3.63455	4.18455	3.81226	3.50338	3.2486	2.93757	2.89616	2.9912	3.07297	3.29411	3.43756	3.74253	3.98201	4.23868	4.38533	4.47936	4.48258	4.49463	4.46909	4.42162	4.28229	3.95829	3.64074	3.33125	3.02801	2.75547	2.52246	2.30595	2.14304	1.9833	1.77959	1.61037	1.4289	1.25866	1.19181	1.18523	1.26246	1.37483	1.49155	1.63183	1.79024	1.98337	2.09893	2.18467	2.25751	2.29219	2.25466	2.16814	2.01361	1.77713	1.47812	1.11998	0.731685	0.41969	0.146662	-0.0148935	-0.11615	-0.0446861	-0.055414	0.134677	0.312653	0.436411	0.556715	0.681841	0.749465	0.759635	0.78053	0.769871	0.755608	0.65074	0.52828	0.444621	0.435962	0.436506	0.281705	0.126338	0.00554504	-0.0956452	-0.0914522	-0.0646051	-0.082036	-0.120569	-0.259433	-0.30659	-0.218802	-0.0736409	-0.272796	-0.381954	-0.369683	-0.299977	-0.223193	0.0210119	0.232526	0.398791	0.595604	0.848439	1.05845	1.06186	0.993699	0.930243	0.871917	0.806505	0.709647	0.728727	0.787206	0.849487	0.893984	0.796131	0.625521	0.485002	0.370525	0.331441	0.305454	0.158627	0.0113815	-0.0259682	-0.0459281	0.00125446	0.0574315	0.26148	0.456021	0.661809	0.842452	0.914701	1.03882	1.0951	1.08929	1.10253	1.1094	1.07855	1.06442	1.05698	1.01677	0.997233	0.997794	1.05116	1.00936	0.90449	0.793108	0.686678	0.584366	0.522324	0.512753	0.591826	0.671099	0.7811	0.903338	1.05007	1.22869	1.48165	1.65795	1.68149	1.67801	1.65416	1.45539	1.32957	1.17686	1.06238	1.05724	0.798859	0.633628	0.417679	0.0621079	-0.281462	-0.683644
-7	3.18079	3.07562	2.72351	2.43177	2.16362	1.85412	1.60713	1.4004	1.21677	1.04526	0.948713	0.887727	0.891669	0.941673	0.995774	0.967002	0.877053	0.814379	0.776132	0.773137	0.74604	0.684265	0.632329	0.593069	0.577763	0.589535	0.653742	0.626771	0.606266	0.514119	0.408829	0.351727	0.341039	0.312651	0.222955	0.171697	0.117454	0.0268718	-0.0211569	0.0025605	0.0380474	0.183695	0.343944	0.514768	0.365391	0.179533	0.0158088	-0.11828	-0.218451	-0.269197	-0.277239	-0.260576	-0.245643	-0.147433	-0.125039	-0.121671	-0.128201	-0.0594463	0.0139215	0.0692145	0.106049	0.120706	0.18272	0.210747	0.195895	0.142655	0.100937	0.0435587	-0.0170129	-0.0696883	-0.0854408	-0.105707	-0.1284	-0.0979168	-0.0594272	-0.0151494	0.0317623	0.0927834	0.161393	0.252095	0.333502	0.403325	0.433792	0.455925	0.469983	0.478142	0.469475	0.430655	0.397935	0.403484	0.339305	0.268922	0.19102	0.128617	0.136146	0.143629	0.182596	0.19285	0.217063	0.235576	0.22299	0.182757	0.0455597	-0.0999937	-0.228211	-0.106111	-0.0213633	-0.119454	-0.178358	-0.209699	-0.199643	-0.167273	-0.101237	-0.0119283	0.104723	0.242756	0.400207	0.576252	0.739156	0.782802	0.825924	0.868068	0.887643	0.90161	0.876807	0.83937	0.812881	0.805429	0.836764	0.910853	0.987106	1.04056	1.12643	1.19864	1.26374	1.37596	1.47838	1.58773	1.68014	1.73393	1.76426	1.7683	1.74145	1.73659	1.70921	1.67733	1.64116	1.60359	1.55123	1.50312	1.45843	1.43737	1.45181	1.4908	1.45465	1.488	1.54763	1.61708	1.67455	1.74334	1.83204	1.9463	2.05364	2.09845	2.04523	2.01882	2.02027	2.02256	2.05558	2.11518	2.22306	2.36301	2.54181	2.74687	2.85434	2.91605	2.90091	2.88926	2.83437	2.74097	2.6598	2.62945	2.59286	2.58343	2.53081	2.54064	2.56457	2.62879	2.7669	2.87814	2.96832	2.98542	3.04528	3.16943	3.33384	3.51921	3.64903	3.71373	3.76399	3.85168	3.96677	3.97869	4.02619	4.04395	4.06432	4.12125	4.22444	4.38654	4.44933	4.51084	4.50463	4.51724	4.50602	4.46597	4.38156	4.36654	4.288	4.25074	4.21412	4.20659	4.22685	4.1895	4.08899	3.99843	3.91608	3.84033	3.76117	3.67643	3.59095	3.51307	3.4382	3.41861	3.40019	3.38503	3.33744	3.26846	3.11749	2.98204	2.8618	2.74122	2.59741	2.52487	2.46632	2.34218	2.21365	2.14754	2.14341	2.14475	2.13912	2.06643	2.01069	1.95312	1.89766	1.78829	1.69671	1.62534	1.5997	1.54459	1.40467	1.22777	1.03923	0.861764	0.768119	0.749106	0.721045	0.67862	0.68738	0.707671	0.798121	1.00755	1.15806	1.28133	1.41016	1.52672	1.50825	1.41278	1.33143	1.25103	1.15138	1.06755	1.03767	1.05599	1.09874	1.17245	1.11487	0.948852	0.723605	0.541224	0.424731	0.344261	0.293432	0.219959	0.133723	-0.0838175	-0.215043	-0.216628	-0.192511	-0.13177	-0.0599816	0.0345007	0.130078	0.223427	0.297902	0.382041	0.510557	0.588981	0.610924	0.617793	0.571456	0.433236	0.251153	0.06643	-0.0674422	-0.160207	-0.218018	-0.231312	-0.219221	-0.131611	0.00631918	0.17282	0.421907	0.51616	0.591779	0.661404	0.684287	0.634833	0.582653	0.546673	0.467441	0.410042	0.359036	0.311383	0.14492	-0.0460041	-0.135497	-0.240126	-0.151907	-0.118125	-0.0445377	0.0717583	0.211615	0.38418	0.587191	0.788428	0.971272	1.14813	1.28487	1.40377	1.48193	1.53137	1.56188	1.57618	1.59103	1.60252	1.63396	1.67153	1.72365	1.76266	1.816	1.87061	1.92293	1.98399	2.04861	2.10343	2.19147	2.30885	2.48899	2.70362	2.91642	3.10864	3.32298	3.58598	3.90857	4.27799	4.42327	4.55052	4.65351	4.68917	4.76319	4.78713	4.95402	5.21324	5.44496	5.71953	6.03904	6.52176	6.85977	7.17019	7.49466	7.83028	8.19612	8.5991	8.98639	9.3808	9.75189	10.1002	10.4287	10.6953	10.8918	11.0307	11.1155	11.1552	11.2058	11.2473	11.291	11.3348	11.3402	11.3345	11.3646	11.364	11.4647	11.551	11.6218	11.6598	11.5761	11.4432	11.2689	11.0738	10.8744	10.7106	10.5335	10.2802	10.0828	9.92091	9.72299	9.53298	9.30414	9.02212	8.77247	8.54357	8.36161	8.19746	8.00533	7.77194	7.55204	7.34856	7.19913	7.06706	6.999	6.91211	6.79917	6.66076	6.50226	6.3022	6.1065	5.90692	5.69863	5.44813	5.19847	4.99726	4.76637	4.54643	4.33757	4.14478	3.97599	3.84892	3.78572	3.76987	3.80147	3.77398	3.65743	3.45056	3.30575	3.22911	3.18142	3.11935	3.15436	3.13278	3.20962	3.23949	3.19284	3.16563	3.08278	3.00328	2.90732	2.87349	2.77954	2.67872	2.59492	2.55352	2.56902	2.85317	2.74491	2.39305	2.22322	2.15663	2.07449	2.18316	2.17928	2.09894	1.99439	1.89246	1.82068	1.74692	1.69911	1.65649	1.60722	1.54442	1.4659	1.53304	1.82415	2.05673	2.26385	2.44772	2.63059	2.80248	2.89752	2.87764	2.78073	2.61571	2.43517	2.2257	2.01759	2.04674	1.85459	1.5854	1.34274	1.16123	1.04244	0.967598	0.947971	0.902194	0.919743	0.960811	1.06747	1.1579	1.18126	1.20226	1.20048	1.13619	0.974887	0.956435	0.866533	0.72642	0.729913	0.737078	0.646985	0.48618	0.371597	0.248993	0.170456	0.117459	0.018185	-0.0896354	-0.166224	-0.226522	-0.303813	-0.258782	-0.145346	-0.0451399	0.063006	0.184551	0.280442	0.341773	0.42738	0.554954	0.595505	0.628162	0.653128	0.651667	0.596135	0.48127	0.339964	0.216238	0.123745	0.0530962	0.00404146	-0.0182643	-0.0174877	0.0061712	0.0219174	-0.0279172	-0.0613797	-0.0651265	-0.0422093	0.0459909	0.108313	0.179859	0.263953	0.321783	0.386	0.442889	0.46798	0.45511	0.403151	0.303236	0.215335	0.151746	0.0848322	0.0193757	-0.0455415	-0.0944964	-0.121145	-0.150732	-0.117356	-0.0934259	-0.0551249	-0.0397407	-0.0290961	-0.0464401	-0.0711097	-0.0821598	-0.0627996	-0.0208521	0.0343859	0.106547	0.190379	0.24013	0.271063	0.297032	0.293879	0.276654	0.268926	0.181483	0.137409	0.0823851	0.0488501	-0.0229643	-0.228705	-0.266421	-0.258467	-0.174669	-0.102082	-0.00362822	0.21856	0.362316	0.462686	0.543657	0.502184	0.420996	0.381591	0.352115	0.310609	0.216703	0.112151	0.0391077	0.0420934	0.0633364	0.0644679	0.103396	0.0929397	0.0646299	0.0444241	0.0204112	-0.0100311	-0.0511777	-0.105815	-0.302468	-0.348766	-0.180263	0.122762	0.413328	0.543804	0.513331	0.456348	0.412341	0.0451355	-0.43238	-0.390349	-0.0140868	0.190985	0.0945351	0.0206862	-0.0561529	-0.110384	-0.105026	-0.0880938	-0.0774586	-0.0686516	-0.0701784	-0.0626067	0.00367758	0.0280046	0.0948103	0.182685	0.280204	0.36445	0.28911	0.194588	0.0814381	-0.0176022	-0.100123	-0.0692564	0.0854025	0.124778	0.197286	0.278197	0.305216	0.246113	0.197487	0.142056	0.116927	0.080708	0.0591883	0.11625	0.147482	0.0842879	0.124201	0.327012	0.392417	0.394522	0.39151	0.398242	0.409825	0.414272	0.411812	0.375314	0.305497	0.213791	0.118984	0.0253622	-0.0352529	-0.0788132	-0.0895593	-0.0675083	-0.0128296	0.0829033	0.0890694	0.0856255	0.108024	0.140706	0.18436	0.294031	0.536522	0.626139	0.663458	0.632683	0.550517	0.436058	0.323871	0.206968	0.0387514	-0.0261719	-0.0461135	-0.0632863	-0.109253	-0.181275	-0.231838	-0.32712	-0.355163	-0.36731	-0.343093	-0.237777	-0.0676745	0.131854	0.179968	0.169004	0.190318	0.234962	0.192025	0.0243938	-0.599686	-0.829216	-0.971175	-0.879423	-0.524288	-0.343206	-0.203351	-0.0695922	0.0657782	0.173441	0.288965	0.405805	0.516258	0.525711	0.479094	0.402072	0.380006	0.388246	0.349364	0.277092	0.181454	0.134276	0.0908028	0.0811985	0.0904245	0.158704	0.26038	0.323461	0.282786	0.279788	0.302692	0.418838	0.604621	0.841451	1.06359	1.22547	1.32572	1.28867	1.15951	0.990658	0.769964	0.579909	0.417804	0.305389	0.270944	0.256114	0.202715	0.179156	0.147088	0.127802	-0.0223944	0.161957	0.434544	0.74281	0.809432	0.812357	0.810804	0.752297	0.664111	0.582222	0.548134	0.587194	0.594177	0.552511	0.533707	0.677715	0.666289	0.585307	0.559216	0.569959	0.616153	0.688371	0.788117	1.1038	1.20032	1.26416	1.29443	1.33264	1.37254	1.43027	1.51142	1.51557	1.51814	1.51052	1.54631	1.65259	1.73646	1.8322	1.92401	1.99677	2.0716	2.13151	2.13545	2.0979	2.10913	2.12967	2.15314	2.23022	2.36138	2.49007	2.6127	2.77087	2.87923	2.94983	2.96218	2.94224	2.93468	2.95085	2.96442	2.95903	2.94338	2.86776	2.75654	2.67795	2.68634	2.68388	2.81268	3.17046	3.36718	3.55473	3.67397	3.71361	3.74022	3.85927	3.9424	4.02344	3.81535	3.76015	3.63184	3.58375	3.30055	3.11635	2.58248	1.84343	1.25916	0.61719	0.274583	0.203301	1.17852	1.43298	1.64833	1.87331	1.99946	2.02127	1.99704	2.05914	2.1341	2.21535	2.31741	2.37277	2.24478	2.19903	2.15251	2.06249	1.96909	1.84498	1.74745	1.67709	1.59381	1.46228	1.34299	1.20643	1.10147	1.01434	0.913386	0.80641	0.768397	0.748458	0.742255	0.740034	0.729296	0.714749	0.674923	0.661823	0.654816	0.634359	0.593501	0.540335	0.492664	0.436535	0.402572	0.344611	0.280344	0.207352	0.137835	0.0492225	-0.000120047	-0.0668283	-0.112946	-0.161236	-0.18057	-0.213841	-0.207772	-0.178448	-0.0934175	-0.0245221	0.0979487	0.140225	0.212811	0.303713	0.371819	0.355785	0.317092	0.28768	0.27086	0.255163	0.161599	-0.135485	-0.31343	-0.424848	-0.444257	-0.349772	-0.167233	-0.0379427	0.0207314	0.0523293	0.0813627	0.142725	0.187346	0.207204	0.211933	0.108667	0.0900964	0.11145	0.148532	0.197191	0.255887	0.329702	0.445956	0.553143	0.667667	0.762003	0.855382	0.921843	0.972778	0.99942	0.954368	0.892219	0.811032	0.712125	0.631368	0.607548	0.641254	0.753623	0.820654	0.808072	0.745441	0.747507	0.687695	0.626302	0.556056	0.421227	0.222816	0.0779816	-0.0154453	-0.0934044	-0.129914	-0.163926	-0.155722	-0.0923392	0.00030092	0.120989	0.245448	0.369708	0.506076	0.662827	0.846241	1.03755	1.16843	1.24313	1.2084	1.08797	0.802322
