Acq. time (s)=	4
Accumulations=	3
Range=	Off
Autofocus=	Off
SWIFT=	Off
AutoExposure=	Off
Spike filter=	Multiple accum.
Delay time (s)=	0
Binning=	1
Readout mode=	Signal
DeNoise=	Standard
ICS correction=	On
Dark correction=	Off
Inst. Process=	On
Instrument=	LabRAM S3000
Detector=	Synapse
Objective=	x100
Grating=	1800
ND Filter=	25%
Laser (nm)=	632.81 
Spectro (cm-¹)=	520.984
Slit=	100.021
Hole=	1000.03
Microscope=	Principal
StageXY=	Märzhauser
StageZ=	Märzhauser
X (µm)=	-20
Y (µm)=	-20
Z (µm)=	-3269
Project=	
Sample=	
Site=	
Title=	SOP_200nm_SPIS_p0.5_map
Remark=	
Date=	17.06.2019 15:04
Operator=	
Acquired=	17.06.2019 15:04:13
Base:Sub=	17.06.2019 15:06:03
		358.033	358.357	358.684	359.008	359.333	359.659	359.983	360.309	360.634	360.959	361.285	361.609	361.934	362.26	362.584	362.908	363.233	363.559	363.883	364.208	364.533	364.858	365.182	365.507	365.832	366.157	366.481	366.805	367.13	367.455	367.78	368.104	368.428	368.752	369.078	369.402	369.726	370.051	370.375	370.7	371.024	371.348	371.673	371.997	372.321	372.645	372.969	373.294	373.618	373.942	374.266	374.59	374.914	375.238	375.562	375.886	376.21	376.534	376.858	377.182	377.505	377.829	378.153	378.477	378.801	379.124	379.448	379.772	380.096	380.419	380.743	381.067	381.391	381.714	382.038	382.362	382.685	383.009	383.332	383.656	383.98	384.302	384.625	384.949	385.272	385.596	385.919	386.243	386.566	386.888	387.212	387.535	387.859	388.182	388.504	388.827	389.151	389.474	389.797	390.119	390.443	390.766	391.089	391.412	391.734	392.057	392.381	392.704	393.026	393.349	393.672	393.994	394.317	394.64	394.963	395.285	395.608	395.931	396.253	396.576	396.899	397.22	397.543	397.865	398.188	398.511	398.832	399.155	399.478	399.8	400.122	400.444	400.767	401.088	401.411	401.734	402.055	402.378	402.699	403.022	403.344	403.666	403.988	404.31	404.632	404.954	405.276	405.598	405.919	406.242	406.563	406.886	407.207	407.53	407.851	408.173	408.494	408.815	409.138	409.459	409.782	410.103	410.424	410.746	411.067	411.39	411.71	412.031	412.354	412.675	412.996	413.318	413.639	413.96	414.282	414.603	414.924	415.246	415.567	415.888	416.208	416.531	416.851	417.172	417.494	417.815	418.136	418.456	418.779	419.099	419.42	419.741	420.061	420.383	420.704	421.024	421.345	421.665	421.986	422.308	422.629	422.949	423.27	423.59	423.91	424.232	424.553	424.873	425.194	425.514	425.834	426.155	426.475	426.795	427.116	427.436	427.756	428.078	428.398	428.719	429.039	429.359	429.679	430	430.32	430.64	430.96	431.28	431.6	431.921	432.241	432.561	432.881	433.201	433.52	433.84	434.16	434.48	434.8	435.12	435.44	435.76	436.08	436.4	436.719	437.038	437.358	437.678	437.998	438.317	438.637	438.957	439.276	439.595	439.915	440.235	440.555	440.873	441.193	441.512	441.832	442.152	442.47	442.79	443.109	443.429	443.747	444.067	444.387	444.706	445.024	445.344	445.663	445.982	446.301	446.621	446.939	447.258	447.578	447.896	448.215	448.534	448.852	449.172	449.491	449.809	450.129	450.448	450.766	451.085	451.403	451.722	452.042	452.36	452.679	452.997	453.316	453.634	453.953	454.271	454.59	454.908	455.227	455.544	455.863	456.181	456.5	456.818	457.137	457.455	457.774	458.091	458.41	458.728	459.047	459.364	459.683	460.001	460.318	460.637	460.955	461.274	461.591	461.909	462.228	462.545	462.862	463.181	463.499	463.817	464.135	464.452	464.771	465.088	465.405	465.723	466.041	466.359	466.676	466.995	467.312	467.629	467.946	468.265	468.582	468.899	469.216	469.535	469.852	470.169	470.486	470.805	471.122	471.439	471.756	472.073	472.391	472.708	473.025	473.342	473.659	473.976	474.293	474.611	474.928	475.245	475.562	475.879	476.196	476.513	476.83	477.146	477.463	477.781	478.098	478.415	478.732	479.048	479.365	479.682	479.999	480.315	480.632	480.949	481.265	481.582	481.898	482.215	482.532	482.848	483.165	483.481	483.798	484.114	484.429	484.746	485.062	485.379	485.695	486.012	486.328	486.645	486.961	487.277	487.592	487.909	488.225	488.542	488.858	489.174	489.489	489.805	490.122	490.438	490.754	491.07	491.385	491.701	492.018	492.334	492.648	492.965	493.281	493.597	493.912	494.228	494.544	494.86	495.175	495.491	495.807	496.121	496.437	496.753	497.069	497.384	497.7	498.016	498.33	498.646	498.961	499.277	499.592	499.907	500.223	500.539	500.853	501.169	501.483	501.799	502.113	502.429	502.745	503.059	503.375	503.689	504.005	504.319	504.635	504.949	505.265	505.579	505.895	506.209	506.524	506.838	507.154	507.468	507.784	508.098	508.413	508.727	509.042	509.357	509.671	509.987	510.301	510.616	510.93	511.244	511.559	511.873	512.187	512.503	512.816	513.132	513.446	513.76	514.075	514.389	514.703	515.016	515.332	515.645	515.959	516.274	516.588	516.902	517.216	517.531	517.844	518.158	518.472	518.787	519.101	519.414	519.728	520.043	520.357	520.67	520.984	521.297	521.612	521.926	522.239	522.553	522.866	523.18	523.493	523.808	524.122	524.435	524.748	525.062	525.375	525.689	526.002	526.315	526.629	526.943	527.257	527.57	527.883	528.197	528.51	528.823	529.136	529.45	529.763	530.076	530.389	530.703	531.016	531.329	531.642	531.955	532.268	532.581	532.894	533.206	533.519	533.832	534.145	534.458	534.771	535.084	535.397	535.71	536.023	536.335	536.648	536.961	537.273	537.586	537.899	538.212	538.524	538.836	539.149	539.462	539.775	540.086	540.399	540.712	541.025	541.336	541.649	541.961	542.274	542.585	542.898	543.211	543.523	543.835	544.147	544.46	544.771	545.084	545.396	545.709	546.02	546.332	546.645	546.956	547.268	547.58	547.892	548.204	548.516	548.828	549.14	549.451	549.764	550.075	550.387	550.698	551.01	551.323	551.634	551.946	552.257	552.569	552.88	553.192	553.503	553.815	554.126	554.438	554.749	555.061	555.372	555.684	555.995	556.307	556.618	556.928	557.24	557.551	557.863	558.174	558.486	558.797	559.107	559.419	559.73	560.042	560.352	560.663	560.975	561.285	561.596	561.908	562.218	562.529	562.84	563.151	563.461	563.773	564.083	564.394	564.704	565.016	565.326	565.637	565.947	566.259	566.569	566.879	567.19	567.501	567.811	568.122	568.432	568.742	569.054	569.364	569.674	569.984	570.294	570.604	570.915	571.226	571.536	571.846	572.156	572.466	572.776	573.086	573.396	573.708	574.018	574.328	574.638	574.948	575.258	575.568	575.878	576.187	576.497	576.807	577.117	577.427	577.737	578.047	578.356	578.666	578.976	579.286	579.596	579.905	580.215	580.525	580.834	581.144	581.452	581.762	582.072	582.381	582.691	583.001	583.31	583.62	583.93	584.238	584.547	584.857	585.166	585.476	585.785	586.095	586.403	586.712	587.022	587.331	587.641	587.949	588.258	588.568	588.877	589.185	589.494	589.804	590.113	590.421	590.73	591.039	591.347	591.657	591.966	592.275	592.583	592.892	593.201	593.509	593.818	594.128	594.435	594.744	595.052	595.361	595.67	595.978	596.287	596.596	596.904	597.213	597.521	597.83	598.137	598.446	598.755	599.063	599.372	599.679	599.988	600.296	600.605	600.912	601.221	601.528	601.837	602.145	602.453	602.761	603.07	603.377	603.684	603.993	604.301	604.609	604.917	605.225	605.533	605.84	606.149	606.456	606.763	607.072	607.379	607.688	607.995	608.302	608.611	608.918	609.225	609.533	609.841	610.148	610.455	610.763	611.07	611.377	611.686	611.993	612.3	612.607	612.915	613.222	613.529	613.836	614.145	614.452	614.759	615.065	615.372	615.681	615.988	616.294	616.601	616.908	617.215	617.522	617.83	618.137	618.443	618.75	619.057	619.364	619.67	619.977	620.284	620.592	620.899	621.205	621.512	621.819	622.125	622.432	622.738	623.045	623.352	623.658	623.965	624.271	624.578	624.884	625.191	625.497	625.804	626.11	626.417	626.723	627.03	627.336	627.641	627.947	628.254	628.56	628.867	629.173	629.479	629.786	630.092	630.398	630.703	631.009	631.316	631.622	631.928	632.234	632.539	632.845	633.151	633.458	633.764	634.068	634.375	634.681	634.987	635.292	635.598	635.904	636.21	636.514	636.82	637.126	637.432	637.737	638.043	638.349	638.654	638.96	639.265	639.57	639.876	640.182	640.486	640.792	641.097	641.402	641.708	642.013	642.319	642.624	642.929	643.234	643.539	643.845	644.149	644.455	644.759	645.065	645.37	645.675	645.98	646.285	646.59	646.894	647.2	647.504	647.81	648.114	648.42	648.724	649.028	649.333	649.638	649.943	650.247	650.553	650.857	651.161	651.466	651.77	652.076	652.38	652.684	652.989	653.293	653.597	653.902	654.206	654.51	654.815	655.119	655.423	655.729	656.032	656.336	656.641	656.945	657.249	657.553	657.858	658.162	658.466	658.769	659.074	659.378	659.682	659.986	660.289	660.594	660.898	661.202	661.505	661.809	662.114	662.418	662.721	663.025	663.328	663.632	663.935	664.239	664.544	664.847	665.151	665.454	665.758	666.061	666.365	666.668	666.972	667.275	667.578	667.882	668.185	668.489	668.792	669.095	669.398	669.702	670.005	670.308	670.612	670.915	671.218	671.521	671.825	672.128	672.431	672.734	673.037	673.341	673.644	673.947	674.249	674.552	674.855	675.158	675.461	675.764	676.067	676.369	676.672	676.975	677.278	677.581	677.884	678.185	678.488	678.791	679.094
-20	-20	49.9024	48.8198	47.6189	46.3238	44.9498	43.5294	42.0405	40.4707	38.7774	37.0831	35.4011	33.7531	32.206	30.6692	29.1987	27.733	26.319	24.9754	23.766	22.6311	21.5814	20.6168	19.748	19.0053	18.4442	18.34	17.8356	17.2219	16.5987	15.8828	15.1462	14.3847	13.6708	12.949	12.2286	11.636	10.9968	10.3465	9.51904	8.83043	8.17075	7.54778	6.94671	6.35864	5.78403	5.23284	4.65687	4.11712	3.60161	3.13725	2.78055	2.50012	2.29082	2.11749	1.96527	1.83759	1.69026	1.48384	1.29383	1.09135	0.892358	0.715853	0.552014	0.402182	0.28688	0.235292	0.186503	0.119786	-0.0381239	-0.136792	-0.200251	-0.241814	-0.233	-0.192919	-0.149502	-0.158076	-0.235175	-0.349089	-0.487128	-0.621791	-0.650535	-0.630752	-0.576807	-0.482245	-0.423271	-0.296755	-0.176523	-0.0461702	0.149508	0.44197	0.730374	0.932966	0.941796	0.845644	0.719097	0.583799	0.461291	0.344941	0.316418	0.281739	0.337335	0.487462	0.724273	0.976497	1.24604	1.55955	1.86675	2.12973	2.34636	2.46734	2.56441	2.48224	2.27573	2.11817	1.98721	1.88704	1.81675	1.83995	1.87947	1.90392	1.95844	2.03141	2.08432	2.14918	2.22387	2.30374	2.41262	2.52476	2.65243	2.77229	2.89301	2.95263	3.00463	3.08128	3.1579	3.27697	3.47693	3.79631	4.28077	4.84953	5.47443	6.09939	6.19894	6.13446	6.00232	5.40223	5.41124	5.36072	5.38523	5.56587	5.83799	6.1867	6.54288	6.94807	7.33023	7.71432	7.90885	8.29529	8.95949	9.32126	9.88951	10.2354	10.6722	10.5441	10.7233	10.9138	11.4092	12.1033	13.1227	13.8741	14.5142	14.5908	14.9856	15.3603	15.5994	15.7464	15.8598	16.1135	16.221	16.1218	15.9534	15.7381	15.5253	15.2567	14.9682	14.6657	14.3344	13.9633	13.6019	13.3394	13.1348	13.0663	13.0465	13.0865	13.0563	13.0501	13.0569	13.1983	13.3784	13.5672	13.7121	13.7194	13.6785	13.5961	13.4873	13.3665	13.2318	13.0852	12.9281	12.7772	12.6107	12.4691	12.3025	12.1259	11.9585	11.7719	11.607	11.3422	11.0518	10.6909	10.3786	10.0771	9.80555	9.56648	9.4954	9.43863	9.42034	9.43374	9.46011	9.466	9.48932	9.46086	9.36498	9.13217	8.84722	8.51949	8.28614	7.99451	7.79068	7.61794	7.49528	7.25752	7.00738	6.77257	6.57933	6.51859	6.47515	6.4413	6.39248	6.33949	6.28939	6.24137	6.16961	6.04493	5.77291	5.48658	5.19184	4.89263	4.63674	4.41498	4.22876	4.03552	3.87797	3.82529	3.77824	3.75808	3.74492	3.72172	3.65772	3.55925	3.41918	3.24676	3.05341	2.83551	2.57307	2.28534	2.02473	1.8068	1.73446	1.66601	1.65923	1.70062	1.79784	2.10216	2.3718	2.63374	2.85274	3.02682	3.22556	2.89653	1.45115	0.55104	-0.0302315	-0.942513	-0.837858	-0.289489	0.0710381	0.238183	0.369857	0.283437	0.373068	0.478039	0.720315	0.839523	0.900384	0.873783	0.820858	0.730141	0.600682	0.470856	0.347684	0.202838	0.0337562	-0.177501	-0.405721	-0.714982	-1.01617	-1.00872	-0.897997	-0.749702	-0.514756	-0.26531	0.262	0.372993	0.446056	0.435204	0.150815	-0.260517	-0.321382	-0.25809	-0.00287681	0.200627	0.3981	0.597535	0.805783	1.03027	1.26275	1.78951	2.06111	2.42913	2.79873	3.18143	3.54833	3.90364	4.21995	4.46983	4.63639	4.80686	5.02011	5.42111	5.88737	6.53473	7.31205	8.50172	8.88113	9.47231	9.73381	9.12635	9.48447	10.2859	10.9976	11.8607	12.7834	13.8157	14.763	15.7205	16.9078	18.0929	19.0236	19.9009	20.9518	22.1334	23.3119	24.3963	25.5301	26.5727	27.8242	29.167	30.651	32.1665	33.6252	35.0236	36.446	37.8935	39.4153	41.0648	42.791	44.53	46.1872	47.8456	49.6468	51.5532	53.5064	55.4254	57.142	58.7554	60.1889	61.495	62.7309	63.794	64.7412	65.5059	66.2265	66.7062	67.0738	67.3015	67.4077	67.4707	67.4732	67.5062	67.5763	67.5522	67.3932	67.1249	66.7139	66.0741	65.2392	64.3283	63.4212	62.6041	61.942	61.1668	60.4513	59.4381	58.3234	57.073	55.7103	54.3421	53.0564	51.9368	50.9115	49.8596	48.9632	47.9537	47.2002	46.3818	45.2558	44.0788	42.9358	41.7975	40.6514	39.4309	38.2193	37.0471	36.0325	35.0136	34.0047	33.1119	32.2777	31.2567	30.3128	29.3411	28.4401	27.5327	26.6514	25.7612	24.9507	24.1376	23.3324	22.3637	21.5459	21.0161	20.4242	19.8635	19.3295	18.8383	18.4543	18.1623	17.8725	17.4976	17.2376	17.0944	17.3319	17.6528	18.1743	18.7764	19.396	20.1011	20.7308	21.4428	22.2149	23.1588	23.5523	24.0557	24.3494	24.9293	25.1582	25.4494	25.8067	26.2896	26.8583	28.2411	30.376	33.1383	36.9732	41.9918	49.5528	58.2263	70.7744	86.2479	103.729	125.238	151.554	180.692	210.871	223.335	217.16	191.345	160.781	128.627	99.9382	82.6174	66.8315	54.3424	46.0423	39.7331	34.2924	29.5602	25.5183	22.0045	18.9927	16.3201	14.1627	12.1397	10.78	9.59817	8.67057	7.87331	7.12217	6.45865	5.81713	5.41571	5.11339	4.82557	4.54145	4.21688	3.81307	3.41814	3.06475	2.74218	2.4871	2.28338	2.12598	2.00634	1.9249	1.87908	1.8724	1.95975	2.11616	2.16935	2.18331	2.17464	2.06053	1.93848	1.80801	1.65026	1.43134	1.29318	1.16231	1.0462	0.939392	0.800988	0.668041	0.548632	0.423379	0.274313	0.20206	0.136933	0.118603	0.0814964	0.0623474	0.016388	-0.0273428	-0.0501866	0.0158349	0.112046	0.225791	0.331606	0.375415	0.407571	0.396811	0.333189	0.269767	0.248449	0.249522	0.248802	0.218081	0.176087	0.110434	0.00113638	-0.0291738	-0.122036	-0.245557	-0.388921	-0.537809	-0.709356	-0.878806	-1.03454	-1.10123	-1.1327	-1.09473	-1.00973	-0.837239	-0.617868	-0.38368	-0.18708	0.0218579	0.207967	0.364451	0.485922	0.518641	0.480418	0.412833	0.323226	0.210534	0.0959376	0.0152051	-0.0469768	-0.0952996	-0.123427	-0.104522	-0.0512144	0.0226386	0.0922322	0.224764	0.386186	0.55855	0.729638	0.898564	1.00203	1.11384	1.22677	1.41625	1.53332	1.62538	1.63787	1.55059	1.44679	1.33185	1.21434	1.19871	1.14756	1.08327	0.996879	0.911992	0.859694	0.909833	1.01494	1.09596	1.06203	1.06364	1.0818	1.12963	1.21937	1.37501	1.621	1.91438	2.19384	2.40431	2.46091	2.49365	2.43005	2.31864	2.20041	2.1585	2.13526	2.10767	1.99998	1.85104	1.6376	1.44019	1.22706	1.0187	0.813668	0.621653	0.445626	0.266154	0.10571	-0.0508327	-0.185926	-0.331921	-0.600039	-0.929095	-1.0496	-1.0613	-0.964997	-0.835341	-0.643182	-0.422698	-0.176296	0.0886124	0.320851	0.519224	0.723455	0.794708	0.756754	0.656666	0.604623	0.583347	0.592991	0.631108	0.752008	0.864458	0.937946	0.918763	0.861965	0.781669	0.649661	0.459373	0.0767727	-0.0778507	-0.187578	-0.165894	-0.118306	-0.0324828	-0.139356	-0.0284442	0.127247	0.289513	0.426038	0.509434	0.578645	0.577174	0.566001	0.553247	0.555906	0.452251	0.255829	-0.0948613	-0.258285	-0.36245	-0.496515	-0.627039	-0.80967	-0.949072	-0.971339	-0.791619	-0.289885	0.061902	0.359618	0.687968	0.99255	1.30729	1.63492	1.97823	2.36073	2.77511	3.18227	3.55019	3.82061	3.96694	4.01802	3.98699	3.81665	3.64143	3.47129	3.33688	3.19073	3.06359	2.95388	2.85427	2.76773	2.69801	2.68128	2.69176	2.80639	3.05701	3.35942	3.63073	3.86429	4.02436	4.09015	4.13793	4.30911	4.52406	4.74019	4.95742	5.15425	5.35938	5.5376	5.64083	5.77801	5.86004	5.82877	5.66301	5.41396	5.05774	4.71315	4.449	4.13717	3.80327	3.56726	3.53865	3.62936	3.76055	3.98211	4.22169	4.66948	5.20666	5.77322	6.2678	6.7075	7.09761	7.42118	7.63845	7.80042	7.92	7.99329	8.00732	7.92067	7.76148	7.6051	7.45843	7.37713	7.305	7.26878	7.33431	7.46435	7.66395	7.96	8.35507	8.78235	9.23673	9.71942	10.1779	10.6129	11.0508	11.519	12.0227	12.5651	12.9165	13.3873	13.8777	14.4578	15.018	15.6273	16.2065	16.8296	17.4792	18.156	18.8711	19.6149	20.3007	21.0075	21.6652	22.2451	22.8095	23.3884	23.9566	24.5192	25.0924	25.652	26.173	26.7599	27.1572	27.4574	27.6678	27.8516	28.0657	28.3316	28.567	28.608	28.3511	28.2519	28.3046	28.4834	28.7485	29.0801	29.6989	30.2785	30.9082	31.5215	32.1759	33.197	34.8783	35.5133	35.4652	34.9548	33.9498	32.5563	29.4826	27.2933	24.7543	22.3626	20.1265	18.162	16.5024	15.2014	15.0697	15.7478	15.6906	15.8598	16.1271	16.4705	17.0601	17.5973	17.99	18.3203	18.5673	18.7078	18.8071	18.7984	18.5933	18.1758	17.6281	16.9042	16.0034	14.9455	13.6919	12.2811	10.7979	9.35441	7.93372	6.58032	5.30849	4.17789	3.24211	2.54081	1.9965	1.5932	1.30164	1.12481	1.1133	1.19768	1.36714	1.61633	1.66964	1.57418	1.37292	1.0658	0.657214	0.116344	-0.0798032	-0.171984	-0.166852	-0.0726265	0.213682	0.273104	0.134455	-0.210561	-0.4669	-1.05877	-1.30707	-0.838288	-0.806604	-0.770555	-0.710571	-0.618985	-0.484809	-0.291966	-0.0195184	0.122455	0.215527	0.277716	0.334199	0.32161	0.272139	0.215378	0.239167	0.270333	0.366044	0.518209	0.709521	0.91476	1.0976	1.25417	1.36393	1.42084	1.40667	1.30034	1.20279	1.08844	1.02373	0.987855	0.942874	0.886614	0.81648	0.739029	0.662714	0.592537	0.593389	0.600383	0.628894	0.626846	0.603276	0.548153	0.475006	0.354454	0.17518	-0.0978953	-0.179244	-0.123778	-0.0985182	-0.142686	-0.219698	-0.320187	-0.423151	-0.464902	-0.510217	-0.539727	-0.494017	-0.469085	-0.406237	-0.329736	-0.24989	-0.146458	-0.0185477	0.166079	0.383838	0.612226	0.865442	1.11142	1.398	1.73194	2.20702	2.7443	3.35089	3.98407	4.66882	5.26184	5.81383	6.08692	6.27926	6.10353
-20	0	29.05	27.788	26.5831	25.4487	24.3646	23.3642	22.4934	21.6476	20.8175	20.0328	19.2393	18.4354	17.663	16.9563	16.302	15.7141	15.1888	14.6701	14.1509	13.527	12.8821	12.2316	11.5509	10.7893	10.0318	9.28238	8.64676	8.05452	7.48448	6.90912	6.28728	5.25705	5.12871	5.08501	5.15102	5.40683	5.09519	4.66293	4.08392	3.23044	2.47212	1.77077	1.18595	0.697961	0.323402	0.0737814	0.0166178	-0.106501	-0.048973	0.0245556	0.0799835	0.146681	0.079162	0.183842	0.255041	0.278407	0.246487	0.150961	-0.0392052	-0.220778	-0.365289	-0.354922	-0.28566	-0.165202	0.0181703	0.0534683	0.108959	0.07404	0.102978	0.237086	0.453404	0.689359	0.887719	1.0176	0.906329	0.63122	0.361348	-0.398122	-0.659996	-0.735907	-0.746369	-0.687126	-0.62952	-0.529148	-0.386825	-0.185848	0.0503053	0.370534	0.755413	1.20721	1.54676	1.83838	1.96289	1.89053	1.8087	1.72822	1.73021	1.76002	1.80295	1.84341	1.8933	1.93513	1.99989	2.03115	2.07424	2.15093	2.19221	2.26338	2.33503	2.41337	2.50654	2.59378	2.6741	2.71314	2.82066	3.05788	3.27945	3.44634	3.59479	3.64141	3.7019	3.78198	4.04155	4.10816	4.16423	4.19088	4.32291	4.48905	4.67388	4.88596	5.09368	5.2697	5.44774	5.63055	5.81873	6.03357	6.31211	6.6037	6.86055	7.04521	7.12349	7.1299	7.23491	7.25581	7.2557	7.43955	7.57198	7.42732	7.23213	7.06758	6.91761	6.77708	6.71312	6.94417	7.20343	7.58244	8.06409	8.55275	9.05504	9.47869	9.86299	10.2366	10.6044	11.0969	11.4074	11.6328	11.931	12.1416	12.5682	13.0674	13.6168	14.268	14.9126	15.0581	15.2112	15.4508	15.6914	15.9832	15.9521	15.9342	15.6635	15.3545	14.9589	14.6059	14.2559	13.951	13.6658	13.395	13.1447	12.9203	12.7338	12.5779	12.4564	12.3937	12.3436	12.3263	12.345	12.395	12.4581	12.5338	12.6133	12.6433	12.6836	12.7119	12.7473	12.7535	12.6876	12.5761	12.6697	12.6429	12.5597	12.4205	12.1943	11.9528	11.7644	11.5735	11.3807	11.2604	11.1458	11.0453	11.0201	10.9683	10.8714	10.8218	10.8343	10.8001	10.7803	10.6926	10.5976	10.4514	10.0832	9.72961	9.3451	8.97801	8.59818	8.16274	7.72086	7.28562	6.88936	6.56457	6.31117	6.10689	5.97539	5.91638	6.02196	6.1413	6.27224	6.24609	6.21178	6.1484	6.0474	5.91217	5.70639	5.4381	4.95183	4.57254	4.14722	3.81969	3.53685	3.32528	3.17189	3.09565	3.06201	3.02829	3.00549	3.06096	3.09967	3.08376	3.05579	3.07308	3.13596	3.0091	2.84231	2.55877	2.29202	2.04835	1.79113	1.53522	1.29627	1.05903	0.856171	0.680439	0.56162	0.442608	0.345013	0.250055	0.189917	0.138636	0.117402	0.106309	0.114651	0.146637	0.192392	0.282186	0.397322	0.48725	0.386313	0.279312	0.128272	0.0503243	0.0588918	0.20502	0.299215	0.288141	0.328691	0.399086	0.346184	0.2637	0.146785	-0.0219377	-0.150319	-0.289518	-0.414618	-0.541031	-0.681017	-0.836871	-0.970078	-1.08305	-1.04765	-0.945385	-0.797198	-0.621201	-0.406816	-0.196535	0.0163622	0.252345	0.457295	0.585134	0.599275	0.715052	0.897394	1.1563	1.29572	1.38356	1.421	1.43937	1.39057	1.28247	1.37843	1.55983	1.86584	2.2657	2.83026	3.73101	4.03738	4.25135	4.36262	4.4784	4.84569	5.07308	5.4012	5.21767	5.24354	5.44593	5.82094	6.45349	7.18778	8.1339	8.93916	9.83774	10.8393	11.879	12.9745	14.0644	15.0686	15.5803	16.4004	17.1999	17.9992	18.8662	19.626	20.2998	21.0696	21.9766	22.9993	24.1999	25.3836	26.5581	27.7917	29.1177	30.5149	32.0311	33.764	35.5501	37.2368	38.8989	40.4956	41.9256	43.4848	45.066	46.6266	48.1567	49.639	51.0689	52.3209	53.4516	54.5448	55.4894	56.3556	57.1655	57.9484	58.6947	59.3922	60.0241	60.625	61.1888	61.7506	61.9274	62.1158	62.2269	62.2359	62.0865	61.8016	61.4225	60.9663	60.525	60.0465	59.3619	58.747	58.2068	57.682	57.1998	56.6754	56.2957	55.3323	54.2563	53.0765	51.2589	49.8173	48.3033	46.7882	45.2722	43.9206	42.7558	42.1743	41.1619	40.1465	39.1521	38.1516	37.0896	35.9901	34.8374	33.6706	32.4833	31.3652	30.4745	29.6457	28.8193	28.1227	27.579	27.0394	26.4825	25.8776	25.2863	24.7187	24.2182	23.7269	23.0315	22.2462	21.4189	20.5691	19.7699	18.7834	17.9806	17.3935	16.9249	16.6476	16.6911	16.5958	16.517	16.3314	16.3198	16.4155	16.678	17.0316	17.4558	17.8967	18.3544	18.8307	19.3205	19.8414	20.8796	21.3649	22.43	22.5514	22.6099	22.6835	22.5008	22.5594	22.6944	23.5491	24.7212	26.6779	29.1176	33.9806	38.6321	44.3937	51.7873	60.9603	72.6117	85.3973	105.555	129.029	157.443	180.991	194.044	185.956	171.458	139.653	114.449	90.1823	72.5599	58.6511	46.8666	38.3844	32.498	27.6795	23.6189	21.0415	18.8693	16.5185	14.7224	12.3535	10.5494	9.49817	8.56145	7.61474	6.8725	6.21608	5.72614	5.36066	5.11191	4.8909	4.7157	4.44545	4.21295	4.05479	3.91863	3.77182	3.66066	3.62345	3.5988	3.47291	3.46339	3.49756	3.48822	3.48159	3.43787	3.35693	3.21021	3.03429	2.80796	2.56871	2.31691	2.09056	1.91846	1.88194	1.85958	1.78107	1.7451	2.01326	1.97162	1.85801	1.7553	1.61918	1.43295	1.22936	1.01094	0.785258	0.561971	0.401947	0.297788	0.216752	0.179238	0.121565	0.122669	0.162649	0.446717	0.427996	0.328756	0.202383	0.067927	-0.0797303	-0.227498	-0.359131	-0.503451	-0.620753	-0.7196	-0.68394	-0.617173	-0.504055	-0.345626	-0.14279	0.0622322	0.332126	0.616981	0.893859	1.09418	1.26455	1.2951	1.24928	1.13456	0.924721	0.740592	0.444673	0.183743	-0.0584692	-0.229682	-0.31145	-0.379487	-0.447004	-0.50667	-0.521793	-0.507227	-0.428162	-0.292039	-0.110948	0.0679494	0.251346	0.358542	0.439417	0.508347	0.461161	0.522261	0.453752	0.356591	0.254258	0.161157	0.0822122	0.0202863	-0.0427514	-0.0959824	-0.122214	-0.131571	-0.108758	-0.0930759	-0.074876	-0.0316606	0.0294339	0.109492	0.261765	0.470116	0.661846	0.773985	0.820089	0.948888	1.05907	1.23321	1.4452	1.55729	1.56886	1.50087	1.38747	1.19689	0.946343	0.618461	0.273156	0.0209153	-0.171385	-0.332952	-0.442654	-0.430516	-0.217454	-0.0997835	4.65216e-005	0.0832966	0.137623	0.219469	0.170896	0.0585256	-0.0583714	-0.152788	-0.22469	-0.280755	-0.311494	-0.336286	-0.327617	-0.315513	-0.261936	-0.200525	-0.137993	-0.0655988	0.000346715	0.076837	0.148669	0.224447	0.304685	0.384668	0.461628	0.554253	0.648256	0.74317	0.835681	0.913535	0.898109	0.917318	0.92489	0.976704	1.11397	1.17876	1.20907	1.17713	1.09583	1.00882	0.933822	0.943887	1.00788	1.1421	1.19326	1.1809	1.11849	0.972374	0.777112	0.570301	0.348354	0.251359	0.190314	0.157833	0.121834	0.0290456	-0.0586698	-0.118438	-0.185427	-0.287669	-0.382014	-0.479692	-0.584263	-0.678661	-0.777385	-0.860917	-0.919863	-0.989687	-1.01137	-0.966325	-0.779128	-0.474302	-0.168718	0.111339	0.398717	0.757233	1.07017	1.34642	1.55383	1.74447	1.94474	2.12017	2.25234	2.38053	2.46998	2.49557	2.47707	2.43651	2.35449	2.24915	2.10694	1.9641	1.82491	1.71946	1.66919	1.68273	1.74252	1.80067	1.89707	2.04188	2.23144	2.42344	2.67655	2.92882	3.08818	3.2416	3.50477	3.88265	4.19744	4.46924	4.70518	4.9077	5.06611	5.18568	5.27162	5.31185	5.31978	5.27921	5.17148	4.96362	4.58816	4.13785	3.9137	3.78103	3.73694	3.7671	3.92243	4.16393	4.50709	4.99377	5.73762	6.17502	5.28595	5.26699	5.21012	5.23592	5.3038	5.42484	5.52701	5.62591	5.77369	5.94465	6.19661	6.45637	6.71519	6.97219	7.20112	7.4607	7.71909	7.96286	8.16632	8.02099	7.97166	7.71723	7.6345	7.6258	7.67342	7.65022	7.68061	7.80204	8.12426	8.5457	9.05912	9.55499	10.0586	10.6103	11.1748	11.8332	12.7511	13.4666	14.2351	14.7718	15.265	15.7028	16.0249	16.4284	16.8476	17.3159	17.7834	18.3539	18.8137	19.2751	19.6989	20.1342	20.5931	20.9838	21.6339	22.2944	23.0242	23.4934	23.8453	24.1989	24.4688	24.612	24.7253	24.7422	24.6756	24.4491	24.1321	24.3714	24.732	25.0397	25.4332	25.4393	25.8807	26.4799	27.1286	27.8248	28.5318	29.2884	30.2333	30.5535	30.5759	30.3544	29.8325	28.8936	27.5772	25.9119	24.0631	22.2385	20.5292	18.9434	17.5056	16.1647	15.1433	14.5556	13.8714	13.868	13.7753	13.9675	14.2622	14.7038	15.2432	15.8096	16.3692	16.657	16.8603	16.9332	16.8239	16.5568	15.9558	15.0318	13.7561	12.5988	11.2471	9.97886	8.74627	7.59165	6.50997	5.50379	4.59328	3.82346	3.16371	2.58803	2.071	1.59844	1.21174	0.959238	0.777631	0.562931	0.373289	0.217465	0.137866	0.0963	-0.000262649	-0.121721	-0.197737	-0.231431	-0.221101	-0.215647	-0.204334	-0.201781	-0.23621	-0.260265	-0.301314	-0.333374	-0.340133	-0.176376	0.0240016	0.282663	0.649692	0.891378	0.682385	0.365038	0.168916	0.031451	-0.066547	-0.388712	-0.149698	0.28035	0.43054	0.550319	0.185505	0.142616	0.242195	0.34456	0.501439	0.726885	0.843627	0.888369	0.880484	0.792628	0.987528	1.18367	1.22282	1.19378	1.2216	1.23992	1.25674	1.23921	1.25657	1.01731	-0.00264611	-0.105374	-0.184303	-0.237309	-0.251615	-0.217169	-0.143868	-0.0318311	0.110026	0.361767	0.592369	0.669586	0.523006	0.228482	-0.135224	-0.44615	-0.725106	-0.987001	-1.25325	-1.44575	-1.56161	-1.54008	-1.33219	-0.916259	-0.633137	-0.229401	0.247934	0.704434	1.09665	1.31688	1.40306	1.36414	1.2543	1.09599	1.07205	0.855469	0.667204	0.52029	0.451699	0.453092	0.551878	0.765755	1.15227	1.8606	2.65238	3.66267	4.88444	6.69325
-20	20	45.0236	43.6064	42.332	40.9762	39.568	38.215	36.8556	35.558	34.4007	33.1467	31.9728	30.8805	29.8234	28.779	27.7681	26.813	25.832	24.8621	23.8963	23.0032	22.0987	21.26	20.5249	19.7111	18.916	18.0528	17.2034	16.3956	15.6057	14.7729	13.9706	13.233	12.4911	11.8328	11.1827	10.5612	9.93099	9.32957	8.74387	8.19527	7.63778	7.1326	6.60097	6.17639	5.88429	5.60484	5.28685	4.95361	4.57496	4.19743	3.92625	3.66112	3.45728	3.2441	3.05522	2.94184	2.83692	2.84233	2.78355	2.42889	1.88037	1.04399	0.63181	0.248264	0.0191661	-0.201489	-0.361106	-0.465035	-0.429259	-0.333675	-0.175565	-0.236639	-0.303847	-0.238865	-0.160089	-0.0780316	-0.0303603	-0.0109348	0.156875	0.337738	0.547194	0.720363	0.909403	1.09078	1.19327	1.27084	1.21806	1.18006	1.15518	1.29247	1.28188	1.25101	1.21241	1.2435	1.26504	0.82746	1.07597	1.33056	2.02446	2.38085	2.8056	2.99974	3.13502	3.22371	2.85523	2.75452	2.78095	2.72608	2.72035	2.67443	2.69495	2.98071	3.19505	3.31392	3.54639	3.77226	3.92603	4.08664	4.17555	4.19946	4.26508	4.30581	4.00854	3.84004	3.74849	3.78997	4.01665	4.15678	4.25994	4.24459	4.52695	4.84135	5.22664	5.66317	6.09028	6.488	6.7408	6.86459	6.93862	6.89512	6.83733	6.66697	6.40733	6.12267	5.77246	5.52426	5.19995	4.82134	4.83554	4.95317	5.29616	5.75188	6.37572	7.07088	7.77685	8.46686	9.04162	9.52153	10.0085	10.4511	10.7384	10.9214	10.9995	11.1695	11.3022	11.5055	11.6804	11.8988	12.1537	12.3515	12.5778	12.8568	13.0764	13.3727	13.7634	14.0782	14.359	14.5214	14.5691	14.6187	14.7037	14.8486	14.9312	14.9184	14.8856	14.8455	14.6862	14.5192	14.3432	14.0892	13.862	13.6089	13.331	13.1017	12.8931	12.6727	12.4348	12.2998	12.1843	12.1332	12.1336	12.1885	12.3139	12.5813	12.7686	12.8792	12.9885	13.0172	13.0226	12.9788	12.8845	12.7686	12.6554	12.4168	12.2027	11.9881	11.7826	11.5804	11.4132	11.2315	11.1369	11.0614	10.997	10.8587	10.6625	10.4889	10.382	10.2632	10.103	9.96452	9.80064	9.6162	9.39353	9.15335	8.9423	8.81501	8.68395	8.5855	8.54235	8.53858	8.59549	8.66302	8.57372	8.52595	8.39917	8.21205	7.99469	7.81206	7.4444	7.05942	6.70313	6.26309	5.71894	5.18862	4.66701	4.17538	3.6312	3.30957	3.01916	3.07864	3.17348	3.45662	3.81679	4.15514	4.39529	4.33283	4.00114	4.22825	4.13205	3.97776	3.78064	3.5766	3.34578	3.13781	2.94627	2.75647	2.54766	2.30441	2.10399	1.95299	1.77063	1.56387	1.57708	1.58198	1.65247	1.74701	1.82819	1.86285	1.92994	1.92902	1.77183	1.74525	1.69143	1.64167	1.55243	1.33013	1.02407	0.759962	0.50972	0.428648	0.250659	0.0925413	-0.144928	-0.233363	-0.324203	-0.315343	-0.343529	-0.432053	-0.821299	-0.854018	-0.855455	-0.741943	-0.582507	-0.297715	0.00239186	0.489078	0.646402	0.636502	0.554326	0.462118	0.279953	0.0685803	-0.113076	-0.164949	-0.26155	-0.304471	-0.206564	-0.13582	-0.00628945	0.192788	0.349649	0.588074	0.830225	1.13527	1.29062	1.39662	1.41294	1.43434	1.3681	1.29471	1.24816	1.31411	1.41621	1.59781	1.81047	2.04219	2.33647	2.73749	3.14884	3.51019	3.89008	4.29406	4.7898	5.26163	5.66258	6.02943	6.43543	6.85386	7.37722	7.92353	8.60338	9.35249	10.022	10.7795	11.4698	12.1435	12.8057	13.5532	14.2674	15.0728	15.9783	16.9466	18.0657	19.2417	20.4997	21.7547	23.018	24.2423	25.4593	26.5238	27.7592	28.983	30.2037	31.2763	32.3075	33.3969	34.5185	35.655	36.7435	37.9619	39.2542	40.6656	42.141	43.6445	45.0481	46.4062	47.6654	48.7921	49.7469	50.5428	51.3023	51.9148	52.427	52.8819	53.2564	53.5506	53.8315	54.1081	54.2512	54.3359	54.1494	53.7507	53.294	52.8775	52.4214	51.8182	51.2249	50.5994	49.9822	49.5179	49.0476	48.4484	47.69	46.9273	46.1584	45.4601	44.6959	43.9831	43.1085	42.1812	41.1694	40.1532	39.0139	37.825	36.6897	35.3602	34.1756	33.1046	32.0288	30.9232	29.8969	28.8346	27.9346	27.2094	26.5561	25.9556	25.423	24.8446	24.232	23.6005	22.905	22.2328	21.4738	20.4932	19.7268	19.0047	18.2445	17.6096	17.0428	16.5683	16.1967	15.7148	15.2587	14.7802	14.2858	13.7852	13.3754	13.0264	12.8389	12.7256	12.8159	13.0648	13.4306	13.7301	14.1439	14.4806	14.8206	15.1928	15.4978	15.7319	15.9293	16.0024	16.0332	16.1652	16.0894	16.1229	16.4169	16.6927	16.9088	17.741	18.5589	19.1295	20.1331	21.6597	24.1388	27.4781	31.9386	37.9129	45.981	57.7255	70.8379	85.3067	106.738	127.103	144.956	151.989	147.594	128.986	109.949	90.4153	72.1046	56.2957	44.6649	34.8708	27.4049	23.0747	19.8133	17.0967	15.0592	12.8795	11.1848	9.78414	8.61148	7.67877	6.94191	6.23022	5.681	5.10669	4.6742	4.32603	3.9902	3.68078	3.22329	2.82895	2.49299	2.25619	2.06422	1.9363	1.87949	1.85046	1.90244	1.88454	1.90016	1.84864	1.78642	1.63763	1.54033	1.44361	1.32648	1.00014	0.641052	0.43525	0.308224	0.275306	0.290259	0.383304	0.349536	0.19937	0.0522365	-0.079733	-0.256642	-0.382917	-0.416329	-0.442569	-0.433653	-0.341974	-0.193009	0.0244317	0.251744	0.546246	0.736369	0.857285	0.938221	0.847913	0.664696	0.493717	0.266583	0.103459	-0.0662198	-0.235826	-0.373311	-0.538962	-0.669365	-0.708644	-0.76992	-0.769318	-0.889107	-0.83374	-0.789425	-0.665737	-0.556361	-0.383917	-0.180121	0.0193426	0.268064	0.320777	0.419124	0.522984	0.40485	-0.023929	-0.204382	-0.341992	-0.409857	-0.426029	-0.393505	-0.289392	-0.166155	0.0014964	-0.0505753	-0.119532	-0.0710695	-0.12735	-0.17334	-0.15286	-0.122989	0.0192309	-0.0241884	0.00398764	0.0938408	-0.215349	-0.0739141	0.124216	0.174856	0.279344	0.413673	0.729961	0.951725	1.06089	0.972049	0.779575	0.466947	0.200813	0.0898961	0.124738	0.20018	0.230926	0.232604	0.242959	0.256952	0.289693	0.408885	0.354588	0.309317	0.205327	0.147128	0.150473	0.158885	0.0568371	0.00295335	0.0440285	0.101197	0.205785	0.395968	0.665717	0.974195	1.22807	1.49902	1.75145	1.96225	2.06952	2.12338	2.09985	1.99326	1.97547	1.82287	1.56425	1.31287	1.15723	1.03465	0.992807	0.860284	0.739306	0.576749	0.385082	0.203916	0.0455585	-0.14718	-0.303724	-0.43996	-0.505133	-0.440984	-0.383312	-0.256909	-0.15784	-0.0424709	0.107958	0.231717	0.374425	0.538466	0.692769	0.764936	0.902403	0.893644	0.978475	1.12787	1.2542	1.3438	1.40367	1.41548	1.35158	1.26592	1.13082	1.00826	0.868001	0.577242	0.315266	0.0279524	-0.244998	-0.470532	-0.556689	-0.531097	-0.433626	-0.355344	-0.265893	-0.228891	-0.240151	-0.23845	-0.301937	-0.40315	-0.470624	-0.56317	-0.646062	-0.763719	-0.921802	-0.979184	-1.03991	-1.04916	-0.921374	-0.792207	-0.556836	-0.287427	-0.0370676	0.142439	0.342047	0.615532	0.760446	0.931836	1.02565	1.14955	1.2279	1.30037	1.33977	1.37014	1.42793	1.52055	1.58069	1.62326	1.51568	1.62406	1.81751	2.0709	2.15413	2.19906	2.25223	2.22206	2.09472	1.98323	1.97439	1.97188	1.87649	1.80681	1.70002	1.63172	1.6095	1.60859	1.67746	1.69246	1.72024	1.76407	1.9027	2.0302	2.16898	2.40702	2.55799	2.67702	2.76333	2.85807	3.02983	3.08006	3.08838	3.17803	3.23039	3.30915	3.27719	3.19495	3.13317	3.06068	3.09405	3.2869	3.41569	3.52407	3.62837	3.71834	3.69394	3.66267	3.61379	3.51878	3.42102	3.34539	3.33305	3.32195	3.26351	3.24143	3.00176	2.98226	3.1283	3.44428	3.76548	3.96344	4.15405	4.37681	4.57956	4.78959	4.95727	5.032	5.03691	5.03503	5.07899	5.42328	5.98038	6.40659	6.90426	7.42682	7.9074	8.38926	8.87344	9.26659	9.58433	9.82705	10.0265	10.2463	10.5136	10.6591	10.6635	10.7526	10.8002	10.9616	11.1507	11.3741	11.7891	12.292	12.8293	13.4731	14.1044	14.6531	15.2787	15.9591	16.6524	17.3994	18.0483	18.6164	19.1264	19.6455	20.0748	20.5082	20.9333	21.2974	21.6294	21.9708	22.2181	22.3583	22.3943	22.4204	22.4986	22.4608	22.1379	22.3753	22.487	22.895	23.4396	23.9649	24.6377	25.401	26.1551	27.4126	27.8296	28.4605	28.3782	27.6304	26.5521	25.0204	23.1755	20.9914	19.1355	17.3797	15.8882	14.7563	13.7734	13.1032	13.2197	13.0767	13.277	13.3166	13.4653	13.8294	14.0534	14.3221	14.7404	15.0608	15.3266	15.3118	15.0806	14.7737	14.2476	13.7456	13.1213	12.2843	11.2994	10.1731	9.09576	7.94399	6.73168	5.67731	4.79362	3.99385	3.45439	2.9381	2.67076	2.33021	2.09238	1.92755	1.96486	2.03395	2.10461	1.98728	1.81613	1.29001	0.851632	0.427378	0.0821973	-0.231874	-0.452833	-0.570073	-0.627771	-0.684097	-0.631035	-0.404969	-0.417912	-0.436019	-0.328308	-0.235731	-0.179029	-0.292329	-0.358896	-0.381267	-0.41961	-0.433027	-0.384894	-0.281949	0.0835577	0.335874	0.605831	0.825741	0.97978	1.05539	1.20329	1.25385	1.16417	1.01724	0.846999	0.633524	0.444297	0.292282	0.408389	0.797546	0.965067	1.01696	0.875087	0.5752	0.404299	0.237373	0.231187	0.993821	1.36504	1.52349	1.14429	1.09111	1.05749	1.07539	1.0838	1.13331	1.22708	1.24675	1.27446	1.13268	1.069	1.02954	0.951733	0.801035	0.68181	0.545878	0.406246	0.189189	0.0090827	-0.198109	-0.315578	-0.192309	-0.0693642	0.0310327	0.0516056	0.0389391	-0.0383453	-0.0856408	-0.131642	-0.230992	-0.368747	-0.465431	-0.546343	-0.62895	-0.487961	-0.486707	-0.0977916	0.166548	0.403633	0.738556	1.06171	1.56406	2.14145	2.79276	3.53988	4.47218	5.56435	6.28798	7.18555
0	-20	29.4849	28.5345	27.5344	26.4978	25.2743	24.2585	23.1647	22.0771	21.158	20.1433	19.1713	18.1154	17.1746	16.2045	15.3752	14.6049	13.8667	13.2592	12.6884	12.1832	11.6087	11.2394	10.7702	10.2748	9.84003	9.51576	9.05259	8.62098	8.26177	7.80771	7.29842	6.76477	6.35179	5.89524	5.58286	5.26476	4.99452	4.83086	4.71703	4.51079	4.27243	4.11188	3.81919	3.38286	3.03687	2.54171	2.07844	1.73279	1.49217	1.1169	0.696419	0.320142	-0.0241078	-0.211107	-0.415493	-0.357522	-0.399025	-0.456854	-0.345229	-0.169519	-0.00995296	0.185584	0.295233	0.391607	0.295019	0.264134	0.436504	0.699217	0.813359	0.61899	0.350737	0.123337	-0.145468	-0.28608	-0.356383	-0.255102	-0.234683	-0.176545	-0.0568378	-0.235852	-0.285129	-0.21702	-0.0939751	0.0453206	0.120923	0.275706	0.450258	0.668498	0.837334	1.21542	1.34839	1.54734	1.6968	1.88187	2.0334	2.20993	2.34916	2.62072	2.83985	2.88905	2.97937	2.95852	3.17188	3.35131	3.48315	3.80382	4.07222	4.45027	4.68642	4.79449	4.78566	4.71127	4.48517	4.35298	4.27156	4.26645	4.47603	4.83844	5.0186	5.18909	5.44391	5.65729	5.76459	5.82929	6.00185	6.21297	6.33291	6.39865	6.3914	6.37095	6.21482	6.08966	6.07817	6.01563	6.01166	6.09298	6.23852	6.30429	6.38521	6.62623	6.8466	7.02576	7.23653	7.43207	7.74581	8.04301	8.26999	8.34752	8.41755	8.56604	8.8997	9.11991	9.31037	9.41854	9.48052	9.50727	9.52183	9.55921	9.57587	9.75334	9.8689	10.1579	10.6752	11.3039	11.87	12.5078	13.2156	13.9074	14.5979	15.2459	15.7319	16.0465	16.3026	16.5536	16.6251	16.5209	16.3732	16.4135	16.3091	16.0382	15.7383	15.459	15.0215	14.4735	13.7809	13.2528	12.663	12.2163	12.0008	11.8753	11.8988	12.0559	12.2428	12.455	12.8769	12.8988	13.0545	13.2179	13.4472	13.5669	13.6191	13.5976	13.4134	13.325	13.2799	13.2785	13.2234	13.1418	13.1688	12.9805	12.7985	12.5433	12.3292	12.1279	11.9278	11.8981	11.8799	11.855	11.7318	11.6896	11.6012	11.622	11.7403	11.7835	11.7794	11.7264	11.4603	11.2135	10.913	10.3747	9.91352	9.42591	9.07463	8.79152	8.46653	8.19377	8.04078	7.94316	7.96482	8.03859	8.21558	8.37624	8.5233	8.50114	8.35107	8.14783	7.90346	7.61241	7.24743	6.83003	6.48025	6.0933	5.72456	5.32566	5.02544	4.77446	4.785	4.80694	4.95415	5.11512	5.3794	5.49204	5.59497	5.43667	5.29558	5.03961	4.853	4.62052	4.81141	4.68075	4.46987	4.25595	4.02439	3.78814	3.58864	3.42243	3.23605	2.98538	2.94406	2.98224	3.11246	3.15366	3.31598	3.11732	2.84443	2.63039	2.56578	2.68443	2.51072	2.19271	2.0638	1.88465	1.65231	1.48295	1.28932	0.997516	0.793775	0.694173	0.491972	0.294172	0.108078	0.0148863	-0.219738	-0.504552	-0.683673	-1.00002	-1.15476	-1.2018	-1.78037	-0.548102	0.161988	0.578097	0.250969	0.257823	0.0986839	0.211339	0.149495	0.159398	0.138738	0.201122	0.0438445	0.00524945	0.00364509	-0.00554138	0.213577	0.350592	0.45723	0.561158	0.610508	0.66947	0.627072	0.617822	0.569936	0.439494	0.391435	0.191943	0.197309	0.125047	0.0508576	-0.0655285	-0.112681	-0.0519695	0.123047	0.381793	0.679672	1.10484	1.36874	1.51936	1.49065	1.69758	1.94595	2.17695	2.48245	2.73412	3.59205	4.11689	4.75987	5.3359	5.93218	6.42033	6.979	7.41038	7.845	8.32077	8.57063	9.01162	9.50703	10.0985	10.7276	11.3708	11.993	12.6139	13.4363	14.4579	15.5097	16.6362	17.816	18.9713	20.0411	21.0035	21.9673	22.9243	23.9678	25.0757	26.2729	27.5123	28.6064	29.7506	30.6566	31.5845	32.2409	33.2101	34.1603	35.2208	36.1488	37.2406	38.2003	39.1012	40.1113	41.0848	41.6065	42.0631	42.5438	43.0006	43.8261	44.4105	44.8403	45.279	45.6081	45.7784	45.7257	45.4417	44.9405	44.2711	43.7408	43.1764	42.4444	41.5886	40.6892	39.9214	39.2052	38.377	37.6144	37.0799	36.3029	35.5418	34.9195	34.23	33.7241	32.9474	31.8887	30.9346	30.3527	29.2417	28.4068	27.5909	26.9326	26.3465	25.9421	25.5054	24.9015	24.2659	23.7221	23.2124	22.5971	22.0815	21.4475	20.8145	20.352	19.8678	19.2576	18.5174	17.7567	16.9853	16.125	15.2913	14.3414	13.584	12.9401	12.2836	11.702	11.3682	11.1147	10.9937	10.6889	10.4746	10.1994	9.90956	9.67041	9.44719	9.2824	9.20824	9.20374	9.27778	9.48692	9.75748	10.126	10.5685	10.881	11.3225	11.8232	12.2352	12.328	12.579	12.5235	13.1083	12.8628	12.513	12.3892	12.234	12.3914	12.6575	13.4982	14.7936	16.7603	19.6865	23.2793	27.4845	33.5558	39.3177	47.6998	58.3468	71.0757	84.9389	96.7922	106.893	98.2434	89.0886	76.2815	62.2839	47.2061	34.0754	28.6285	23.3887	20.2244	17.6112	15.2056	12.9358	11.4685	10.2688	9.34471	8.49053	7.36051	6.63584	5.89284	5.4082	4.91682	4.41411	3.82706	3.4628	3.04117	2.7758	2.61685	2.48396	2.41236	2.21858	1.95774	1.77684	1.51145	1.38806	1.25289	1.29021	1.32941	1.48019	1.50199	1.30481	0.951499	0.667772	0.424578	0.420507	0.309529	0.393674	0.725611	1.31917	1.71701	1.74534	1.78572	1.70634	1.37437	0.508895	0.201381	-0.212964	-0.410002	-0.583863	-0.561573	-0.499658	-0.392646	-0.280973	-0.159995	-0.0810872	-0.0375844	-0.125702	-0.18409	-0.387137	-0.416088	-0.488156	-0.461307	-0.526618	-0.582611	-0.667387	-0.71191	-0.740773	-0.639112	-0.507067	-0.244803	0.11436	0.454952	0.580817	0.706445	0.899471	1.03622	0.991451	0.95915	0.832536	0.71642	0.611134	0.474334	0.374834	0.198958	0.027233	0.0217577	0.00280733	0.027323	0.192097	0.31119	0.469195	0.412464	0.286997	0.234268	0.222699	0.239265	0.162149	0.20487	0.214034	0.239949	0.249421	0.242164	0.166063	0.246851	0.333844	0.37282	0.330916	0.0893134	0.253159	0.59426	0.643488	0.755505	0.844789	0.93274	0.994342	1.0678	1.02922	0.961085	0.839746	0.750887	0.63815	0.591307	0.530035	0.572308	0.692177	0.781487	0.892154	0.979396	1.06735	1.11514	1.23663	1.36038	1.52195	1.54091	1.53144	1.51634	1.44674	1.33267	1.20261	1.16189	1.18077	1.11667	1.0471	1.09832	1.14027	1.2028	1.2523	1.32204	1.26993	1.26979	1.22516	1.25275	1.40839	1.38237	1.47183	1.41492	1.29638	1.17166	1.04472	0.985097	0.902489	0.749187	0.524372	0.402124	0.42665	0.423612	0.341237	0.26541	0.187936	0.155033	-0.0778545	-0.341698	-0.724416	-1.37844	-1.50335	-1.39735	-1.05361	-0.720884	-0.405882	-0.224256	-0.0993767	-0.0349808	0.131829	0.449945	0.622901	0.706418	0.725731	0.769327	0.91919	0.870613	0.882984	0.832286	0.777098	0.773405	0.729209	0.624935	0.491174	0.427507	0.459996	0.350831	0.238997	0.117252	-0.0180899	-0.181466	-0.371491	-0.605985	-0.809846	-0.850971	-0.840027	-0.854165	-0.751928	-0.59876	-0.435007	-0.199995	0.0208405	0.240835	0.461125	0.587064	0.641646	0.805004	0.869899	0.904147	0.722286	0.517468	0.229494	0.00317935	-0.0490449	-0.0737561	-0.0674005	0.0518605	0.251724	0.33501	0.567692	0.787262	0.991554	1.25103	1.29101	1.48133	1.53805	1.53123	1.73685	1.9658	2.22113	2.3448	2.37421	2.45433	2.55017	2.44793	2.36417	2.38279	2.2547	2.06058	1.85884	1.80266	1.82184	1.91224	1.92222	2.17716	2.43049	3.25448	3.16906	3.13584	3.10821	2.8522	2.51027	2.32901	1.9742	1.86517	1.92332	1.89853	1.79567	1.70752	1.60008	1.49656	1.37965	1.25549	1.13764	1.15108	1.25404	1.4601	1.5163	1.64038	1.68126	1.77778	2.0334	2.23461	2.35337	2.5072	2.58433	2.53309	2.56353	2.70613	2.78958	2.81301	2.91115	3.01701	3.01463	3.23721	3.37509	3.61513	3.85166	4.14816	4.40742	4.73823	4.97006	5.1529	5.20417	5.25741	5.37738	5.61993	5.89257	6.01738	6.17922	6.40176	6.60632	6.65924	6.83197	7.24528	7.66155	8.24108	8.82443	9.38834	9.83904	10.2876	10.6218	11.1086	11.6581	12.0936	12.4716	12.8301	12.9602	12.9903	13.2151	13.4871	13.8937	14.205	14.4775	14.6994	14.961	15.2883	15.5888	16.042	16.4962	16.9452	17.23	17.5864	17.8114	17.8323	17.7619	17.653	17.6492	17.2426	17.2216	17.2863	17.3707	17.5334	17.8755	18.2409	18.8979	19.4637	20.1227	20.8086	21.0391	20.5776	19.6364	18.5523	17.2175	15.7111	14.3332	13.0758	11.9074	11.4504	10.7542	10.0308	9.59171	9.30954	9.38433	9.46404	9.62472	9.99107	10.4275	10.8465	11.2223	11.5808	11.8044	11.9105	11.7559	11.7242	11.3118	10.8113	10.1938	9.43314	8.63904	7.77973	6.88153	6.07846	5.34039	4.59027	3.78255	3.15421	2.5568	2.08248	1.8435	1.50807	1.12811	0.767291	0.391033	0.125317	-0.00578723	-0.0520731	-0.122531	-0.147667	-0.262858	-0.418849	-0.466277	-0.534368	-0.593846	-0.762493	-0.769498	-0.647967	-0.470286	-0.261372	-0.0688272	0.0521397	0.256358	0.483877	0.679773	0.904009	1.22002	1.24683	1.14537	0.984751	0.848915	0.709197	0.476443	0.54635	0.751622	0.949457	1.28634	1.63091	1.80835	1.72826	1.79588	1.70233	1.4287	1.17984	0.966394	0.741201	0.414046	0.0562794	-0.0575745	-0.168959	-0.0543459	-0.0784934	-0.120112	-0.0783913	-0.0270538	0.0693289	0.226316	0.391875	0.572983	0.645231	0.675743	0.70425	0.616368	0.653333	0.746794	0.735819	0.703958	0.673927	0.735548	0.763384	0.811115	0.801402	0.73323	0.808678	0.835016	0.797131	0.699808	0.52705	0.306031	0.0930565	-0.139969	-0.188453	-0.293197	-0.3236	-0.365548	-0.364093	-0.368767	-0.341707	-0.194971	-0.0680773	0.0887007	0.135995	0.225775	0.270176	0.218959	0.17586	0.0848626	-0.0361748	-0.167784	-0.293713	-0.332995	-0.214257	-0.163274	0.223703	0.95615	2.0822	4.13381
0	0	38.0677	37.1162	35.9061	34.831	33.7715	32.7488	31.7345	30.731	29.7471	28.747	27.7439	26.7339	25.7247	24.6517	23.6337	22.6333	21.6901	20.7542	19.863	19.0157	18.1235	17.1928	16.3372	15.5636	15.0007	14.4122	13.6361	12.2157	10.7722	9.75604	11.6098	11.0258	10.0215	9.50674	9.0643	8.62058	8.26588	7.5823	7.03384	6.57933	6.20385	5.86026	5.44618	5.01645	4.57405	4.07153	3.58346	3.13376	2.73405	2.41309	2.05293	1.60354	1.22569	0.979777	0.769432	0.629525	0.52292	0.446592	0.40847	0.384813	0.325631	0.236772	0.157792	0.0651559	-0.0603122	-0.271579	-0.379131	-0.340995	-0.281636	-0.237808	-0.265729	-0.310767	-0.335089	-0.361066	-0.382378	-0.322116	-0.254383	-0.186088	-0.108912	-0.0386232	0.0411048	0.10694	0.175356	0.213516	0.243756	0.273613	0.301656	0.318132	0.325179	0.306951	0.282135	0.253137	0.329189	0.374772	0.812752	0.143481	-0.577066	-0.82446	-0.824562	-0.551037	-0.263127	-0.0339609	0.0598968	0.126346	0.18462	0.256624	0.338733	0.416432	0.442125	0.468793	0.495827	0.507701	0.605046	0.707104	0.864219	1.01157	1.25266	1.51021	1.76677	2.02496	2.23336	2.45027	2.642	2.78454	2.89267	2.98512	3.08105	3.13421	3.16254	3.18797	3.20217	3.20655	3.20438	3.22938	3.26402	3.33154	3.50198	3.66784	3.84034	4.01104	4.18357	4.31516	4.3248	4.37717	4.44041	4.49905	4.58356	4.73119	4.92123	5.13298	5.33316	5.58466	5.82029	6.0793	6.35681	6.67474	7.07175	7.52796	7.96339	8.36081	8.68776	8.9422	8.81287	8.79252	9.20716	9.65089	10.1026	10.5402	10.8257	10.9803	11.1019	11.1716	11.1873	11.2577	11.3118	11.3625	11.3577	11.3234	11.1826	10.9825	10.835	10.8522	10.9037	10.9515	10.995	10.9676	10.8103	10.6765	10.5711	10.4997	10.4425	10.4476	10.526	10.6391	10.7151	10.7794	10.8265	10.8372	10.9086	10.9966	11.0872	11.231	11.2788	11.3434	11.4172	11.4709	11.5371	11.5721	11.5919	11.5018	11.2689	11.0278	10.8587	10.701	10.558	10.4189	10.2807	9.98272	9.67908	9.66226	9.68567	9.71878	9.73197	9.71694	9.61303	9.51163	9.38735	9.16189	8.91951	8.66088	8.40312	8.16692	7.91928	7.76107	7.68955	7.63064	7.58188	7.56182	7.56889	7.52441	7.50187	7.47604	7.44274	7.41307	7.32448	7.22111	7.12512	6.95314	6.66286	6.40411	6.17964	5.93751	5.72994	5.53504	5.39107	5.25041	5.13719	5.02682	4.9265	4.83847	4.68298	4.56794	4.44	4.42136	4.43595	4.49198	4.54127	4.57361	4.57431	4.53084	4.46928	4.43122	4.30841	4.16644	3.99412	3.80783	3.58782	3.38743	3.23241	3.05954	2.89075	2.72889	2.58803	2.43094	2.27308	2.14109	2.04203	1.88461	1.63188	1.4209	1.23465	1.13267	1.06416	1.08092	1.15993	1.3403	1.57263	1.82059	2.05649	2.18404	2.17062	2.02696	1.83229	1.60174	1.35322	1.11045	0.893476	0.676016	0.470994	0.27917	0.106373	-0.0613318	-0.208027	-0.357581	-0.491096	-0.586594	-0.637159	-0.59781	-0.530882	-0.415106	-0.254305	-0.0119966	0.348868	0.654192	0.906221	1.05604	1.19203	1.1703	0.920108	0.918228	0.906228	0.888532	0.887476	0.949255	1.0125	1.13716	1.27215	1.43055	1.59621	1.73914	1.88391	2.02031	2.16866	2.33783	2.51342	2.71208	2.92211	3.12245	3.34037	3.50915	3.60927	3.68842	3.80801	3.94107	4.11669	4.32444	4.57137	4.87395	5.20246	5.62481	6.06099	6.55276	7.07956	7.61386	8.18359	8.71211	9.21571	9.72335	10.1831	10.0502	10.5518	11.1986	11.9614	12.8556	13.8508	14.9655	16.1142	17.33	18.6022	19.8515	21.017	22.0678	22.8629	23.8019	24.7486	25.6691	26.5821	27.5183	28.4578	29.4086	30.3456	31.1937	31.9884	33.0414	34.1905	35.2762	36.2893	37.1596	37.9615	38.5961	39.0819	39.5024	39.9821	40.4016	40.6524	40.8099	40.8765	40.8716	40.8556	40.8264	40.8117	40.7456	40.6487	40.4887	40.267	39.8872	39.4575	38.8779	38.4509	37.9674	37.4265	36.8865	36.299	35.6014	34.873	34.1101	33.3171	32.5703	31.8505	31.1459	30.4394	29.7436	29.0434	28.3538	27.6776	26.9489	26.2127	25.3723	24.5426	23.5865	22.7096	21.8583	21.0565	20.2676	19.4849	18.7377	17.9894	17.4078	16.8999	16.4458	15.9716	15.4827	14.94	14.4694	13.982	13.5308	13.0544	12.612	12.2201	11.8334	11.4551	11.069	10.6761	10.2762	9.87413	9.40084	8.90066	8.10882	7.67658	7.53114	7.66164	8.40366	8.51537	8.51543	8.36259	8.13348	7.83817	7.74534	7.97143	8.36156	8.82182	9.17252	9.7247	10.0706	10.3317	10.6583	10.6471	10.7764	10.7007	10.7563	10.9344	11.304	11.8275	12.9045	14.0175	15.7897	18.3938	22.325	26.785	32.9954	40.2191	49.0821	59.847	70.0286	78.6798	84.3277	79.7923	72.053	61.5865	50.2653	40.8436	32.4513	25.7029	20.5199	16.7568	14.2439	11.8969	10.0421	8.75801	7.60631	5.92238	4.78191	4.6022	4.02115	3.53046	3.15315	2.92305	2.7935	2.30446	2.15128	1.81008	1.49201	1.16059	0.842226	0.579493	0.34509	0.161094	0.0388481	-0.0248441	-0.0184374	0.0573903	0.157848	0.271628	0.237894	0.213623	0.233947	0.282414	0.324516	0.360639	0.389711	0.351497	0.315783	0.249848	0.182516	0.0830208	-0.0282281	-0.171966	-0.269293	-0.346981	-0.384541	-0.379163	-0.374935	-0.307042	-0.157006	-0.0191659	0.115393	0.24712	0.317745	0.363859	0.298795	0.16531	0.0821979	0.107016	0.159207	0.165458	0.132557	0.0870356	-0.0270507	-0.040808	-0.0991794	0.0121618	0.288408	0.444043	-0.417262	-0.479186	-0.492077	-0.109987	-0.391166	-0.227625	-0.111946	0.0228769	-0.0182188	0.20467	-0.430801	0.577905	0.787736	0.806739	0.922986	0.637631	0.272761	-0.216568	-0.568471	-0.7992	-0.914597	-0.865839	-0.778749	-0.339822	-0.0938264	-0.359776	-0.288061	-0.521237	-0.430324	-0.352023	-0.198917	-0.0100245	0.210492	0.467109	0.449658	0.418718	0.381381	0.347546	0.31996	0.260482	0.18969	0.139863	0.0553384	-0.0406961	-0.175417	-0.247254	-0.274652	-0.406706	-0.511835	-0.395715	-0.201049	0.0314663	0.236628	0.545186	0.783827	0.913452	0.948376	0.873513	0.831394	0.751181	0.491956	0.513931	0.598814	0.699995	0.784488	0.839107	0.886734	0.979294	1.28625	1.30904	1.31593	1.27943	1.18326	1.04821	0.889863	0.70667	0.525985	0.355211	0.217724	0.0845445	-0.283935	-0.2889	-0.177265	-0.00592623	0.245988	0.593327	0.902808	0.959926	0.903215	0.84323	0.800905	0.666023	0.451087	0.0432037	-0.23487	-0.396044	-0.193494	-0.0542168	0.0451347	-0.177545	-0.162466	-0.101177	-0.0110989	0.136416	0.248585	0.317325	0.338062	0.342027	0.338198	0.329709	0.325869	0.297109	0.279644	0.258912	0.288044	0.319113	0.388569	0.46597	0.538681	0.557053	0.537413	0.533138	0.513822	0.471084	0.348256	0.127738	-0.105079	-0.14166	-0.127104	-0.0396377	-0.0272696	-0.0513188	-0.0682878	-0.0922517	-0.0935319	-0.067586	-0.068717	-0.0437349	-0.0371254	-0.0321788	-0.0231164	-0.0176957	-0.0253145	-0.0459382	-0.0658567	-0.081277	-0.110824	-0.125593	-0.149497	-0.169809	-0.182647	-0.181912	-0.196016	-0.196674	-0.189553	-0.182678	-0.180979	-0.166593	-0.141802	-0.0716139	0.039328	0.193211	0.43729	0.71848	0.944193	1.15068	1.32365	1.42192	1.50791	1.57707	1.6219	1.62925	1.63674	1.64532	1.61963	1.58065	1.49047	1.39527	1.3051	1.21922	1.20887	1.1632	1.11973	1.05477	0.995995	0.916458	0.887533	0.917932	0.963269	1.04168	1.12093	1.19498	1.2456	1.28146	1.23154	1.26661	1.30586	1.37165	1.45349	1.53287	1.62004	1.64726	1.70811	1.765	1.80973	1.85842	1.88967	1.91974	1.93625	1.93523	1.92594	1.9157	1.86662	1.82517	1.77848	1.76515	1.84697	1.97789	2.14637	2.35264	2.61588	2.89945	3.22873	3.48997	3.64734	3.78946	3.89191	3.92876	3.9565	3.95004	3.89922	3.75142	3.73076	3.85128	4.15381	4.31426	4.57508	4.84386	5.18782	5.54644	5.89607	6.11726	6.16049	6.1549	6.1478	6.19056	6.2931	6.52404	6.80408	7.10314	7.39974	7.53128	7.79241	8.10119	8.42101	8.75041	9.09213	9.43544	9.75813	10.0583	10.3143	10.5496	10.7789	11.0199	11.3149	11.7264	12.1582	12.5901	12.9676	13.3626	13.7848	14.1464	14.5352	14.8701	15.1604	15.3964	15.5414	15.6868	15.7359	15.7528	15.7497	15.7436	15.7465	15.8091	15.9419	16.0496	16.1253	16.4963	16.8655	17.3458	18.0787	18.8581	19.4898	20.0728	20.246	20.0051	19.4025	18.4662	16.4621	15.2001	14.0933	13.0136	12.0127	11.0667	10.2133	9.46805	8.86321	8.53781	8.59452	8.86332	9.07073	9.34037	9.64585	10.0006	10.2509	10.4924	10.737	10.9405	11.0384	10.938	10.5942	10.0564	9.22423	7.93887	7.33092	6.90339	6.59931	6.57474	6.15386	5.48936	4.70532	3.91606	3.00323	2.14396	1.55976	0.913208	0.558899	0.352535	0.228243	0.19086	0.178875	0.181837	0.163366	-0.226713	-0.430411	-0.071844	-0.0985115	-0.217217	-0.333634	-0.438596	-0.53892	-0.614043	-0.654602	-0.671807	-0.625858	-0.521807	-0.329556	-0.0576209	0.212871	0.425142	0.475539	0.50943	0.52555	0.553877	0.562147	0.466	0.285245	0.167947	0.0517382	0.00202522	0.249841	0.609323	0.953164	1.57843	1.85166	2.08352	2.12538	1.55809	1.31233	1.21031	1.10958	1.04331	0.954285	0.746055	0.587262	0.483743	0.465936	0.482195	0.576638	0.674501	0.702596	0.67392	0.662804	0.657725	0.641799	0.638974	0.642803	0.703005	0.808747	0.894437	0.977135	1.04181	1.11031	1.14552	1.17223	1.20492	1.22469	1.19386	0.979775	0.759435	0.506651	0.26578	0.042323	-0.154352	-0.328701	-0.45273	-0.544434	-0.565112	-0.452914	-0.293552	-0.10252	0.100156	0.28539	0.470564	0.661398	0.843453	1.02069	1.14686	1.27392	1.38662	1.46887	1.53901	1.56764	1.59396	1.55688	1.4848	1.41376	1.36416	1.6718	2.06014	2.54838
0	20	26.1407	25.7253	25.066	24.0916	23.066	22.0363	20.9219	20.5362	20.0229	19.454	18.8324	18.193	17.396	16.5034	15.7857	15.2545	14.808	14.3767	13.9675	13.5331	13.1113	12.6866	12.2899	11.8817	11.5213	11.0201	10.4919	9.92327	9.20397	8.47214	8.04554	7.82236	7.53378	7.17599	6.80944	6.40643	5.95678	5.49393	5.02876	4.3929	3.80883	3.22913	2.78284	2.60159	2.40042	2.06248	1.71913	1.38994	1.16293	0.971065	0.86797	0.80637	0.770386	0.690229	0.577058	0.36665	0.167128	0.0107645	-0.154932	-0.37402	-0.532913	-0.554007	-0.528056	-0.460596	-0.346015	-0.225994	-0.050414	0.126547	0.295024	0.43913	0.504322	0.552356	0.555675	0.539729	0.49413	0.433909	0.393051	0.253491	0.0603934	-0.0281459	0.0112972	0.0506427	0.0654479	0.0256139	-0.0185855	-0.0453893	-0.0382537	-0.00278379	0.052222	0.0959671	0.12268	0.0540695	-0.0877453	-0.240667	-0.348313	-0.337148	-0.292615	-0.222669	-0.1413	-0.0681653	0.00447629	0.0752701	0.182379	0.315613	0.496793	0.651904	0.782735	0.851104	0.886862	0.80434	0.708472	0.567011	0.438328	0.39382	0.39834	0.5305	0.751465	0.998412	1.28034	1.53505	1.79221	2.03244	2.28837	2.49741	2.70223	2.8533	2.9654	3.03825	2.97434	2.82701	2.66454	2.50568	2.37041	2.28193	2.20177	2.13633	2.09263	2.06166	2.04753	2.06004	2.09191	2.14559	2.20354	2.31639	2.43196	2.56988	2.71561	2.92021	3.11759	3.27525	3.38375	3.46556	3.62185	3.79419	3.97899	4.17686	4.38013	4.58312	4.79539	5.06076	5.34527	5.75548	6.20033	6.56921	6.93582	7.31252	7.67252	8.07312	8.30511	8.49463	8.65473	8.80081	8.92325	9.02764	9.15177	9.23586	9.3217	9.37043	9.39509	9.39832	9.37966	9.33708	9.2792	9.20421	9.11932	9.0431	8.90737	8.76711	8.62397	8.49128	8.36036	8.28513	8.26365	8.26995	8.27492	8.22205	8.21872	8.3932	8.6651	9.05638	9.3614	9.49637	9.53939	9.4987	9.3161	9.03235	8.71282	8.98064	9.03801	9.02612	8.53846	8.08517	7.98801	8.13038	8.23968	8.30356	8.2444	8.11603	7.99705	7.90562	7.57873	7.32159	7.05381	6.82995	6.62973	6.44405	6.25617	6.10288	5.95019	5.82318	5.69109	5.57754	5.45565	5.34953	5.22327	5.06121	4.90924	4.75443	4.6197	4.68685	5.04587	5.27454	5.30319	5.27064	5.21064	5.13008	5.04711	4.93914	4.82704	4.68613	4.52688	4.34953	4.14757	3.91495	3.66852	3.41122	3.16563	3.0171	2.87415	2.73247	2.5987	2.42149	2.13237	1.85884	1.71377	1.58642	1.5807	1.6436	1.70359	1.77379	1.84334	1.89668	1.91048	1.92771	1.90367	1.86922	1.80151	1.67538	1.49545	1.25466	1.11408	0.971933	0.825943	0.687413	0.560169	0.568466	0.604092	0.575994	0.55628	0.40874	0.262956	0.0962672	-0.0441196	-0.154399	-0.208398	-0.22611	-0.225356	-0.200869	-0.153211	-0.101221	-0.0340741	0.0408922	0.117856	0.188083	0.185682	0.190274	0.183218	0.178325	0.162302	0.167754	0.204182	0.272572	0.292208	0.313739	0.328176	0.330525	0.289277	0.193234	0.05572	-0.0924902	-0.205912	-0.319107	-0.404599	-0.475697	-0.538253	-0.588763	-0.513322	-0.457855	-0.350476	-0.22109	0.0163111	0.393042	0.821559	1.36086	1.70418	1.80541	1.89794	1.52789	1.30084	1.01655	0.857184	0.98359	1.10046	1.18197	1.19	1.16081	1.37991	1.83846	2.28115	2.68191	3.00306	3.261	3.37886	3.36054	3.70585	4.1229	4.484	4.7885	5.07224	5.36835	5.71436	6.15152	6.64621	7.20121	7.82485	8.49059	9.15708	9.86056	10.6759	11.3619	11.9982	12.5799	13.081	13.5331	14.0416	14.575	15.2089	15.9788	16.7243	17.5026	18.2945	19.4279	20.3165	21.1896	22.0748	23.0958	23.9008	24.6154	25.1159	25.4944	26.1351	26.8161	27.5489	28.3219	29.1552	30.0251	30.9256	31.8912	32.8651	33.7027	34.4912	35.1996	35.6955	36.0936	36.3973	36.6152	36.6178	36.5616	36.4391	36.33	36.1957	36.0058	35.8136	35.6009	35.3653	35.035	34.6424	34.1619	33.6434	33.1533	32.6589	32.1713	31.6072	30.9999	30.3954	29.8628	29.4449	29.0839	28.7329	28.2908	27.8277	27.3372	26.8446	26.2912	25.7052	25.1692	24.5297	23.7325	22.8963	22.0929	21.1645	20.2057	19.1088	18.2068	17.4229	16.7929	16.2733	15.8484	15.5031	15.2017	14.9282	14.6081	14.3262	14.066	13.841	13.6126	13.3809	13.0543	12.3945	11.9259	11.4706	11.0162	10.5971	10.2244	9.9199	9.84207	9.59135	9.37994	9.13297	8.88159	8.5961	8.29117	7.94736	7.89833	7.95713	8.07565	8.39138	8.64272	8.97092	9.72599	10.1816	10.5733	10.8565	11.0475	10.7827	10.737	10.8142	10.8887	10.9899	11.0804	11.1672	11.2912	11.521	11.769	12.3243	12.8883	14.1689	16.141	19.5402	23.6125	29.0468	35.4571	43.2163	52.85	62.3408	63.8659	60.5715	52.5835	44.3134	36.7633	31.4556	26.3745	22.1206	18.5089	15.4933	12.6057	10.3075	8.3729	7.16667	6.00023	5.0863	4.40017	3.90533	3.5956	3.39132	3.08167	2.75521	2.45739	2.18338	1.96995	1.8248	1.75026	1.71305	1.76187	1.88002	1.9797	2.00157	2.00012	2.01773	2.04623	2.03246	1.98389	1.89559	1.74604	1.45131	1.1473	0.800357	0.555849	0.30211	0.0351164	-0.188362	-0.372134	-0.521075	-0.457523	-0.334638	-0.173574	0.0207758	0.183017	0.355277	0.491694	0.687031	0.886858	1.08733	1.19241	1.23498	1.21166	1.09663	0.966902	0.819494	0.650712	0.45643	0.267844	0.0728963	-0.0859666	-0.24124	-0.30153	-0.374392	-0.32526	-0.219885	-0.0581799	0.0990701	0.244802	0.391968	0.498502	0.605035	0.637391	0.660876	0.358179	0.650005	0.97072	0.928736	0.759806	0.512817	0.238156	-0.0336953	-0.265343	-0.242396	-0.325502	-0.383616	-0.417432	-0.435902	-0.44183	-0.406917	-0.274546	-0.0950878	0.0898245	0.333986	0.577324	0.802683	0.995413	1.1348	1.1942	1.20764	1.17101	1.08528	0.917034	0.722701	0.536353	0.361041	0.347515	0.284396	0.233285	0.206781	0.252629	0.31294	0.404123	0.489671	0.419631	0.315977	0.190018	0.0331494	-0.149759	-0.277165	-0.37503	-0.396123	-0.455982	-0.503613	-0.533259	-0.537629	-0.47772	-0.386727	-0.269798	-0.0158403	0.281689	0.505653	0.640184	0.814471	0.920411	0.975364	0.980195	0.857453	0.961161	1.04916	1.12315	1.18314	1.24518	1.28461	1.3217	1.33937	1.34378	1.37364	1.39061	1.40665	1.41762	1.41823	1.40474	1.38615	1.36217	1.30307	1.15913	1.13594	1.12663	1.17502	1.22472	1.28345	1.30947	1.35934	1.40089	1.48871	1.58849	1.66807	1.72117	1.72225	1.54518	1.32851	1.11551	0.980637	0.866733	0.790887	0.747685	0.745488	0.728857	0.747115	0.808479	0.908011	1.02565	1.22668	1.3757	1.48086	1.48217	1.44545	1.40959	1.39828	1.30648	1.15089	0.983137	0.801603	0.624104	0.454873	0.319554	0.179866	0.0653542	-0.0241893	-0.0485805	-0.0373434	-0.0303291	-0.040906	-0.148436	-0.243301	-0.329737	-0.383329	-0.387901	-0.36665	-0.350561	-0.301655	-0.218544	-0.127731	-0.0284415	0.070476	0.176143	0.282586	0.410198	0.545885	0.67382	0.725552	0.546608	0.337075	0.087245	-0.158857	-0.377993	-0.628544	-0.685494	-0.622524	-0.434179	0.134987	0.549841	0.964423	1.30466	1.64225	1.88343	2.11877	2.31065	2.46239	2.54046	2.57	2.41551	2.4657	2.47216	2.48662	2.4887	2.50116	2.50432	2.50326	2.54647	2.54361	2.52803	2.49	2.43328	2.35483	2.22629	2.11426	2.07222	2.18696	2.40981	2.63916	2.85003	3.04013	3.16503	3.26539	3.33551	3.36776	3.36869	3.36207	3.29849	3.19979	3.02349	2.77619	2.38139	2.01899	1.8871	2.05593	2.26823	2.42733	2.57428	2.60137	2.59241	2.03404	2.05308	2.50618	2.71777	2.98072	3.22804	3.38313	3.47076	3.46657	3.42707	3.34826	3.21341	3.16118	3.16366	3.22493	3.35342	3.45905	3.61517	3.71288	3.84501	4.05974	4.37275	4.67558	4.99466	5.15338	5.14822	5.13094	5.19557	5.29327	5.45007	5.70233	5.91843	6.11421	6.30211	6.53364	6.76243	7.02331	7.28904	7.56702	7.86128	8.13749	8.41806	8.74075	9.10838	9.60681	10.0936	10.6879	11.2834	11.8678	12.4184	12.8685	13.3118	13.6785	14.0042	14.2808	14.542	14.7504	14.8934	14.9475	14.8525	14.7265	14.5882	14.4463	14.3264	14.2681	14.2587	14.3246	14.4331	14.609	14.8674	15.1965	15.5645	15.9718	16.4311	16.9386	17.4533	17.7982	17.9683	18.0898	18.3811	18.4372	18.405	18.2139	17.7217	17.0002	15.9065	14.2283	13.1251	12.1539	11.2696	10.5198	9.90192	9.44885	9.95713	10.0951	10.1389	10.0153	9.88768	9.91687	9.97198	10.0361	10.1455	10.2438	10.3009	10.293	10.1587	9.99267	9.76307	9.47005	9.11079	8.69406	8.20826	7.64632	7.03191	6.38021	5.7095	5.11481	4.48956	3.86011	3.24576	2.65581	2.20489	1.79748	1.43356	1.09737	0.844615	0.643825	0.472594	0.292573	0.0987276	-0.0741532	-0.178315	-0.256724	-0.265575	-0.260912	-0.22552	-0.180737	-0.114032	-0.0405975	0.0944257	0.251027	0.473468	0.718045	0.868282	0.942611	0.94693	0.874006	0.692047	0.481653	0.282722	0.111965	-0.0742586	-0.279388	-0.45748	-0.497568	-0.471186	-0.410269	-0.305677	-0.188888	-0.0367223	0.188746	0.402908	0.565412	0.555239	0.456897	0.327304	0.17235	-0.202105	-0.385659	-0.489331	-0.466211	-0.373131	-0.194975	-0.0421411	0.107397	0.223957	0.309524	0.416408	0.583277	0.735068	0.808147	0.86142	0.882874	0.773192	0.160274	-0.010465	-0.0943402	-0.109874	-0.0458045	0.0814148	0.256283	0.461257	0.650271	0.915312	1.04691	1.07562	1.01791	0.898742	0.786238	0.656938	0.518447	0.385466	0.213851	-0.00396728	-0.193168	-0.353346	-0.427276	-0.5185	-0.470378	-0.397366	-0.290139	-0.16084	-0.0123633	0.147591	0.258302	0.38712	0.520064	0.696273	0.904558	1.22064	1.51865	1.74911	1.96984	2.17148	2.45386	2.82295	3.23565	3.78068
20	-20	23.7702	22.7672	21.9164	21.1425	20.1509	19.5209	18.9409	18.3962	17.8454	17.2841	16.7275	16.1421	15.5494	14.9772	14.3851	13.7872	13.1785	12.5677	11.9214	11.2411	10.5316	9.79814	9.20841	8.72927	8.19345	7.80287	7.46932	7.05681	6.65649	6.24537	5.88725	5.53125	5.20003	4.88711	4.60415	4.34608	4.02325	3.68977	3.32189	3.00059	2.76598	2.5877	2.47465	2.36791	2.31426	2.21835	2.04507	1.85371	1.50086	1.14634	0.796975	0.505817	0.28314	0.079971	-0.0856068	-0.223479	-0.32208	-0.390481	-0.447818	-0.408726	-0.348968	-0.260337	-0.151184	-0.018305	0.123556	0.181997	0.309239	0.51981	0.725142	0.913868	1.03881	1.10481	1.1276	1.01807	0.829314	0.597999	0.442288	0.404764	0.376153	0.3721	0.368401	0.313615	0.223532	0.139867	0.0736094	-0.00867546	-0.100748	-0.183148	-0.247323	-0.273871	-0.295281	-0.298547	-0.292612	-0.185015	-0.0512934	0.0914263	0.28531	0.474826	0.635535	0.784212	0.919805	1.02096	1.02136	1.01395	1.00955	1.01021	1.02835	1.1534	1.40167	1.89442	2.01266	2.16745	2.38405	2.52391	2.67752	2.86444	3.03948	3.19743	3.3046	3.35358	3.39491	3.38885	3.35412	3.27904	3.18577	3.04123	2.83702	2.41794	2.07993	1.95541	1.92167	1.99724	2.20244	2.87339	3.20476	3.52899	3.84638	4.1398	4.44085	4.64196	4.80583	4.91498	4.99718	5.05028	5.07307	5.08345	5.03531	4.96707	4.9019	4.94909	5.05506	5.22049	5.46429	5.76017	6.1199	6.49894	6.89288	7.22993	7.55591	7.84421	8.13342	8.43438	8.21226	8.35708	8.47604	8.53825	8.59591	8.71852	8.83336	8.94994	9.04127	9.11039	9.12954	9.14242	9.13604	9.14865	9.25258	9.38969	9.60123	9.81022	10.0262	10.1896	10.2864	10.3652	10.4681	10.582	10.6508	10.7105	10.7306	10.6027	10.4364	10.2393	10.0273	9.83862	9.71871	9.63861	9.62522	9.64759	9.67743	9.79345	9.92965	10.1312	10.3521	10.6033	10.7804	10.7916	10.8172	10.7606	10.7177	10.6535	10.6038	10.5629	10.5288	10.6061	10.6782	10.7076	10.7149	10.7048	10.6766	10.6481	10.5892	10.5215	10.363	10.1926	9.8928	9.50836	9.15547	8.82128	8.55046	8.32674	8.11661	7.91795	7.70145	7.49256	7.26505	7.02656	6.82413	6.6134	6.41435	6.20627	6.02048	5.85689	5.66989	5.50092	5.31318	5.18858	5.07593	4.98407	4.90223	4.8488	4.84547	4.86914	4.84371	4.8545	4.85964	4.8553	4.83767	4.78415	4.68789	4.53623	4.38615	4.21738	3.99494	3.81544	3.71025	3.55191	3.36159	3.16807	2.96836	2.77793	2.60599	2.44187	2.2783	2.13543	2.00161	1.86826	1.77103	1.67878	1.62959	1.59653	1.67459	1.81079	1.93483	2.06198	2.18528	2.21954	2.0748	1.98664	1.90315	1.84691	1.78922	1.72309	1.64875	1.56043	1.49618	1.42649	1.35018	1.26114	1.11156	0.869535	0.638836	0.42123	0.146949	-0.124249	-0.371758	-0.582769	-0.751047	-0.847085	-0.779115	-0.687197	-0.523232	-0.389898	-0.246413	-0.0566752	0.125468	0.294592	0.424552	0.515285	0.583109	0.604831	0.581171	0.511137	0.412794	0.316556	0.214165	0.113074	0.0556579	0.0736111	0.106018	0.105347	0.127155	0.140636	0.0990247	0.0701108	0.0369617	0.0154975	0.0215298	0.0412417	0.127829	0.315283	0.470965	0.569614	0.659902	0.806975	0.985423	1.17437	1.2343	1.34973	1.46227	1.53498	1.62156	1.74925	1.93299	2.20436	2.5244	2.92315	3.40906	3.85135	4.24505	4.62153	4.96099	5.24646	5.56131	5.86536	6.15908	6.45936	6.78087	7.15309	7.56134	8.0342	8.54346	9.13484	9.75325	10.4502	11.1756	11.8873	12.6523	13.3541	13.8884	14.4171	14.9506	15.4301	15.9715	16.507	17.0714	17.6487	18.2668	18.8898	19.5095	20.1816	21.3709	22.6327	23.713	24.537	24.8631	22.8805	25.5554	25.9531	26.3818	26.8905	27.413	27.9731	28.5164	29.0103	29.3796	29.6707	29.7862	29.7548	29.6527	29.5605	29.5199	29.4445	29.3069	28.9284	28.7172	28.4593	28.2302	27.9318	27.5467	27.1073	26.6093	26.0663	25.5127	24.9508	24.3961	23.8474	23.3676	22.8652	22.735	22.5342	22.2574	21.8856	21.4775	21.053	20.6521	20.2002	19.8061	19.4074	18.9766	18.4411	17.8606	17.2364	16.5252	15.7269	14.9207	14.1926	13.5383	12.8321	12.1444	11.4487	10.7823	10.4112	9.94097	9.5904	9.33953	9.13699	8.94462	8.77253	8.59251	8.39545	8.15275	7.90439	7.676	7.39406	7.11924	6.87747	6.64273	6.42458	6.22139	6.06318	5.92593	5.88729	5.94623	6.19839	6.37468	6.53305	6.6319	6.83884	7.15965	7.29316	7.37639	7.44855	7.55752	7.71485	7.53943	7.41313	7.09805	6.6257	6.16748	5.92333	5.90376	6.24295	6.2338	6.42692	6.965	7.84086	8.68429	9.58466	12.797	15.4921	19.5607	23.5585	27.487	31.2566	33.272	33.1827	33.2689	31.4744	27.8427	24.033	19.6951	16.2464	13.4094	10.6425	8.1127	5.72524	4.91701	4.07451	3.67804	3.01719	2.50255	2.09587	1.6691	1.31773	1.00778	0.650481	0.436939	0.192478	-0.042716	-0.0873554	-0.193073	-0.276336	-0.295452	-0.223955	-0.101638	0.089965	0.336008	0.636419	0.975874	1.35059	1.65623	1.87461	1.84297	1.69962	1.44398	1.20343	0.555439	-1.28789	-2.74278	0.451241	1.51119	1.35739	1.09699	0.850823	0.526013	0.297705	0.290853	0.382867	-0.183222	-0.259328	-0.312551	-0.324445	-0.322215	-0.289217	-0.240922	-0.195988	-0.130498	-0.0466346	0.0282134	0.129671	0.212597	0.2806	0.295999	0.204739	0.0923368	-0.0444846	-0.194817	-0.359296	-0.519867	-0.594599	-0.60383	-0.527523	-0.416171	-0.299308	-0.127109	0.0545793	0.205819	0.36191	0.507094	0.66189	0.634981	0.744121	0.823226	0.890553	0.896745	0.835494	0.677015	0.46021	0.215464	0.00407944	0.0139751	0.275458	0.279753	0.262713	0.282552	0.350322	0.447521	0.555232	0.674456	0.756194	0.900726	1.03898	1.10952	1.15392	1.16471	1.14484	1.03617	0.923975	0.849044	0.826499	0.8065	0.786735	0.797056	0.785583	0.829679	0.897796	0.955593	1.02169	1.06462	1.09215	1.02758	0.980915	0.971901	0.960358	0.986643	0.998074	0.993406	0.940245	0.914853	0.755813	0.535029	0.326333	0.16055	0.0585286	0.00601689	0.0454839	0.127549	0.244253	0.365639	0.456702	0.557079	0.648129	0.7078	0.751997	0.771502	0.759566	0.729102	0.66353	0.588945	0.468446	0.323345	0.151783	-0.0480492	-0.248568	-0.413668	-0.472465	-0.474878	-0.532982	-0.596393	-0.569472	-0.406785	-0.31193	-0.233691	-0.168133	-0.0520619	0.100864	0.244846	0.355837	0.430813	0.46402	0.462921	0.455377	0.306036	0.110763	-0.078246	-0.195186	-0.154003	-0.139385	-0.115572	-0.0509441	0.0178893	0.100599	0.172994	0.270533	0.336586	0.497247	0.650069	0.815393	0.949822	1.02121	0.966093	0.803978	0.632415	0.568677	0.532654	0.471435	0.375767	0.0571009	-0.0358971	-0.149765	-0.247513	-0.385426	-0.484093	-0.511688	-0.558974	-0.680797	-0.785547	-0.872187	-0.919421	-0.861454	-0.798718	-0.673422	-0.490332	-0.134992	0.0386792	0.139479	0.211366	0.271744	0.310959	0.323337	0.299066	0.306416	0.299913	0.304533	0.231878	0.0896307	-0.0725714	-0.195724	-0.134567	-0.0686253	0.0470793	0.122048	0.171858	0.175914	0.180679	0.190805	0.218487	0.276317	0.346691	0.428731	0.513433	0.652179	0.80057	0.961269	1.13064	1.34681	1.52251	1.73289	1.80035	1.82595	1.76914	1.68811	1.50982	1.42223	1.35627	1.3097	1.33385	1.38924	1.48122	1.60424	1.76032	1.94468	2.13296	2.30269	2.49015	2.61132	2.59116	2.4134	2.1891	1.91515	1.55801	1.19212	0.855403	0.569087	0.401689	0.276727	0.221336	0.280527	0.579389	0.937329	1.31227	1.65001	1.91307	2.12317	2.27395	2.36769	2.42009	2.40703	2.37276	2.32504	2.23821	2.12277	1.71195	1.62027	1.61564	1.68903	1.82547	2.02418	2.26852	2.58978	2.76097	2.90356	3.0617	3.30602	3.53393	3.68374	3.67148	3.54749	3.29209	3.44369	3.80059	4.21303	4.60537	4.99434	5.44167	5.28848	5.35128	5.39831	5.37582	5.26177	5.13188	5.05747	5.06788	5.1161	5.1687	5.22029	5.24926	5.22938	5.32943	5.52149	5.76306	6.05116	6.31792	6.5896	6.8662	7.07103	7.29738	7.51643	7.77984	8.1161	8.47014	8.91198	9.35621	9.77476	10.1417	10.3996	10.5975	10.7472	10.8656	11.0007	11.1392	11.1956	11.263	11.308	11.3485	11.437	11.5326	11.6815	11.8432	12.0531	12.08	12.362	12.6611	13.0343	13.4029	13.6897	13.8645	13.8864	13.5959	13.0868	12.326	11.3766	10.103	9.09046	8.2333	7.79306	7.41011	7.10652	6.89292	6.81311	6.85994	7.38919	7.8262	8.22959	8.45759	8.6154	8.7026	8.74755	8.74038	8.68892	8.62842	8.5246	8.40551	8.16239	7.73493	7.20079	6.68249	5.97629	5.42472	4.79159	4.18005	3.55644	2.98129	2.49749	2.01303	1.5929	1.28097	1.07153	0.890066	0.639416	0.329867	0.023974	-0.167388	-0.290883	-0.380385	-0.43607	-0.437368	-0.383874	-0.186771	-0.255969	-0.44512	-0.604507	-0.646821	-0.652777	-0.568864	-0.459522	-0.321246	-0.17297	-0.0152706	0.0519784	0.144083	0.251263	0.353155	0.423903	0.437738	0.404018	0.339943	0.345419	0.295124	0.241276	0.202775	0.261853	0.450768	0.642809	0.828614	1.00566	1.16545	1.30281	1.37843	1.37155	1.26068	1.08992	0.920128	0.744349	0.635653	0.567381	0.510569	0.475234	0.448386	0.452729	0.518032	0.606817	0.698545	0.806516	0.910249	1.00691	1.08222	1.07292	1.09835	1.08336	1.03386	1.02394	1.00513	0.981267	0.951754	0.940994	0.906705	0.772858	0.706837	0.685848	0.616655	0.529948	0.407889	0.282988	0.134552	-0.110367	-0.360281	-0.518634	-0.661731	-0.790067	-0.85301	-0.82605	-0.739735	-0.586172	-0.39218	-0.187508	0.0116504	0.242132	0.61668	0.896142	1.02514	1.04366	0.989601	0.867764	0.645515	0.404876	0.185621	0.0354768	-0.144501	-0.35122	-0.0141213	0.849726	1.22328	1.61148
20	0	14.6549	13.3456	12.3675	11.4298	10.5234	9.80668	9.28611	8.8844	8.61614	8.31718	8.04458	7.57453	7.31378	7.06146	6.79429	6.4953	6.09715	5.78785	5.413	5.08903	4.62249	4.19844	3.84197	3.51429	3.32675	3.1674	3.0621	3.05146	3.0674	2.95371	2.83245	2.83306	2.77196	2.52411	2.27916	1.98316	1.74963	1.46959	1.23549	0.890748	0.498328	0.26366	0.07615	0.116607	0.128366	0.163402	0.221654	0.332683	0.562968	0.529963	0.43082	0.376968	0.290881	0.247455	0.196289	0.152305	0.105105	0.015597	-0.0874264	-0.203402	-0.28772	-0.39064	-0.457054	-0.460144	-0.512362	-0.327471	-0.290004	-0.270544	-0.279886	-0.282765	-0.552427	-0.536763	-0.49872	-0.342645	-0.217299	-0.0661659	0.0111931	-0.00119657	-0.012218	0.0983418	0.203633	0.397695	0.551504	0.678868	0.755123	0.917465	1.01999	1.02806	1.03912	1.04746	0.972792	0.977193	0.931241	0.776839	0.700608	0.667196	0.769361	0.849463	1.15636	1.42239	1.7802	2.26644	2.30235	2.23311	1.69018	1.47235	1.51237	1.70278	1.89856	2.11689	2.39955	2.59349	2.46874	2.19721	1.99694	1.81427	1.67559	1.69301	1.74774	1.8527	1.97721	2.06759	2.14591	2.71058	3.01798	3.3346	3.63275	3.85988	4.16134	4.38864	4.43441	4.36584	4.05438	3.72607	3.62124	3.52878	3.51847	3.60136	3.6018	3.63425	3.69863	3.76438	3.79505	3.90363	3.99506	4.02802	4.1092	4.29736	4.51116	4.57663	4.59016	4.73432	4.95423	5.16697	5.43544	5.59152	5.71581	5.84389	5.96506	6.11338	6.28329	6.36669	6.48851	6.60835	6.74771	6.86022	7.03623	7.24604	7.42116	7.65434	7.96907	8.23745	8.44993	8.64747	8.87854	9.03089	8.99752	8.84886	8.74723	8.51986	8.23385	8.01869	7.86104	7.7546	7.69614	7.71397	7.83375	7.99497	8.1932	8.67749	8.9056	9.02021	8.99811	8.53118	8.11501	7.85642	7.39882	6.89408	6.76788	6.61848	6.67895	6.79252	6.82432	6.89897	6.97067	7.19866	7.54963	7.75655	7.99525	8.1825	8.29558	8.22626	8.22223	8.17009	7.97692	7.68755	7.65284	7.57642	7.70756	7.74973	7.7302	7.65508	7.52374	7.51677	7.44086	7.47446	7.44644	7.31162	7.21405	7.0976	7.04035	6.89385	6.73985	6.50816	6.32762	6.175	6.07492	5.96263	5.94388	5.9793	6.00873	5.82636	5.57053	5.46297	5.385	5.28634	5.10915	4.92518	4.75992	4.58904	4.45239	4.30653	4.21291	4.1057	3.97255	3.74152	3.58942	3.34128	3.09093	2.78183	2.45865	2.11425	1.87908	1.66376	1.556	1.46518	1.53064	1.63729	1.81552	2.00454	2.12028	2.20747	2.29122	2.36209	2.27403	2.16163	2.03809	1.73408	1.45924	1.20765	1.05923	0.969534	0.95165	0.886177	0.857062	0.774709	0.780549	0.773588	0.828247	0.843966	0.824723	0.884189	0.939963	0.939915	0.867857	0.728507	0.546349	0.433447	0.608273	0.484828	0.336866	0.0861318	-0.0696348	-0.229752	-0.30081	-0.293351	-0.244817	-0.176011	-0.104866	-0.0425177	-0.0353686	-0.0658898	-0.0793905	-0.2901	-0.322599	-0.310242	-0.349943	-0.417405	-0.50785	-0.602038	-0.612643	-0.570976	-0.437877	-0.265021	-0.0449619	0.0596251	0.278267	0.472765	0.671157	0.914494	1.05579	1.12674	1.17784	1.15462	1.09711	1.06636	0.882896	0.742276	0.745458	0.750843	0.847923	1.04374	1.20035	1.49119	1.66228	1.85393	2.08874	2.37622	2.4836	2.69257	2.81744	2.84097	2.78759	2.70716	2.72128	2.67544	2.59073	2.59783	2.66839	2.75157	2.95731	3.28345	3.71314	3.94663	4.8381	5.93908	7.58356	8.2846	9.14285	9.28682	9.66905	9.99132	10.4509	10.9614	11.7194	12.3414	13.1514	13.8738	14.5557	15.1361	15.641	16.0073	16.4377	16.8081	17.3391	17.8846	18.4385	19.0921	19.7133	20.3132	20.8082	21.3888	22.1784	22.997	24.1876	25.0101	25.7623	26.3782	26.8511	27.2706	27.5803	27.8553	28.0474	28.4465	29.0159	29.1715	29.1617	29.2172	29.2769	29.2736	29.3613	29.4247	29.3172	29.2358	29.2124	28.9335	28.6406	28.3518	28.1889	28.1704	27.8965	27.5357	27.0117	26.3345	25.6697	24.9319	24.2947	23.6465	22.9245	22.2755	21.6385	20.9187	20.2924	19.8058	19.3572	18.8808	18.4856	18.1187	17.5874	17.2405	16.8037	16.4834	16.0821	15.7556	15.4647	15.1317	14.7508	14.491	14.2033	13.8557	13.6418	13.3903	13.1071	12.799	12.4779	12.1189	11.6241	11.2392	10.7613	10.354	9.79609	9.29989	8.97727	8.96599	8.83808	8.57733	8.34898	8.08446	7.80561	7.63607	7.49402	7.2914	7.16525	7.08259	6.96287	6.8918	6.82944	6.81548	6.81124	6.81939	6.92301	7.10718	7.21022	7.22339	7.07736	7.0224	6.85409	6.59805	6.53283	6.5185	6.65497	6.98785	7.40535	7.9286	8.50114	9.24934	10.6765	12.4932	14.635	16.9683	19.6941	22.3473	25.6363	28.6765	30.4237	31.3157	29.5348	27.4274	23.8515	20.7857	17.3549	13.9165	11.1757	8.49041	6.36693	4.66574	3.65923	2.37805	1.51265	1.73057	1.45191	1.03096	0.884553	0.79829	0.790352	0.817269	0.703816	0.714319	0.703073	0.626017	0.738871	0.863961	1.08046	1.22502	1.46948	1.52763	1.38249	1.26316	1.01272	1.04193	1.09958	1.25021	1.49959	1.7351	1.85993	2.11971	2.28731	2.21041	2.21122	1.8734	1.78461	1.59665	1.43022	1.35318	1.17117	0.90631	0.713093	0.683849	0.685171	0.6336	0.595569	0.534494	0.467919	0.405801	0.320459	0.225965	0.117152	0.0164519	0.124088	0.0712085	0.0157962	-0.037841	-0.115572	-0.208066	-0.31025	-0.318791	-0.237718	-0.0889555	-0.137377	-0.0631585	0.0580229	-0.0367227	0.095056	0.259455	0.322347	0.322972	0.303337	0.300668	0.210122	0.0591672	-0.076007	-0.180909	-0.322141	-0.489276	-0.539075	-0.659594	-0.662804	-0.617293	-0.632561	-0.691112	-0.604741	-0.53014	-0.278445	0.00926249	0.231396	0.377429	0.471213	0.580757	0.640024	0.838124	1.01115	1.17061	1.25848	1.27116	1.31619	1.32154	1.40048	1.46251	1.58838	1.67976	1.83668	1.82269	1.7795	1.51119	1.24521	1.01397	0.799267	0.618808	0.426098	0.253877	0.190706	0.147808	0.174045	0.201551	0.234746	0.325525	0.515501	0.793124	1.07108	1.26662	1.36837	1.36766	1.32674	1.24692	1.31192	1.35034	1.31605	1.1143	0.866954	0.630491	0.436824	0.167948	-0.161124	-0.374533	-0.519367	-0.691587	-0.753102	-0.731721	-0.614576	-0.478218	-0.139926	-0.00326142	0.133068	0.232663	0.357833	0.339138	0.264452	0.174935	0.0809495	0.0231282	-0.0484536	-0.0660432	0.0130661	0.0610699	0.347887	0.442975	0.427995	0.472721	0.462987	0.414873	0.38236	0.305713	0.204693	0.111914	0.0183354	-0.0706291	-0.105157	0.00359691	0.0707109	0.145667	0.120116	0.174695	0.246399	0.320923	0.403988	0.394135	0.348725	0.357238	0.347143	0.352149	0.443766	0.536449	0.788881	0.777457	0.779848	0.740761	0.670848	0.546325	0.293734	0.16103	-0.0329179	-0.14302	-0.247409	-0.424269	-0.557743	-0.838338	-0.996982	-1.08792	-0.998728	-0.830533	-0.772505	-0.728589	-0.721279	-0.769322	-0.837644	-0.863367	-0.800095	-0.691073	-0.472313	-0.213931	-0.11521	0.255145	0.396104	0.556485	0.851718	1.06515	1.34182	1.61923	1.71116	1.69063	1.25654	1.04763	0.792649	0.525953	0.263588	0.0559523	-0.0471649	-0.0648758	-0.0643465	-0.268603	-0.374583	-0.354096	-0.264538	-0.00199961	0.0868966	0.262345	0.185686	0.338968	0.468356	0.559058	0.72283	0.87327	0.922231	0.888204	0.79805	0.637092	0.677817	0.753589	0.72531	0.726469	0.783946	0.745654	0.666475	0.67066	0.68388	0.605665	0.46628	0.388546	0.39105	0.485102	0.607688	0.596484	0.601033	0.703852	0.795314	0.870082	0.904625	0.939304	1.03793	1.253	1.3912	1.64156	1.961	2.22878	2.41493	2.50323	2.70747	2.9239	2.94324	3.20294	3.43662	3.36307	3.27391	3.10025	2.97778	2.91021	2.80732	2.84185	3.06245	3.36697	3.5206	3.44645	3.32535	3.25055	3.09186	2.9841	2.93644	3.07602	3.10783	3.22724	3.33847	3.62717	3.81848	3.98746	4.19544	4.38803	4.503	4.57611	4.63488	4.74477	4.77949	4.78188	4.88762	5.11013	5.28593	5.49533	5.66079	5.87917	6.1706	6.40877	6.65772	6.87306	7.18743	7.43606	7.67943	8.02494	8.40568	8.77924	9.15514	9.70988	10.0297	10.3826	10.7138	11.0103	11.4394	11.9171	12.2035	12.4548	12.6997	12.8303	12.8712	12.8092	12.7342	12.6893	12.5447	12.443	12.3822	12.3231	12.3366	12.239	12.2596	12.4923	12.6271	12.9096	13.2322	13.4348	13.7354	13.7261	13.4067	12.8712	12.2864	11.6221	11.011	10.4399	9.80672	9.33914	8.94764	8.68184	8.49524	8.20226	8.03617	7.99407	8.01182	8.06597	8.17485	8.32699	8.33609	8.19078	8.16391	8.13392	8.04138	7.88384	7.71153	7.39721	7.11878	6.87498	6.42073	5.94971	5.39972	4.90929	4.60265	4.3037	3.85933	3.48875	3.10721	2.83013	2.48746	2.10068	1.77536	1.54738	1.21864	0.937665	0.786501	0.759294	0.639972	0.429595	0.117688	-0.037366	-0.152373	-0.276725	-0.441841	-0.626864	-0.710032	-0.665029	-0.645519	-0.594796	-0.566732	-0.559634	-0.516588	-0.380849	-0.244186	-0.0113912	0.28092	0.484171	0.589633	0.705568	0.904973	1.16422	1.36138	1.32859	1.32327	1.22386	1.03545	0.811979	0.670897	0.45968	0.220025	-0.0254174	-0.203324	-0.0665161	0.146481	0.498449	0.872898	1.09586	1.31828	1.4162	1.53941	1.5693	1.45073	1.04411	0.900753	1.32406	1.29113	1.29874	1.2855	1.29972	1.30065	1.24769	1.2355	1.15915	1.04329	0.823321	0.626845	0.44138	0.309177	0.199576	0.0765841	-0.0550679	-0.144712	-0.11171	-0.014202	0.0691488	0.115631	0.162488	0.287783	0.454989	0.641658	0.71401	0.848441	0.844784	0.770961	0.711571	0.686777	0.622378	0.45532	0.283309	0.0791017	-0.113124	-0.196904	-0.321762	-0.329585	-0.401028	-0.444628	-0.398082	-0.320073	-0.242855	-0.00192026	0.235618	0.588169	0.889694	1.53208	2.33403	3.31747	4.18817
20	20	20.0362	19.9141	19.7233	19.4148	19.0799	18.8215	18.344	17.781	17.1422	16.57	16.0406	15.5348	15.0607	14.5803	14.0714	13.572	13.0333	12.4874	11.8655	11.2601	10.6925	10.1238	9.61637	9.20336	8.84422	8.51257	8.15848	7.80703	7.43444	7.10699	6.76645	6.40172	5.93743	5.39121	4.91509	4.30425	3.64394	2.92267	2.36788	1.92954	1.53636	1.30539	1.33273	1.51357	1.74812	2.02881	2.13136	2.23779	2.25265	2.21028	2.08558	1.89649	1.61836	1.24614	0.764343	0.371289	0.012575	-0.193118	-0.186925	-0.150666	0.0549702	0.575978	0.401904	0.538882	0.776183	1.14472	1.43153	1.39182	1.17469	0.947857	0.677499	0.421187	0.125507	-0.156377	-0.394903	-0.613368	-0.618683	-0.577373	-0.489673	-0.374604	-0.262394	-0.123859	-0.00294786	0.0693345	0.138824	0.208136	0.271496	0.310206	0.253061	0.219222	0.228659	0.229701	0.233849	0.247186	0.306533	0.54867	0.805179	1.10795	1.39691	1.68608	1.89595	2.02164	2.01042	1.88295	1.81904	1.73466	1.62508	1.50298	1.32908	1.12304	0.939503	0.800433	0.735468	0.801225	0.827283	0.957399	1.16349	1.32738	1.48824	1.68503	1.90183	2.16504	2.44822	2.73608	3.00821	3.23109	3.40376	3.50843	3.54241	3.51239	3.46131	3.31776	3.1543	2.94641	2.93437	3.1806	3.32317	3.41391	3.4512	3.49907	3.54776	3.60171	3.63121	3.62189	3.63535	3.72599	3.94046	4.12873	4.23586	4.31088	4.38056	4.44235	4.57943	4.73717	4.91564	5.01127	5.06217	5.13981	5.24415	5.3782	5.52027	5.7041	5.90715	6.16222	6.46432	6.81075	7.07626	7.39755	7.76722	8.19395	8.58533	8.93262	9.20762	9.38395	9.47832	9.54587	9.59845	9.66624	9.72198	9.79063	9.84419	9.86298	9.71112	9.68801	9.73908	9.57031	9.3797	9.18902	9.00482	8.84405	8.68889	8.55665	8.45473	8.37537	8.32714	8.30794	8.33178	8.38528	8.5047	8.65536	8.83899	8.95272	8.92773	8.93218	8.9286	8.94111	8.94493	8.94949	8.87025	8.83076	8.7905	8.73649	8.69269	8.63889	8.56883	8.50519	8.41884	8.29496	8.15771	8.0366	7.89073	7.76785	7.67857	7.61743	7.60875	7.64609	7.71267	7.78013	7.8055	7.81372	7.7801	7.6661	7.50175	7.2773	6.9782	6.66301	6.32743	6.03343	5.75621	5.50078	5.26393	5.0841	4.99277	4.93131	4.95671	4.99884	5.04879	5.00816	4.99654	4.95682	4.90629	4.83553	4.67031	4.45582	4.22276	4.05709	3.96508	3.86398	3.76506	3.66508	3.53646	3.39563	3.24477	3.02743	2.79878	2.53978	2.2886	2.06017	2.00853	2.09076	2.27317	2.41329	2.5109	2.59807	2.65323	2.68859	2.70217	2.72874	2.79254	2.8814	2.99312	3.073	3.0909	2.78676	2.61426	2.51058	2.47586	2.47544	2.52891	2.58827	2.6555	2.70892	2.72144	2.69546	2.6161	2.52187	2.39601	2.2506	2.08748	1.95076	1.71344	1.47074	1.20683	0.951597	0.720237	0.531054	0.459342	0.526566	0.661478	0.886448	1.10059	1.30651	1.45354	1.50648	1.45012	1.26966	1.02317	0.665038	0.301264	-0.0311423	-0.309882	-0.510165	-0.589456	-0.558973	-0.395759	-0.201767	-0.107512	0.00546683	0.113773	0.212459	0.256561	0.180813	0.123834	0.110421	0.0958666	0.112375	0.180941	0.298121	0.542482	0.84152	1.19843	1.6008	1.96988	2.29049	2.51212	2.57261	2.59212	2.57489	2.67035	2.68345	2.70337	2.73327	2.82979	2.98124	3.19036	3.39441	3.60112	3.7935	3.98943	4.20851	4.37549	4.56803	4.7765	5.00365	5.25865	5.64678	6.04918	6.5337	7.01743	7.48816	7.95985	8.39554	8.77804	9.23841	9.68347	10.1502	10.6337	11.1408	11.6769	12.2619	12.9234	13.6673	14.4798	15.2223	15.9236	16.5517	17.1746	17.788	18.4018	19.0643	19.7265	20.3908	21.0592	21.73	22.3869	23.0287	23.644	24.2008	24.695	25.2448	25.7136	26.0865	26.3729	26.5691	26.6588	26.5813	26.6817	26.8241	27.0037	27.1677	27.2795	27.3299	27.2662	27.149	27.0413	27.0446	26.8133	26.4402	25.9574	25.6451	25.2925	24.8417	24.5363	24.1162	23.5752	23.0085	22.5934	22.2342	21.9779	21.7999	21.627	21.3847	21.0672	20.6789	20.2503	19.7339	19.1304	18.271	17.0483	16.3065	15.5822	14.8504	14.1446	13.4335	12.8453	12.4497	12.1646	11.8941	11.6687	11.4158	11.3236	11.1789	10.9501	10.645	10.2099	9.73192	9.20609	8.67058	8.22254	7.72248	7.28049	6.97837	6.69541	6.42312	6.1546	5.90645	5.66865	5.49641	5.38015	5.33485	5.28127	5.18238	5.04451	4.92234	4.85618	4.80436	4.82891	4.92977	5.11918	5.32305	5.51529	5.61169	5.6499	5.66053	5.67893	5.69701	5.60157	5.39918	5.13021	4.86121	4.62614	4.53348	4.62074	4.8635	5.24468	5.26938	6.30961	7.66362	8.99693	11.2785	13.5849	16.0497	18.873	20.7491	23.1283	23.598	23.182	22.1387	19.3711	16.4628	14.1378	11.8861	9.68696	7.60868	5.70938	5.47653	4.35184	3.36896	2.50257	1.77251	1.44379	1.01239	0.634984	0.307155	0.128445	0.0182907	-0.0308671	-0.0483642	-0.0378264	0.0230812	0.115092	0.197528	0.172198	0.17759	0.178703	0.00748929	-0.012414	0.040599	0.122947	0.200595	0.274847	0.349613	0.38933	0.398806	0.308939	0.477131	0.507323	0.400462	0.215385	0.0196439	-0.18718	-0.189263	-0.414754	-0.460918	-0.436567	-0.387091	-0.218482	-0.0220005	0.147191	0.304226	0.419804	0.495659	0.513497	0.4454	0.377217	0.344209	0.257416	0.08818	-0.00412647	-0.0798531	-0.121538	-0.12348	-0.0968295	-0.0274701	0.0668008	0.166616	0.255982	0.257749	0.285452	0.275527	0.220473	0.115536	-0.0863409	-0.301248	-0.254873	-0.297863	-0.236843	-0.380391	-0.59873	-0.813732	-1.11385	-0.988096	-0.54529	-0.0338039	1.26741	4.41108	4.34694	4.27218	1.88745	0.926781	0.160814	0.0575559	0.0731852	0.229083	-0.119558	-0.550224	-0.337307	-0.117279	0.004449	0.163627	0.249468	0.358251	0.442597	0.435321	0.3756	0.415118	0.432167	0.383256	0.320067	0.255829	0.203263	0.159434	0.132717	0.106986	0.0785189	0.0541457	0.0258182	-0.002293	-0.0145825	0.0291633	0.104368	0.174434	0.229646	0.284888	0.34081	0.396979	0.44676	0.489969	0.533377	0.588147	0.62889	0.669926	0.695887	0.679126	0.63938	0.561915	0.480314	0.368378	0.248086	0.00767588	-0.153913	-0.241864	-0.229067	-0.0267427	0.00914914	0.142389	0.358717	0.567451	0.706482	0.8108	0.931526	0.985535	0.989149	0.906874	0.824376	0.697172	0.55754	0.580829	0.627806	0.746871	0.728008	0.659407	0.421497	0.249325	0.0967695	0.132169	0.0120899	-0.161446	-0.307429	-0.408091	-0.450523	-0.424862	-0.41692	-0.477673	-0.481297	-0.408537	-0.254674	-0.0648375	0.134364	0.324914	0.451833	0.544243	0.645495	0.770827	1.06776	1.05209	1.01189	0.947193	0.857975	0.739809	0.555722	0.398433	0.184082	0.0187445	-0.0441784	-0.044811	0.332077	0.29073	0.243977	0.0409219	-0.140358	-0.227568	-0.201188	-0.292768	-0.378656	-0.748942	-0.531736	-0.227755	0.0822874	0.254709	0.193298	-0.143078	-0.245396	-0.279438	-0.261641	-0.167116	-0.0142023	0.142716	0.267536	0.366316	0.475097	0.56948	0.629261	0.671926	0.692606	0.711332	0.520715	0.493921	0.402458	0.338197	0.228951	0.214153	0.3439	0.546919	0.752683	0.862692	0.967205	1.1764	1.36928	1.52278	1.5937	1.62141	1.67855	1.6487	1.58674	1.56152	1.60203	1.7975	1.84629	1.86658	1.83856	1.81301	1.78745	1.71352	1.62573	1.46109	1.10064	0.940174	0.918167	1.09507	1.0719	1.02897	0.973584	0.951887	0.955838	1.00236	1.0697	1.17518	1.20398	1.23796	1.30038	1.3494	1.44901	1.49399	1.51582	1.56518	1.6666	1.79501	1.86716	1.9248	1.99025	2.04484	2.09182	2.14874	2.19118	2.26731	2.33194	2.39374	2.44385	2.4803	2.49405	2.48933	2.46145	2.4261	2.34948	2.25429	2.12701	1.9978	1.88438	1.87662	1.96254	2.10121	2.33289	2.57275	2.80544	2.99119	3.18121	3.38361	3.59367	3.77192	3.87248	3.93068	3.97558	3.99527	4.01809	3.99447	4.04899	4.094	4.14523	4.20986	4.29812	4.46855	4.65751	4.99699	5.29531	5.57452	5.95748	6.35016	6.66107	7.00286	7.23569	7.58776	7.79953	7.88707	7.92698	8.0107	8.13059	8.27551	8.49592	9.17945	9.22751	9.31614	9.44315	9.59341	9.77175	9.96394	10.1625	10.3661	10.5803	10.7855	11.0104	11.2293	11.4454	11.6812	11.9181	12.1598	12.3753	12.5627	12.6583	12.7742	12.903	13.0489	13.245	13.6349	13.9447	14.0312	13.9537	13.6762	13.2573	12.7043	11.9986	10.8965	9.54861	8.74076	7.9869	7.42552	7.00205	6.68333	6.52099	6.50526	6.54165	6.59941	6.69641	6.79887	6.8233	6.83972	6.8922	6.98872	7.0715	7.12981	7.14195	7.09013	6.99864	6.85743	6.67338	6.43776	6.14466	5.79596	5.38029	4.88501	4.33283	3.79511	3.27428	2.80733	2.31569	1.78891	1.27793	0.841708	0.469943	0.113859	-0.147232	-0.320555	-0.399987	-0.363319	-0.310633	-0.263627	-0.214549	-0.145019	-0.0695037	0.0130673	0.102787	0.188925	0.28383	0.36662	0.429796	0.161039	0.0865994	0.0244299	0.0551657	0.153335	0.30887	0.511814	0.723773	0.836383	0.903855	0.981873	1.00351	0.982694	0.87869	0.730931	0.549284	0.326092	0.0242183	-0.18955	-0.345549	-0.497778	-0.582149	-0.603161	-0.383399	-0.272062	-0.128528	0.00955446	0.028258	0.105816	0.231472	0.335853	0.384103	0.349955	0.236039	0.100056	-0.0261245	-0.0861283	-0.13496	-0.122983	-0.0603509	0.00622178	0.06018	0.0992793	0.124838	0.13841	0.147042	0.147642	0.157642	0.157153	0.172572	0.114858	0.0491734	-0.118114	-0.196965	-0.183802	-0.105319	-0.00191533	0.0983565	0.172415	0.215961	0.191999	-0.0581939	-0.120147	-0.184495	-0.204609	-0.123865	-0.0382048	0.0284931	0.144694	0.258217	0.366662	0.469029	0.530612	0.592135	0.656673	0.53724	0.39819	0.270036	0.139775	0.00300334	-0.138434	-0.240604	-0.308241	-0.431975	-0.398888	-0.227379	0.126038	0.540933	1.74974
