Acq. time (s)=	4
Accumulations=	3
Range=	Off
Autofocus=	Off
SWIFT=	Off
AutoExposure=	Off
Spike filter=	Multiple accum.
Delay time (s)=	0
Binning=	1
Readout mode=	Signal
DeNoise=	Standard
ICS correction=	On
Dark correction=	Off
Inst. Process=	On
Instrument=	LabRAM S3000
Detector=	Synapse
Objective=	x100
Grating=	1800
ND Filter=	25%
Laser (nm)=	632.81 
Spectro (cm-¹)=	520.984
Slit=	100.021
Hole=	1000.03
Microscope=	Principal
StageXY=	Märzhauser
StageZ=	Märzhauser
X (µm)=	0.1
Y (µm)=	-0.1
Z (µm)=	-2424.7
Project=	
Sample=	
Site=	
Title=	SOP_200nm_SPIS_p0.25_zscan
Remark=	-2414.70
Date=	17.06.2019 14:11
Operator=	
Acquired=	17.06.2019 14:11:36
Base:Sub=	17.06.2019 14:12:13
	358.033	358.357	358.684	359.008	359.333	359.659	359.983	360.309	360.634	360.959	361.285	361.609	361.934	362.26	362.584	362.908	363.233	363.559	363.883	364.208	364.533	364.858	365.182	365.507	365.832	366.157	366.481	366.805	367.13	367.455	367.78	368.104	368.428	368.752	369.078	369.402	369.726	370.051	370.375	370.7	371.024	371.348	371.673	371.997	372.321	372.645	372.969	373.294	373.618	373.942	374.266	374.59	374.914	375.238	375.562	375.886	376.21	376.534	376.858	377.182	377.505	377.829	378.153	378.477	378.801	379.124	379.448	379.772	380.096	380.419	380.743	381.067	381.391	381.714	382.038	382.362	382.685	383.009	383.332	383.656	383.98	384.302	384.625	384.949	385.272	385.596	385.919	386.243	386.566	386.888	387.212	387.535	387.859	388.182	388.504	388.827	389.151	389.474	389.797	390.119	390.443	390.766	391.089	391.412	391.734	392.057	392.381	392.704	393.026	393.349	393.672	393.994	394.317	394.64	394.963	395.285	395.608	395.931	396.253	396.576	396.899	397.22	397.543	397.865	398.188	398.511	398.832	399.155	399.478	399.8	400.122	400.444	400.767	401.088	401.411	401.734	402.055	402.378	402.699	403.022	403.344	403.666	403.988	404.31	404.632	404.954	405.276	405.598	405.919	406.242	406.563	406.886	407.207	407.53	407.851	408.173	408.494	408.815	409.138	409.459	409.782	410.103	410.424	410.746	411.067	411.39	411.71	412.031	412.354	412.675	412.996	413.318	413.639	413.96	414.282	414.603	414.924	415.246	415.567	415.888	416.208	416.531	416.851	417.172	417.494	417.815	418.136	418.456	418.779	419.099	419.42	419.741	420.061	420.383	420.704	421.024	421.345	421.665	421.986	422.308	422.629	422.949	423.27	423.59	423.91	424.232	424.553	424.873	425.194	425.514	425.834	426.155	426.475	426.795	427.116	427.436	427.756	428.078	428.398	428.719	429.039	429.359	429.679	430	430.32	430.64	430.96	431.28	431.6	431.921	432.241	432.561	432.881	433.201	433.52	433.84	434.16	434.48	434.8	435.12	435.44	435.76	436.08	436.4	436.719	437.038	437.358	437.678	437.998	438.317	438.637	438.957	439.276	439.595	439.915	440.235	440.555	440.873	441.193	441.512	441.832	442.152	442.47	442.79	443.109	443.429	443.747	444.067	444.387	444.706	445.024	445.344	445.663	445.982	446.301	446.621	446.939	447.258	447.578	447.896	448.215	448.534	448.852	449.172	449.491	449.809	450.129	450.448	450.766	451.085	451.403	451.722	452.042	452.36	452.679	452.997	453.316	453.634	453.953	454.271	454.59	454.908	455.227	455.544	455.863	456.181	456.5	456.818	457.137	457.455	457.774	458.091	458.41	458.728	459.047	459.364	459.683	460.001	460.318	460.637	460.955	461.274	461.591	461.909	462.228	462.545	462.862	463.181	463.499	463.817	464.135	464.452	464.771	465.088	465.405	465.723	466.041	466.359	466.676	466.995	467.312	467.629	467.946	468.265	468.582	468.899	469.216	469.535	469.852	470.169	470.486	470.805	471.122	471.439	471.756	472.073	472.391	472.708	473.025	473.342	473.659	473.976	474.293	474.611	474.928	475.245	475.562	475.879	476.196	476.513	476.83	477.146	477.463	477.781	478.098	478.415	478.732	479.048	479.365	479.682	479.999	480.315	480.632	480.949	481.265	481.582	481.898	482.215	482.532	482.848	483.165	483.481	483.798	484.114	484.429	484.746	485.062	485.379	485.695	486.012	486.328	486.645	486.961	487.277	487.592	487.909	488.225	488.542	488.858	489.174	489.489	489.805	490.122	490.438	490.754	491.07	491.385	491.701	492.018	492.334	492.648	492.965	493.281	493.597	493.912	494.228	494.544	494.86	495.175	495.491	495.807	496.121	496.437	496.753	497.069	497.384	497.7	498.016	498.33	498.646	498.961	499.277	499.592	499.907	500.223	500.539	500.853	501.169	501.483	501.799	502.113	502.429	502.745	503.059	503.375	503.689	504.005	504.319	504.635	504.949	505.265	505.579	505.895	506.209	506.524	506.838	507.154	507.468	507.784	508.098	508.413	508.727	509.042	509.357	509.671	509.987	510.301	510.616	510.93	511.244	511.559	511.873	512.187	512.503	512.816	513.132	513.446	513.76	514.075	514.389	514.703	515.016	515.332	515.645	515.959	516.274	516.588	516.902	517.216	517.531	517.844	518.158	518.472	518.787	519.101	519.414	519.728	520.043	520.357	520.67	520.984	521.297	521.612	521.926	522.239	522.553	522.866	523.18	523.493	523.808	524.122	524.435	524.748	525.062	525.375	525.689	526.002	526.315	526.629	526.943	527.257	527.57	527.883	528.197	528.51	528.823	529.136	529.45	529.763	530.076	530.389	530.703	531.016	531.329	531.642	531.955	532.268	532.581	532.894	533.206	533.519	533.832	534.145	534.458	534.771	535.084	535.397	535.71	536.023	536.335	536.648	536.961	537.273	537.586	537.899	538.212	538.524	538.836	539.149	539.462	539.775	540.086	540.399	540.712	541.025	541.336	541.649	541.961	542.274	542.585	542.898	543.211	543.523	543.835	544.147	544.46	544.771	545.084	545.396	545.709	546.02	546.332	546.645	546.956	547.268	547.58	547.892	548.204	548.516	548.828	549.14	549.451	549.764	550.075	550.387	550.698	551.01	551.323	551.634	551.946	552.257	552.569	552.88	553.192	553.503	553.815	554.126	554.438	554.749	555.061	555.372	555.684	555.995	556.307	556.618	556.928	557.24	557.551	557.863	558.174	558.486	558.797	559.107	559.419	559.73	560.042	560.352	560.663	560.975	561.285	561.596	561.908	562.218	562.529	562.84	563.151	563.461	563.773	564.083	564.394	564.704	565.016	565.326	565.637	565.947	566.259	566.569	566.879	567.19	567.501	567.811	568.122	568.432	568.742	569.054	569.364	569.674	569.984	570.294	570.604	570.915	571.226	571.536	571.846	572.156	572.466	572.776	573.086	573.396	573.708	574.018	574.328	574.638	574.948	575.258	575.568	575.878	576.187	576.497	576.807	577.117	577.427	577.737	578.047	578.356	578.666	578.976	579.286	579.596	579.905	580.215	580.525	580.834	581.144	581.452	581.762	582.072	582.381	582.691	583.001	583.31	583.62	583.93	584.238	584.547	584.857	585.166	585.476	585.785	586.095	586.403	586.712	587.022	587.331	587.641	587.949	588.258	588.568	588.877	589.185	589.494	589.804	590.113	590.421	590.73	591.039	591.347	591.657	591.966	592.275	592.583	592.892	593.201	593.509	593.818	594.128	594.435	594.744	595.052	595.361	595.67	595.978	596.287	596.596	596.904	597.213	597.521	597.83	598.137	598.446	598.755	599.063	599.372	599.679	599.988	600.296	600.605	600.912	601.221	601.528	601.837	602.145	602.453	602.761	603.07	603.377	603.684	603.993	604.301	604.609	604.917	605.225	605.533	605.84	606.149	606.456	606.763	607.072	607.379	607.688	607.995	608.302	608.611	608.918	609.225	609.533	609.841	610.148	610.455	610.763	611.07	611.377	611.686	611.993	612.3	612.607	612.915	613.222	613.529	613.836	614.145	614.452	614.759	615.065	615.372	615.681	615.988	616.294	616.601	616.908	617.215	617.522	617.83	618.137	618.443	618.75	619.057	619.364	619.67	619.977	620.284	620.592	620.899	621.205	621.512	621.819	622.125	622.432	622.738	623.045	623.352	623.658	623.965	624.271	624.578	624.884	625.191	625.497	625.804	626.11	626.417	626.723	627.03	627.336	627.641	627.947	628.254	628.56	628.867	629.173	629.479	629.786	630.092	630.398	630.703	631.009	631.316	631.622	631.928	632.234	632.539	632.845	633.151	633.458	633.764	634.068	634.375	634.681	634.987	635.292	635.598	635.904	636.21	636.514	636.82	637.126	637.432	637.737	638.043	638.349	638.654	638.96	639.265	639.57	639.876	640.182	640.486	640.792	641.097	641.402	641.708	642.013	642.319	642.624	642.929	643.234	643.539	643.845	644.149	644.455	644.759	645.065	645.37	645.675	645.98	646.285	646.59	646.894	647.2	647.504	647.81	648.114	648.42	648.724	649.028	649.333	649.638	649.943	650.247	650.553	650.857	651.161	651.466	651.77	652.076	652.38	652.684	652.989	653.293	653.597	653.902	654.206	654.51	654.815	655.119	655.423	655.729	656.032	656.336	656.641	656.945	657.249	657.553	657.858	658.162	658.466	658.769	659.074	659.378	659.682	659.986	660.289	660.594	660.898	661.202	661.505	661.809	662.114	662.418	662.721	663.025	663.328	663.632	663.935	664.239	664.544	664.847	665.151	665.454	665.758	666.061	666.365	666.668	666.972	667.275	667.578	667.882	668.185	668.489	668.792	669.095	669.398	669.702	670.005	670.308	670.612	670.915	671.218	671.521	671.825	672.128	672.431	672.734	673.037	673.341	673.644	673.947	674.249	674.552	674.855	675.158	675.461	675.764	676.067	676.369	676.672	676.975	677.278	677.581	677.884	678.185	678.488	678.791	679.094
-10	28.0851	26.9173	25.5791	24.3352	23.1874	22.1466	21.1833	20.1826	19.2552	18.3904	17.5898	16.8269	16.2172	15.5788	14.9451	14.3922	13.905	13.3279	12.7939	12.2162	11.6631	11.1289	10.6061	10.3273	10.0684	10.3694	9.88667	9.42397	8.92145	8.28584	7.20753	6.48458	5.92828	5.528	5.19356	4.82365	4.5251	4.21436	3.81642	3.54978	3.24706	2.95526	2.7346	2.53672	2.41637	2.2272	2.03885	1.81518	1.6481	1.51962	1.52536	1.60164	1.57211	1.46927	1.34251	1.19186	0.958338	0.716164	0.548826	0.425302	0.253299	0.19321	0.112413	0.0527467	-0.0237463	-0.124082	-0.166313	-0.143895	-0.130712	-0.0636466	0.0372589	-0.00585501	-0.163616	-0.229534	-0.325734	-0.374973	-0.321091	-0.230224	0.0226881	0.161991	0.248511	0.302951	0.289486	0.418763	0.538558	0.707999	0.932173	1.14717	1.19469	1.10916	0.968642	0.85555	0.830624	0.832317	0.901156	1.05828	1.28824	1.55833	1.78067	2.01859	2.26221	2.36055	2.45643	2.53259	2.54409	2.60583	2.62339	2.62474	2.64901	2.7193	2.80443	2.91153	3.03498	3.16395	3.28327	3.34981	3.36266	3.40101	3.48931	3.63324	3.72139	3.72574	3.76055	3.82662	3.90743	4.03728	4.31251	4.55376	4.74684	4.88993	4.97457	4.82769	4.82198	4.83483	4.8209	4.76336	4.69579	4.78084	4.85675	4.83665	4.79072	4.81823	4.76701	4.76846	4.71629	4.65101	4.61095	4.72324	4.82368	4.99426	5.23166	5.53969	5.78505	6.2068	6.38696	6.63418	6.76914	6.80105	6.8153	6.86782	6.70442	6.74987	6.89967	7.19764	7.51797	7.90293	8.41969	8.99828	9.43896	9.83391	10.1923	10.4467	10.5179	10.5533	10.3691	10.2764	10.152	10.0684	10.1163	10.0819	10.0592	10.0109	10.0344	9.89851	9.8036	9.86881	10.0839	10.1245	10.1326	10.1783	10.1604	10.084	10.0073	9.89446	9.80433	9.66192	9.59753	9.52802	9.55402	9.56407	9.50827	9.5176	9.54687	9.55691	9.57796	9.52552	9.45211	9.49281	9.57717	9.62349	9.64668	9.61653	9.51954	9.44026	9.35428	9.21848	9.11784	9.00438	8.95559	8.86813	8.82635	8.7666	8.77209	8.75436	8.54145	8.29074	8.33991	8.32411	8.24769	8.10558	7.89242	7.67355	7.47083	7.26142	7.0908	6.91558	6.73923	6.37116	5.86852	5.57057	5.45905	5.31615	5.21382	5.08581	4.97887	4.95655	4.9241	4.8708	4.80134	4.65608	4.34559	3.99993	3.93158	3.95281	3.87909	3.73165	3.63734	3.49297	3.3964	3.22932	3.14853	3.11529	3.036	2.96558	2.9035	2.71024	2.63451	2.43311	2.23329	2.01856	1.82061	1.72986	1.66451	1.68576	1.63905	0.685771	0.372135	0.130674	0.00219591	-0.0733403	-0.123226	-0.166255	-0.0996461	-0.096547	-0.0513281	-0.00502826	0.113664	0.226715	0.360338	0.51655	0.627761	0.737954	0.776836	0.804486	0.733809	0.656887	0.635398	0.551331	0.466304	0.43462	0.366735	0.372195	0.361587	0.231116	0.195437	0.196682	0.199804	0.253008	0.273119	0.151133	0.0477657	-0.00521819	-0.0336375	-0.0987736	-0.241471	-0.285853	-0.28479	-0.310749	-0.378163	-0.407625	-0.467764	-0.489991	-0.577061	-0.532508	-0.402895	-0.257197	-0.100084	0.0934091	0.182028	0.203621	0.242334	0.295061	0.38308	0.47904	0.618656	0.83693	1.02028	1.31879	1.62561	1.92813	2.35361	2.69221	3.06993	3.39886	3.69376	3.95733	4.1772	4.34809	4.46939	4.73421	4.92114	5.27966	5.64742	5.93092	6.08571	6.43196	6.70232	7.17569	7.74315	8.50035	9.34592	10.1141	11.0816	12.111	13.2104	14.1594	15.0622	15.9403	16.9664	18.1744	19.36	20.5355	21.659	22.8493	23.8531	24.7189	25.642	26.5773	28.0999	29.6498	31.3348	32.7746	34.2878	35.9342	37.4846	38.6031	39.8901	41.3701	42.7881	44.226	46.4022	47.8497	49.2019	50.5182	51.7753	52.9783	54.1309	55.393	56.5605	57.6509	58.7207	59.6653	60.6188	61.3749	62.2148	62.7414	63.2421	63.8157	64.0385	64.1147	64.1439	63.7265	63.1154	62.284	61.6377	60.9622	60.3954	59.634	58.8546	58.1802	57.7289	57.4418	57.1167	56.8305	56.3789	55.5849	54.5463	53.3844	51.8201	50.3193	48.6251	46.7927	44.9384	43.3627	42.0977	40.8616	39.8279	38.7131	37.8566	37.1448	36.5903	35.9112	35.2326	34.4524	33.6831	32.9095	31.9939	31.0861	30.3366	29.8763	29.1651	27.7779	26.34	25.1212	24.0999	23.4353	23.6185	23.2657	22.7895	22.2552	21.3204	20.2906	19.4569	19.0227	19.0474	18.9779	18.5636	18.0617	17.603	17.1071	16.6396	16.1219	15.5767	14.3791	13.744	13.5552	13.0831	12.6883	12.7859	12.9547	13.0955	13.4379	14.0138	14.0749	13.9488	13.8077	13.4171	12.8329	12.0175	11.4655	10.3396	9.55762	8.78837	8.14266	7.4367	7.13419	6.74908	7.32261	7.01901	6.74021	6.60802	6.53611	6.53847	6.54443	6.39931	6.23073	6.03692	5.84465	5.57794	5.33199	5.11839	4.95954	4.67414	4.40262	4.10918	3.77297	3.46763	3.13983	2.86646	2.63574	2.4382	2.37006	2.26499	2.29961	2.38059	2.45852	2.44951	2.46127	2.513	2.63839	2.69518	2.6432	2.76044	2.91729	3.13635	3.40694	3.4361	3.27039	3.09889	3.03541	2.79095	2.41593	2.14337	1.89968	1.69054	1.39271	1.07363	0.859232	0.609107	0.406476	0.138953	-0.0988731	-0.244982	-0.31693	-0.318692	-0.197353	-0.110398	-0.139187	-0.0171388	0.0949065	0.173056	0.294521	0.35844	0.402841	0.358263	0.388774	0.542568	0.659037	0.944712	1.02269	1.04871	1.06997	1.07644	1.07417	0.721256	0.609448	0.489041	0.490256	0.430023	0.164579	-0.375014	-0.607106	-0.756701	-0.792747	-0.594643	-0.665919	-0.668595	-0.53947	-0.450323	-0.333535	-0.13283	0.591877	0.871808	1.17174	1.16906	0.814496	0.763817	0.652129	0.592108	0.570772	0.546041	0.586763	0.656691	0.802661	0.812522	0.74939	0.743031	0.72217	0.737043	0.756314	0.809905	0.935513	0.836305	0.617247	0.406152	0.308142	0.242182	0.23646	0.279048	0.207746	0.12999	0.0641616	0.143995	0.215261	0.295115	0.386068	0.455004	0.482432	0.469771	0.426623	0.37831	0.279688	0.00978168	-0.17032	-0.315329	-0.253717	-0.180585	-0.218984	-0.177659	0.012006	0.377161	0.598088	0.694849	0.772471	0.843189	0.912605	0.951283	0.984966	1.00083	1.1206	1.11227	1.05188	0.733878	0.518189	0.337744	0.176289	0.0790455	-0.0125315	-0.040283	-0.0466662	-0.0422845	0.030222	0.159426	0.327244	0.642773	0.936841	1.22022	1.51551	1.78839	1.94931	2.01034	1.91396	1.85651	1.64344	1.43217	1.23719	0.806516	0.518397	0.377356	0.192531	0.0192096	-0.10096	-0.152948	-0.091415	0.16906	0.478106	0.806085	1.11088	1.4277	1.38941	1.2531	0.803978	0.614052	0.377771	0.199065	0.0644439	0.242279	0.437772	0.67216	0.95635	0.980623	0.992175	0.993792	0.915318	0.879957	0.821003	0.718538	0.505396	0.370987	0.249604	0.0667567	-0.029503	-0.177815	-0.481451	-0.624371	-0.63033	-0.61736	-0.534711	-0.623431	-0.60483	-0.583735	-0.510786	-0.406953	-0.309675	-0.177362	-0.0301855	0.0268092	0.00680642	0.0606737	0.0528368	0.00146007	-0.0398134	-0.298288	-0.432078	-0.462555	-0.542616	-0.624843	-0.665866	-0.734603	-0.854926	-1.02141	-0.976074	-0.873322	-0.678978	-0.473358	-0.291077	-0.0307099	0.267735	0.524966	0.71541	0.863904	0.943554	0.944093	0.876595	0.881629	0.808168	0.664883	0.476814	0.438319	0.365556	0.376823	0.401476	0.396314	0.42808	0.543858	0.607608	0.660815	0.698564	0.657628	0.472735	0.432119	0.440677	0.181335	0.102604	-0.0108091	0.0527565	0.224381	0.551409	0.75039	0.845763	0.970935	0.921909	1.08162	0.237654	-0.0955199	0.00956193	0.761754	1.06031	1.18727	1.21326	1.23331	1.196	1.11396	0.989096	0.889023	0.782577	0.66922	0.608029	0.597393	0.58446	0.558995	0.569415	0.512526	0.452112	0.462293	0.567244	0.685255	0.73015	0.843298	1.0087	1.13281	1.25487	1.345	1.48342	1.55663	1.73726	1.76403	2.04002	2.19709	2.46388	2.78995	3.08136	3.42271	3.6844	4.1362	4.54973	5.01856	5.40151	5.75977	6.03597	6.26386	6.53718	6.84646	6.94794	6.86647	6.67569	6.54001	6.35299	6.13475	5.9408	5.83213	5.8	5.96287	6.07985	6.32565	6.64487	7.02206	7.29475	7.73416	8.11487	8.56572	9.00404	9.50631	10.0764	10.6289	11.1782	11.807	12.152	12.3712	12.4697	12.5128	12.687	12.7827	12.8118	12.8586	12.9162	13.1054	13.2914	13.5419	13.7392	13.9284	14.1031	14.2269	14.3819	14.5519	14.5768	14.8018	14.9564	14.5451	14.0251	13.2121	12.2589	11.4419	10.3678	9.05639	8.04676	7.05381	6.31329	5.85371	5.59767	6.1079	6.41429	6.64025	7.10444	7.37278	7.60211	7.76987	8.0085	8.01975	8.00917	7.8446	7.69374	7.55642	7.37736	7.153	6.91867	6.80756	6.5514	6.29803	5.99418	5.72585	5.41641	4.95532	4.47306	3.983	3.52745	3.08663	2.63635	2.21	1.89382	1.55745	1.2949	1.02066	0.801288	0.577337	0.499841	0.341173	0.222511	0.145487	0.0905207	-0.0226793	-0.299059	-0.478484	-0.614019	-0.658769	-0.589758	-0.505923	-0.410454	-0.316166	-0.232528	-0.19972	-0.124642	0.00437372	0.154507	0.27023	0.369139	0.442483	0.43945	0.332089	0.222783	0.12899	0.0519697	0.0635734	0.00901012	-0.0148609	-0.102666	-0.160468	-0.187272	-0.216032	-0.129	0.00445929	0.196377	0.420743	0.773903	0.980364	1.20974	1.47819	1.7014	1.93963	1.50594	1.50722	1.60925	1.68001	1.76076	1.81424	1.76979	1.77923	1.72692	1.50988	1.38346	1.12449	0.951748	0.803742	0.765743	0.754093	0.761778	0.816335	0.80246	0.831149	0.804863	1.02133	1.03108	0.924682	0.839069	0.742926	0.614694	0.43962	0.348019	0.21656	0.165303	0.112616	0.184713	0.168311	0.224881	0.166135	0.0499477	-0.10069	-0.288799	-0.345536	-0.379797	-0.34568	-0.310507	-0.256326	-0.123793	0.0423397	0.276216	0.670769	1.16538	1.54828	1.9915	2.44387	2.85784	2.27878	1.47995
-9	31.7325	31.3624	30.7931	30.1913	29.4439	28.6472	27.6938	26.6987	25.6813	24.5637	23.426	21.7319	20.9074	20.2255	19.5724	18.937	18.4923	17.9662	17.1901	16.466	15.7468	15.1436	14.5228	13.8939	13.2332	12.5627	11.8796	11.2843	10.7254	10.0779	9.44743	8.82248	8.28	7.7639	7.32229	6.88777	6.47234	6.0142	5.58617	5.17321	4.87574	4.60466	4.38712	4.20293	3.97937	3.7028	3.4289	3.11246	2.75904	2.48638	2.37902	2.22535	2.09779	1.99295	1.86858	1.76219	1.64186	1.44613	1.17052	0.891183	0.634961	0.414474	0.18302	0.000709516	-0.197168	-0.337558	-0.404972	-0.473199	-0.478932	-0.432133	-0.305293	-0.218887	-0.110383	-0.0370378	0.0204464	0.069692	0.166273	0.257439	0.294934	0.329501	0.385529	0.432809	0.417149	0.388554	0.336031	0.227507	0.0319899	-0.130729	-0.294253	-0.410842	-0.468817	-0.449934	-0.301654	-0.133894	-0.0233576	0.111756	0.247688	0.410119	0.586512	0.706723	0.855887	1.03653	1.22322	1.37967	1.50131	1.52525	1.42491	1.42485	1.43051	1.46151	1.54051	1.63949	1.70571	1.75975	1.76882	1.65683	1.51558	1.47716	1.4613	1.53004	1.67502	1.67377	1.67729	1.74702	1.7597	1.82338	1.86472	1.9487	2.04706	1.99725	1.97972	1.95577	2.02397	2.13337	2.2668	2.44672	2.643	2.81994	2.96229	3.25348	3.37042	3.47026	3.58377	3.73233	3.80914	3.84422	3.94112	3.99289	4.04242	4.14937	4.24957	4.41709	4.5248	4.66446	4.68829	4.71595	4.76977	4.84851	4.94028	5.05812	5.22736	5.52179	5.82979	6.16162	6.52146	6.88622	6.9632	7.01219	7.49904	7.94579	8.39684	8.77319	8.95531	9.11667	9.24692	9.38246	9.53074	9.6594	9.78228	9.8989	10.0195	10.105	9.99857	9.61002	9.22281	8.83073	8.52688	8.3327	8.25386	8.26787	8.38196	8.51419	8.43122	8.35913	8.32022	8.31262	8.28393	8.46103	8.66346	8.8821	9.10192	9.29033	9.2898	9.2458	9.10498	8.926	8.7136	8.43946	8.00298	7.55557	7.11223	6.80619	6.57398	6.44711	6.39998	6.49736	6.72956	7.06039	7.26264	7.14965	6.87576	6.62697	6.45035	6.33503	6.2489	6.14345	6.13333	6.16115	6.22001	6.11362	5.98629	5.65915	5.37244	5.15923	5.03576	5.04152	5.26602	5.54917	5.77057	5.61045	5.46071	5.3269	5.01779	4.52363	3.77962	3.25285	2.95681	2.88541	3.10679	3.22955	3.24472	3.05011	2.93896	2.73137	2.57273	2.47271	2.38715	2.35621	2.2722	2.22632	2.20864	2.18678	2.15537	2.14765	2.06759	1.96397	1.80631	1.52468	1.31856	1.11288	1.03258	0.952254	0.931875	0.875295	0.849931	0.840852	0.750284	0.718538	0.662301	0.390063	0.122546	-0.116868	-0.114328	-0.0554164	0.0965239	0.512554	0.908697	1.25742	1.33841	1.30957	1.24148	1.16966	1.09919	1.00683	0.932198	0.856063	0.818413	0.677334	0.49614	0.270064	0.0905312	-0.177591	-0.520501	-0.731866	-0.848998	-0.916228	-1.01174	-0.993249	-0.952282	-0.838248	-0.629279	-0.339603	-0.616501	-0.554556	0.394986	0.552667	0.612039	0.634132	0.546378	0.58321	0.647378	0.706032	0.772881	0.870548	0.89948	0.891827	0.894509	0.921285	0.996497	1.16103	1.36091	1.58022	1.88057	2.09436	2.09487	2.25097	2.40198	2.60038	2.81826	3.09219	3.36884	3.72416	4.06283	4.40733	4.85193	5.16263	5.60436	5.85791	6.37593	6.76049	7.13446	7.60107	8.18202	8.79642	9.50356	9.9738	10.414	10.8902	11.4858	11.9435	12.4085	13.1172	13.889	14.694	15.621	16.5807	17.6168	18.5672	19.4624	20.4257	21.3729	22.4324	23.5277	24.7742	26.1119	27.5924	29.1065	30.6223	32.1334	33.5157	35.0577	36.7823	38.6497	40.4976	42.2887	44.056	45.5545	47.0967	48.6375	50.1939	51.931	53.6024	55.2128	56.5056	57.7105	58.8456	59.9763	61.0869	62.2529	63.3393	64.4483	65.3192	66.1265	66.9322	67.724	68.4832	69.2383	69.7441	70.2083	70.382	70.2564	69.8255	69.2924	68.7966	68.1994	67.2165	66.2202	65.1538	64.2835	63.4723	62.9538	62.4655	61.7305	61.0326	60.3048	59.493	58.3939	57.2114	56.1836	54.6904	53.0356	51.5094	50.4234	49.9926	49.0544	48.0658	47.0886	46.1271	45.0979	43.9684	42.954	41.8958	40.4551	39.223	38.0384	36.9225	35.8444	34.8042	33.8243	32.8553	31.9582	31.0415	30.0023	28.9628	27.9948	27.0245	26.2875	25.4988	24.9508	24.2255	23.4343	22.5877	21.6457	20.8224	19.9699	19.2482	18.6395	18.1536	17.764	17.3878	17.0782	16.7586	16.4613	16.4076	16.4727	16.5211	16.5807	16.6358	16.6453	16.5361	16.5671	16.501	16.341	16.0502	15.753	15.3007	14.8532	14.2643	13.4636	12.6138	11.7339	10.8601	10.0897	9.36923	8.64779	8.00695	7.47965	7.05505	6.90906	6.85592	6.88069	6.9695	7.0294	7.14105	7.25562	7.39507	7.45141	7.43283	7.33761	7.07607	6.66997	6.12002	5.74658	5.43998	5.17706	4.94682	4.68176	4.76158	4.34245	3.95841	3.62844	3.35763	3.14376	2.98465	2.89276	2.91316	2.87449	2.68518	2.61254	2.58816	2.67068	2.76893	2.74862	2.83774	2.93001	2.9341	2.95306	3.00974	2.91587	2.74401	2.56521	2.33794	2.17607	2.02673	1.85345	1.5445	1.06746	0.617759	0.37066	0.158402	-0.000105322	-0.0628562	-0.0548385	0.0162145	0.156054	0.349602	0.582913	0.963802	1.36013	1.72675	1.47048	1.23233	1.01227	0.842408	0.555271	0.387313	0.329426	0.283963	0.281962	0.410321	0.421181	0.398074	0.348734	0.326095	0.240981	0.115181	0.0219183	-0.102349	-0.220064	-0.3659	-0.486842	-0.516402	-0.515334	-0.579	-0.5598	-0.533601	-0.488877	-0.436892	-0.338142	-0.220037	-0.092829	0.0279	0.00511352	-0.110511	-0.229114	-0.26377	-0.309252	-0.388009	-0.476709	-0.540071	-0.581262	-0.617181	-0.552907	-0.475723	-0.352663	-0.193126	-0.124412	-0.11033	-0.0797991	-0.0356322	0.0112124	0.0766608	0.143258	0.220632	0.289951	0.360476	0.420878	0.470234	0.484676	0.168704	0.0818107	0.0598644	0.0581704	0.0556471	0.069374	0.084721	0.0447363	-0.0498568	-0.102165	-0.185495	-0.377236	-0.414863	-0.329557	-0.230935	-0.0798618	0.0236993	-0.00893491	-0.034391	-0.0377113	-0.0361188	-0.00814183	0.0651864	0.207975	0.337988	0.467547	0.576355	0.684449	0.772056	0.778177	0.738888	0.653925	0.540929	0.49518	0.440501	0.356318	0.319143	0.31403	0.355212	0.395566	0.451504	0.513977	0.554728	0.55296	0.611702	0.694323	0.796269	0.849467	0.759317	0.463533	0.276671	0.296708	0.441695	0.725966	0.839745	0.949829	1.05314	1.23824	1.52371	1.22921	0.948296	1.15285	0.979826	0.424183	0.18412	0.0247905	-0.038189	0.0559322	0.0757225	0.0839178	0.156396	0.149183	0.152589	0.0350861	-0.0319896	-0.092068	-0.0157085	0.115235	0.250965	0.365623	0.503723	0.629431	0.746159	0.923867	1.02706	1.12286	1.04871	0.966609	0.882763	1.00824	0.993182	0.904537	0.760745	0.581677	0.335694	0.0934577	-0.0568059	-0.22954	-0.406859	-0.563453	-0.719855	-0.973345	-1.21096	-1.35487	-1.47534	-1.5271	-1.52834	-1.48849	-1.40507	-1.3088	-1.17755	-1.02668	-0.839458	-0.629385	-0.417911	-0.159098	0.133865	0.445131	0.692713	0.798689	0.738894	0.715759	0.618155	0.536124	0.489499	0.519248	0.586207	0.653276	0.668453	0.759562	0.458389	0.216333	0.140072	1.1558	1.45865	1.57977	1.56394	1.58321	1.53883	1.41921	1.34783	1.33954	1.30003	1.27179	1.26638	1.32402	1.39836	1.40825	1.44154	1.53243	1.66195	1.71796	1.81632	1.92063	1.99644	2.14746	2.26723	2.50376	2.73386	2.79342	2.78958	2.78965	2.75619	2.70906	2.50447	2.20043	1.94639	1.74671	1.64066	1.92365	1.79046	1.69153	1.66888	1.64875	1.62089	1.71194	1.85536	2.04329	2.20339	2.42099	2.67311	2.79123	2.89307	3.00695	3.14138	3.26805	3.43831	3.58959	3.70104	3.8592	3.99681	4.1279	4.21081	4.30446	4.41948	4.47639	4.48191	4.57816	4.68354	4.69184	4.74831	4.88474	5.1415	5.46288	5.79692	6.26808	6.79418	7.19442	7.73502	8.2322	8.47841	8.61115	8.71677	8.84783	8.89476	8.95943	9.13637	9.21361	9.43337	9.67344	10.0457	10.4866	11.031	11.4603	11.6933	11.9483	12.2273	12.5702	12.9557	13.3799	13.8439	14.2922	14.6736	15.0038	15.2874	15.4887	15.6414	15.7425	15.8192	15.8629	15.89	15.8041	15.7268	15.72	15.7919	16.0106	16.3679	16.8104	17.033	17.1948	17.364	17.5868	17.8347	18.1334	18.3751	19.0748	19.6361	20.1052	20.6806	20.599	20.0525	19.1393	17.9997	15.8213	14.493	13.5573	12.8156	12.3017	11.6312	10.909	10.3919	10.0799	9.9477	10.0088	10.1948	10.3089	10.8896	11.2531	11.5205	11.7131	11.8184	11.8331	11.8505	11.7912	11.6331	11.3883	10.9982	10.5239	9.99148	9.36203	8.67541	7.88836	6.93729	5.85199	4.76685	3.7601	2.91571	2.41883	1.78833	1.23072	0.760696	0.346728	0.311767	0.338334	0.345516	0.36619	0.402913	0.440404	0.506324	0.536742	0.400945	0.311932	0.151169	-0.485258	-0.722242	-0.802721	-0.981506	-1.00934	-1.04855	-1.13129	-0.966686	-0.685136	-0.309245	0.0998386	0.494287	0.665713	0.67948	0.803297	0.901139	0.9766	1.00195	0.984158	0.959891	0.939707	0.723183	0.600262	0.517159	0.372106	0.315851	0.356111	0.257351	0.122301	0.017405	-0.0686172	0.127308	0.393783	0.694037	0.967756	1.17189	1.35253	1.51346	1.67885	1.69958	1.67696	1.62996	1.60401	1.54904	1.44495	1.34215	1.23293	1.13693	1.04537	0.951148	0.938217	0.832233	0.767727	0.73121	0.72261	0.682146	0.659326	0.610134	0.448888	0.299961	0.19956	0.0139351	-0.162587	-0.237438	-0.286195	-0.282971	-0.244479	-0.250549	-0.231356	-0.237938	-0.203009	-0.212526	-0.216894	-0.187903	-0.132078	-0.103977	-0.0716466	-0.0289209	0.0314702	-0.00780153	-0.0383651	-0.0399145	-0.0264079	0.0721714	0.17366	0.288074	0.429397	0.659355	1.00717	2.15913	2.80195	3.46943
-8	38.8063	38.5601	37.8943	37.0148	35.8724	34.6598	33.1634	31.7524	30.3144	29.0387	27.9148	26.9807	25.999	24.9281	23.9262	22.9941	22.0821	21.1763	20.3069	19.5664	18.8457	18.0883	17.2089	16.243	15.2797	14.4103	13.5773	12.7492	12.0253	11.3833	10.8162	10.2017	9.66419	9.14947	8.64356	8.20827	7.80233	7.34605	6.82582	6.37791	5.87773	5.40517	4.76901	3.98561	3.21917	2.5115	1.88081	1.37811	0.926675	0.599253	0.343689	0.163651	0.0544591	0.00721388	0.0222837	0.0907035	0.208037	0.365074	0.475528	0.565488	0.779542	0.793786	0.714403	0.534125	0.405	0.219579	0.0342467	-0.11588	-0.350694	-0.584849	-0.752423	-0.879966	-1.0134	-1.04896	-0.956271	-0.806602	-0.644977	-0.480802	-0.288504	-0.0921232	0.0373492	0.141952	0.243383	0.332285	0.416488	0.489136	0.555804	0.611811	0.660401	0.698047	0.725376	0.855071	0.914014	1.09749	1.30016	1.78758	1.94541	2.07901	2.19522	2.28001	2.28524	2.25867	2.23204	2.2064	2.19147	2.20614	2.37828	2.58469	2.85368	3.15013	3.47752	3.68894	3.74388	3.85321	3.9845	4.10647	4.31025	4.52078	4.71481	4.94004	5.12126	5.28234	5.30341	5.28831	5.22562	5.04956	4.8472	4.61479	4.40268	4.22185	4.23816	4.35637	4.58625	4.91117	5.3146	5.49079	5.66678	5.73934	5.84667	6.02567	6.24034	6.45544	6.74758	6.89401	7.06887	7.18175	7.1756	7.19641	7.34932	7.60103	7.89543	8.25842	8.5039	8.6472	8.77804	9.01769	9.31953	9.67551	10.0152	10.4294	10.8503	11.2907	11.7607	12.1559	12.5744	13.0018	13.2898	13.4013	13.4384	13.4739	13.515	13.586	13.6721	13.7973	13.9575	14.1334	14.4126	14.675	14.9716	15.1283	15.0733	15.0021	14.9106	14.8158	14.7126	14.6143	14.4765	14.321	14.168	14.0559	14.026	14.032	13.9606	13.8727	13.7874	13.7055	13.6275	13.5525	13.483	13.39	13.3567	13.2996	13.2495	13.2171	13.1807	13.1675	13.1465	13.154	13.1543	13.1728	13.1857	13.1457	12.9985	12.7314	12.4234	12.1353	11.8221	11.5443	11.2683	10.8791	10.4046	10.1516	9.90208	9.56559	9.29338	9.05893	9.02236	9.12684	9.31761	9.50505	9.55264	9.53705	9.49078	9.23021	8.90533	8.49791	8.10323	7.68551	7.41501	7.24032	7.04687	6.91399	7.1208	7.16304	7.09273	7.00643	6.92279	6.84444	6.77365	6.71695	6.61517	6.4585	6.20089	5.72351	5.15223	4.81701	4.64842	4.54666	4.49679	4.43453	4.40859	4.37084	4.27989	4.10638	4.05654	4.10051	4.31904	4.1812	3.94642	3.71378	3.51687	3.32013	3.13353	2.96119	2.80366	2.66144	2.54004	2.43311	2.3455	2.28198	2.24866	2.19943	2.10629	2.10376	2.08593	2.06906	2.08454	2.11584	2.11261	2.05443	1.90362	1.76554	1.55531	1.32	1.11995	0.930463	0.725264	0.501098	0.37213	0.234352	0.2021	0.258137	0.344178	0.326033	0.144552	0.0168454	-0.0730324	-0.171767	-0.250029	-0.383036	-0.614602	-0.701324	-0.667142	-0.780493	-0.76555	-0.708001	-0.618364	-0.499417	-0.354251	-0.207976	-0.0605219	0.0878267	0.23317	0.38424	0.518596	0.563416	0.625941	0.631705	0.726003	0.807505	0.941066	1.0555	1.196	1.37652	1.56373	1.74304	1.87964	2.03454	2.2593	2.50152	2.85416	2.97033	3.07722	3.17421	3.25428	3.22052	3.19221	3.23454	3.72811	4.18891	4.56779	4.86486	5.21187	5.62235	6.08405	6.58742	7.14429	7.75514	8.45044	9.29284	10.1852	11.1216	11.9244	12.7897	13.7512	15.0528	16.4221	16.8098	18.2164	19.5257	21.4044	22.6402	23.7793	22.7276	25.7032	26.6895	27.6076	28.6569	29.8206	31.1435	32.6393	34.1294	35.6311	36.9854	38.4942	40.181	41.8078	43.4932	45.1007	46.8898	48.8917	51.0824	53.2772	55.3546	57.2029	58.5335	59.7764	60.8769	61.835	62.6272	63.3343	63.9271	64.8443	65.5356	66.7772	67.5781	68.1817	68.0138	67.5178	67.2359	66.907	66.5039	65.9194	65.1835	64.37	63.4818	62.6896	61.7623	60.9685	60.7766	60.8688	60.7175	60.4294	59.7195	59.0992	58.2401	57.4205	56.3252	55.1881	53.9007	52.2874	50.8488	49.392	48.0797	46.6793	45.3474	44.2386	42.9474	41.8183	40.7425	39.7039	38.688	37.548	36.4332	35.1761	34.0007	32.8513	31.8604	30.7831	29.8495	28.8668	27.9145	27.0313	26.3545	25.6876	24.9448	24.3517	23.6855	22.9068	22.1066	21.3487	20.646	19.9708	19.2086	18.3914	17.6485	17.027	16.515	16.1128	15.7213	15.3094	15.038	15.0062	15.0947	15.2006	15.3122	15.1007	14.8872	14.686	14.4961	14.3309	14.2145	14.1298	14.0679	14.0318	13.9646	13.6482	12.9707	12.1893	11.4691	10.7675	10.1329	9.62748	9.28122	8.93902	8.5298	8.1713	7.87573	7.65779	7.41987	7.22514	7.08962	6.8906	6.72391	6.59585	6.3771	6.0112	5.62705	5.0735	4.43309	3.88695	3.41038	2.9361	2.55906	2.30107	2.14536	2.01595	1.82929	1.81319	1.80582	1.84892	1.99949	2.04643	2.12134	2.13998	2.08327	2.09245	2.05403	1.85298	1.6183	1.35165	1.1428	1.10107	1.05113	0.99961	1.00626	1.03463	1.09902	1.24425	1.22337	1.13402	1.01566	0.920372	0.797023	0.618354	0.45463	0.306788	0.132933	0.0856518	0.0555642	0.0429853	0.0683353	0.0977065	0.099768	0.0963735	0.0916628	0.091001	0.0809683	0.0211161	-0.0164176	-0.0435355	-0.0655667	-0.0795716	-0.0892099	-0.0956862	-0.106517	-0.0952227	-0.0903786	-0.0398144	0.0100247	0.0684939	0.125385	0.190367	0.260081	0.327639	0.396527	0.451881	0.414414	0.320227	0.193615	0.0886764	-0.0177702	-0.165152	-0.218633	-0.234535	-0.205515	-0.198409	-0.159246	-0.0624347	-0.0325114	-0.0491149	-0.035195	-0.0181871	-0.0120465	-0.0613048	-0.0958658	-0.114836	-0.202567	-0.246435	-0.289016	-0.338245	-0.353544	-0.325971	-0.248764	-0.0504204	0.0986375	0.239386	0.368062	0.361034	0.379698	0.429381	0.570809	0.687478	0.692406	0.472576	0.251923	-0.084623	-0.249927	-0.355629	-0.502208	-0.624144	-0.791208	-0.796571	-0.751426	-0.633595	-0.472112	-0.42812	-0.37172	-0.297977	-0.217916	-0.158651	-0.136432	-0.104672	-0.0600898	-0.00136055	0.0759792	0.168712	0.287089	0.426817	0.588904	0.77388	0.987524	1.15911	1.20838	1.26071	1.35273	1.42833	1.5156	1.59638	1.68613	1.84067	1.98451	2.11097	2.12884	1.93024	1.7291	1.67881	1.6419	1.59844	1.50424	1.38148	1.29497	1.23196	1.24066	1.32907	1.35957	1.32696	1.18863	1.10024	0.954515	0.779854	0.604666	0.216178	-0.218167	-0.583136	-0.628581	-0.577637	0.110684	0.216199	0.311387	0.458109	0.432264	0.469681	0.517388	0.604955	0.658557	0.680301	0.734586	0.775467	0.662164	0.568909	0.498061	0.44836	0.534723	0.569499	0.582049	0.617177	0.653893	0.735531	0.850449	1.00896	1.14601	1.25328	1.20351	1.11931	0.848604	0.510613	0.185211	-0.0914497	-0.323735	-0.513837	-0.665753	-0.781996	-0.85532	-0.884108	-0.848489	-0.763346	-0.622555	-0.481025	-0.355958	-0.217514	-0.197109	-0.333725	-0.509273	-0.618894	-0.672192	-0.603425	-0.562076	-0.493908	-0.508282	-0.544955	-0.632059	-0.664544	-0.688663	-0.635507	-0.663069	-0.643464	-0.555569	-0.446889	-0.334205	-0.0161147	0.396336	0.560626	0.680818	0.805062	0.909558	1.11989	0.848008	0.493513	0.413543	0.553014	0.67729	0.706598	0.586125	0.447507	0.35447	0.347645	0.348274	0.376624	0.515402	0.702755	0.790302	0.85215	0.764753	0.653865	0.569543	0.48956	0.492342	0.500078	0.489907	0.385102	0.374873	0.52249	0.778895	1.28716	1.79937	2.12647	2.37009	2.47999	2.52771	2.4828	2.42588	2.35012	2.24482	1.91455	1.72875	1.61285	1.60043	1.59038	1.45547	1.3808	1.36838	1.41358	1.53966	1.66207	1.75138	1.85493	1.86797	1.79393	1.67098	1.5737	1.57801	1.72645	1.85452	1.93934	1.99317	2.02235	2.17018	2.23935	2.21324	2.19007	2.16106	2.15966	2.17154	2.21724	2.33306	2.46628	2.66316	2.94234	3.2793	3.68196	4.17	4.66507	4.96617	5.35851	5.80349	6.29368	6.8198	7.37413	7.92157	8.45309	8.81565	8.98123	9.18991	9.42525	9.56846	9.79341	10.1113	10.4871	10.8778	11.3109	11.8036	12.362	12.905	13.5821	14.1716	14.675	15.1675	15.6812	16.2085	16.7321	17.2489	17.7432	18.1913	18.6188	19.0777	19.49	19.8327	20.072	20.239	20.3777	20.4881	20.4598	20.4452	20.4664	20.5245	20.5325	20.4897	20.6904	20.9725	21.4333	21.8812	22.356	22.814	23.3255	23.7627	24.1323	24.7818	24.228	21.2512	19.53	17.8459	16.2364	14.5028	12.9083	11.6168	10.616	10.7998	10.182	9.93484	10.0062	10.0977	10.2025	10.6014	10.8813	11.1951	11.57	11.9243	12.3151	12.6131	12.7356	12.735	12.5887	12.3223	11.7989	10.7012	9.66141	8.62351	7.55613	6.46766	5.32869	4.31386	3.45365	2.79386	2.33058	2.04403	1.89771	1.80171	1.54793	1.01208	0.630318	0.401089	0.186986	0.0995063	0.0391179	-0.0915001	-0.183678	-0.443946	-0.554193	-0.554289	-0.557439	-0.551269	-0.541187	-0.526822	-0.509012	-0.507916	-0.468996	-0.384089	-0.298062	-0.202742	-0.0925335	0.0302341	0.1652	0.308761	0.464272	0.635999	0.653065	0.471844	0.244401	0.0472781	-0.072727	-0.180899	-0.319395	-0.386323	-0.436352	-0.459825	-0.497655	-0.488506	-0.382827	-0.201554	-0.021664	0.15705	0.269269	0.372425	0.501186	0.572424	0.66139	0.72529	0.68267	0.63768	0.587655	0.547222	0.457962	0.470096	0.495856	0.534348	0.620193	0.729587	0.694157	0.671273	0.652198	0.652566	0.714905	0.807474	0.922025	1.01317	1.07372	1.10122	1.10984	1.12143	1.07431	0.96624	0.741826	0.531399	0.259707	0.0717393	0.0210961	-0.033782	-0.00855409	-0.0219668	-0.0630589	-0.0558079	0.0374536	0.108727	0.12802	-0.302881	-0.564235	-0.675203	-0.344115	-0.268611	-0.230772	-0.245945	-0.239584	-0.247064	-0.189342	0.0306517	0.297828	0.601076	0.939092	1.22656	1.59896	0.574396	0.592164	0.475662
