Acq. time (s)=	4
Accumulations=	3
Range=	Off
Autofocus=	Off
SWIFT=	Off
AutoExposure=	Off
Spike filter=	Multiple accum.
Delay time (s)=	0
Binning=	1
Readout mode=	Signal
DeNoise=	Standard
ICS correction=	On
Dark correction=	Off
Inst. Process=	On
Instrument=	LabRAM S3000
Detector=	Synapse
Objective=	x100
Grating=	1800
ND Filter=	25%
Laser (nm)=	632.81 
Spectro (cm-¹)=	520.984
Slit=	100.021
Hole=	1000.03
Microscope=	Principal
StageXY=	Märzhauser
StageZ=	Märzhauser
X (µm)=	-20
Y (µm)=	-20.1
Z (µm)=	-2415.3
Project=	
Sample=	
Site=	
Title=	SOP_200nm_SPIS_p0.25_map
Remark=	
Date=	17.06.2019 14:19
Operator=	
Acquired=	17.06.2019 14:19:53
Base:Sub=	17.06.2019 14:21:43
		358.033	358.357	358.684	359.008	359.333	359.659	359.983	360.309	360.634	360.959	361.285	361.609	361.934	362.26	362.584	362.908	363.233	363.559	363.883	364.208	364.533	364.858	365.182	365.507	365.832	366.157	366.481	366.805	367.13	367.455	367.78	368.104	368.428	368.752	369.078	369.402	369.726	370.051	370.375	370.7	371.024	371.348	371.673	371.997	372.321	372.645	372.969	373.294	373.618	373.942	374.266	374.59	374.914	375.238	375.562	375.886	376.21	376.534	376.858	377.182	377.505	377.829	378.153	378.477	378.801	379.124	379.448	379.772	380.096	380.419	380.743	381.067	381.391	381.714	382.038	382.362	382.685	383.009	383.332	383.656	383.98	384.302	384.625	384.949	385.272	385.596	385.919	386.243	386.566	386.888	387.212	387.535	387.859	388.182	388.504	388.827	389.151	389.474	389.797	390.119	390.443	390.766	391.089	391.412	391.734	392.057	392.381	392.704	393.026	393.349	393.672	393.994	394.317	394.64	394.963	395.285	395.608	395.931	396.253	396.576	396.899	397.22	397.543	397.865	398.188	398.511	398.832	399.155	399.478	399.8	400.122	400.444	400.767	401.088	401.411	401.734	402.055	402.378	402.699	403.022	403.344	403.666	403.988	404.31	404.632	404.954	405.276	405.598	405.919	406.242	406.563	406.886	407.207	407.53	407.851	408.173	408.494	408.815	409.138	409.459	409.782	410.103	410.424	410.746	411.067	411.39	411.71	412.031	412.354	412.675	412.996	413.318	413.639	413.96	414.282	414.603	414.924	415.246	415.567	415.888	416.208	416.531	416.851	417.172	417.494	417.815	418.136	418.456	418.779	419.099	419.42	419.741	420.061	420.383	420.704	421.024	421.345	421.665	421.986	422.308	422.629	422.949	423.27	423.59	423.91	424.232	424.553	424.873	425.194	425.514	425.834	426.155	426.475	426.795	427.116	427.436	427.756	428.078	428.398	428.719	429.039	429.359	429.679	430	430.32	430.64	430.96	431.28	431.6	431.921	432.241	432.561	432.881	433.201	433.52	433.84	434.16	434.48	434.8	435.12	435.44	435.76	436.08	436.4	436.719	437.038	437.358	437.678	437.998	438.317	438.637	438.957	439.276	439.595	439.915	440.235	440.555	440.873	441.193	441.512	441.832	442.152	442.47	442.79	443.109	443.429	443.747	444.067	444.387	444.706	445.024	445.344	445.663	445.982	446.301	446.621	446.939	447.258	447.578	447.896	448.215	448.534	448.852	449.172	449.491	449.809	450.129	450.448	450.766	451.085	451.403	451.722	452.042	452.36	452.679	452.997	453.316	453.634	453.953	454.271	454.59	454.908	455.227	455.544	455.863	456.181	456.5	456.818	457.137	457.455	457.774	458.091	458.41	458.728	459.047	459.364	459.683	460.001	460.318	460.637	460.955	461.274	461.591	461.909	462.228	462.545	462.862	463.181	463.499	463.817	464.135	464.452	464.771	465.088	465.405	465.723	466.041	466.359	466.676	466.995	467.312	467.629	467.946	468.265	468.582	468.899	469.216	469.535	469.852	470.169	470.486	470.805	471.122	471.439	471.756	472.073	472.391	472.708	473.025	473.342	473.659	473.976	474.293	474.611	474.928	475.245	475.562	475.879	476.196	476.513	476.83	477.146	477.463	477.781	478.098	478.415	478.732	479.048	479.365	479.682	479.999	480.315	480.632	480.949	481.265	481.582	481.898	482.215	482.532	482.848	483.165	483.481	483.798	484.114	484.429	484.746	485.062	485.379	485.695	486.012	486.328	486.645	486.961	487.277	487.592	487.909	488.225	488.542	488.858	489.174	489.489	489.805	490.122	490.438	490.754	491.07	491.385	491.701	492.018	492.334	492.648	492.965	493.281	493.597	493.912	494.228	494.544	494.86	495.175	495.491	495.807	496.121	496.437	496.753	497.069	497.384	497.7	498.016	498.33	498.646	498.961	499.277	499.592	499.907	500.223	500.539	500.853	501.169	501.483	501.799	502.113	502.429	502.745	503.059	503.375	503.689	504.005	504.319	504.635	504.949	505.265	505.579	505.895	506.209	506.524	506.838	507.154	507.468	507.784	508.098	508.413	508.727	509.042	509.357	509.671	509.987	510.301	510.616	510.93	511.244	511.559	511.873	512.187	512.503	512.816	513.132	513.446	513.76	514.075	514.389	514.703	515.016	515.332	515.645	515.959	516.274	516.588	516.902	517.216	517.531	517.844	518.158	518.472	518.787	519.101	519.414	519.728	520.043	520.357	520.67	520.984	521.297	521.612	521.926	522.239	522.553	522.866	523.18	523.493	523.808	524.122	524.435	524.748	525.062	525.375	525.689	526.002	526.315	526.629	526.943	527.257	527.57	527.883	528.197	528.51	528.823	529.136	529.45	529.763	530.076	530.389	530.703	531.016	531.329	531.642	531.955	532.268	532.581	532.894	533.206	533.519	533.832	534.145	534.458	534.771	535.084	535.397	535.71	536.023	536.335	536.648	536.961	537.273	537.586	537.899	538.212	538.524	538.836	539.149	539.462	539.775	540.086	540.399	540.712	541.025	541.336	541.649	541.961	542.274	542.585	542.898	543.211	543.523	543.835	544.147	544.46	544.771	545.084	545.396	545.709	546.02	546.332	546.645	546.956	547.268	547.58	547.892	548.204	548.516	548.828	549.14	549.451	549.764	550.075	550.387	550.698	551.01	551.323	551.634	551.946	552.257	552.569	552.88	553.192	553.503	553.815	554.126	554.438	554.749	555.061	555.372	555.684	555.995	556.307	556.618	556.928	557.24	557.551	557.863	558.174	558.486	558.797	559.107	559.419	559.73	560.042	560.352	560.663	560.975	561.285	561.596	561.908	562.218	562.529	562.84	563.151	563.461	563.773	564.083	564.394	564.704	565.016	565.326	565.637	565.947	566.259	566.569	566.879	567.19	567.501	567.811	568.122	568.432	568.742	569.054	569.364	569.674	569.984	570.294	570.604	570.915	571.226	571.536	571.846	572.156	572.466	572.776	573.086	573.396	573.708	574.018	574.328	574.638	574.948	575.258	575.568	575.878	576.187	576.497	576.807	577.117	577.427	577.737	578.047	578.356	578.666	578.976	579.286	579.596	579.905	580.215	580.525	580.834	581.144	581.452	581.762	582.072	582.381	582.691	583.001	583.31	583.62	583.93	584.238	584.547	584.857	585.166	585.476	585.785	586.095	586.403	586.712	587.022	587.331	587.641	587.949	588.258	588.568	588.877	589.185	589.494	589.804	590.113	590.421	590.73	591.039	591.347	591.657	591.966	592.275	592.583	592.892	593.201	593.509	593.818	594.128	594.435	594.744	595.052	595.361	595.67	595.978	596.287	596.596	596.904	597.213	597.521	597.83	598.137	598.446	598.755	599.063	599.372	599.679	599.988	600.296	600.605	600.912	601.221	601.528	601.837	602.145	602.453	602.761	603.07	603.377	603.684	603.993	604.301	604.609	604.917	605.225	605.533	605.84	606.149	606.456	606.763	607.072	607.379	607.688	607.995	608.302	608.611	608.918	609.225	609.533	609.841	610.148	610.455	610.763	611.07	611.377	611.686	611.993	612.3	612.607	612.915	613.222	613.529	613.836	614.145	614.452	614.759	615.065	615.372	615.681	615.988	616.294	616.601	616.908	617.215	617.522	617.83	618.137	618.443	618.75	619.057	619.364	619.67	619.977	620.284	620.592	620.899	621.205	621.512	621.819	622.125	622.432	622.738	623.045	623.352	623.658	623.965	624.271	624.578	624.884	625.191	625.497	625.804	626.11	626.417	626.723	627.03	627.336	627.641	627.947	628.254	628.56	628.867	629.173	629.479	629.786	630.092	630.398	630.703	631.009	631.316	631.622	631.928	632.234	632.539	632.845	633.151	633.458	633.764	634.068	634.375	634.681	634.987	635.292	635.598	635.904	636.21	636.514	636.82	637.126	637.432	637.737	638.043	638.349	638.654	638.96	639.265	639.57	639.876	640.182	640.486	640.792	641.097	641.402	641.708	642.013	642.319	642.624	642.929	643.234	643.539	643.845	644.149	644.455	644.759	645.065	645.37	645.675	645.98	646.285	646.59	646.894	647.2	647.504	647.81	648.114	648.42	648.724	649.028	649.333	649.638	649.943	650.247	650.553	650.857	651.161	651.466	651.77	652.076	652.38	652.684	652.989	653.293	653.597	653.902	654.206	654.51	654.815	655.119	655.423	655.729	656.032	656.336	656.641	656.945	657.249	657.553	657.858	658.162	658.466	658.769	659.074	659.378	659.682	659.986	660.289	660.594	660.898	661.202	661.505	661.809	662.114	662.418	662.721	663.025	663.328	663.632	663.935	664.239	664.544	664.847	665.151	665.454	665.758	666.061	666.365	666.668	666.972	667.275	667.578	667.882	668.185	668.489	668.792	669.095	669.398	669.702	670.005	670.308	670.612	670.915	671.218	671.521	671.825	672.128	672.431	672.734	673.037	673.341	673.644	673.947	674.249	674.552	674.855	675.158	675.461	675.764	676.067	676.369	676.672	676.975	677.278	677.581	677.884	678.185	678.488	678.791	679.094
-20	-20.0732	25.5607	25.0092	24.4832	23.9671	23.5443	23.2303	22.7713	22.4098	21.9121	21.3737	20.5313	19.6274	18.6542	17.613	16.5678	15.5673	14.5943	13.5946	12.6207	11.6741	10.8149	10.1141	9.61112	9.12191	8.56658	8.00115	7.56182	7.16893	6.78538	6.38911	5.90484	5.57254	5.21964	4.79277	4.4222	4.08474	3.80889	3.51633	3.30671	3.05399	2.92632	2.66315	2.38467	2.13547	2.00861	1.83423	1.68164	1.58488	1.3705	1.14815	0.959396	0.704347	0.518905	0.394937	0.239261	0.0490782	-0.0897627	-0.00695779	0.0472439	0.239619	0.363865	0.440736	0.355599	0.228406	0.107866	-0.0332508	-0.108326	-0.185105	-0.280071	-0.333785	-0.364704	-0.374688	-0.378509	-0.270348	-0.318494	-0.317349	-0.311363	-0.265467	-0.0847555	0.0112739	0.145221	0.239401	0.303598	0.407151	0.571045	0.765238	0.943986	1.19594	1.36499	1.55274	1.74904	1.93651	2.04038	2.10456	2.17643	2.23025	2.08343	1.94857	1.79048	1.58636	1.62298	1.60025	1.73379	1.94755	2.16455	2.35803	2.52382	2.72925	2.92176	3.10835	3.35246	3.61526	3.75973	3.84171	4.0426	4.25315	4.78447	4.80538	4.84472	4.96028	4.81781	4.42562	4.31968	4.56583	5.10687	5.82999	6.29973	6.46622	6.71606	6.80029	6.78387	6.29704	5.97407	5.6617	5.17224	4.87206	4.90106	4.98694	5.33506	5.66295	6.14046	6.98508	7.68769	8.1679	8.66498	9.09975	9.46196	9.52022	9.22995	9.28147	9.42268	9.52116	9.59576	9.67224	9.74447	9.95212	10.0163	10.3554	10.4764	10.6124	10.7852	11.0291	11.1602	11.3251	11.3869	11.9454	12.5832	13.2629	14.062	14.8051	15.5688	16.455	16.9287	17.3012	17.5031	17.6387	17.5159	17.4641	17.3253	16.7183	16.3787	16.1174	15.7847	15.5574	15.2278	14.9225	14.6918	14.4832	14.2882	14.1927	14.1824	14.2229	14.2018	14.3049	14.4955	14.6727	14.7074	14.6936	14.6334	14.5502	14.4674	14.4831	14.3687	14.2602	14.1817	14.1243	13.9711	13.8041	13.7259	13.6491	13.5376	13.3694	13.1959	12.9387	12.6809	12.3697	11.9546	11.5443	11.1556	10.8688	10.5949	10.2948	9.96682	9.76298	9.56047	9.38039	9.14699	9.00299	8.88009	8.85191	8.85937	8.97505	9.05113	9.14289	9.15433	9.1481	9.05912	9.00351	8.94893	8.84595	8.74354	8.56005	8.43463	8.30193	8.0867	7.77028	7.3232	6.89241	6.52894	6.1387	6.1005	5.60229	5.0924	4.64062	4.28353	4.03833	3.80775	3.67135	3.56149	3.58416	3.69334	3.94807	4.07453	4.22847	4.39667	4.36049	4.33077	4.07737	3.75517	3.26642	2.85834	2.44279	2.05845	1.7155	1.462	1.41875	1.34695	1.47698	1.97788	2.18452	2.33077	2.26122	2.22897	2.08238	1.98389	1.76376	1.46333	1.34498	1.23602	1.18666	1.01927	0.773587	0.628449	0.460988	0.333317	0.223409	0.0993329	0.0343334	0.00394426	-0.0117749	0.0576411	0.226247	0.380948	0.519077	0.470017	0.327225	0.131599	0.0869712	0.122868	0.0754886	0.0150662	-0.0868103	-0.0392627	0.0174859	-0.0750253	-0.19181	-0.36229	-0.447844	-0.421341	-0.330557	-0.282029	-0.246613	-0.187125	-0.131284	-0.154925	-0.215431	-0.229911	-0.219879	-0.179333	-0.177231	-0.0726829	-0.0288917	0.00815687	0.114525	0.238338	0.421619	0.685161	1.05042	1.48187	1.8441	2.11649	2.3652	2.59236	2.67182	2.76185	2.94666	3.07364	3.1184	3.16633	3.31184	3.39889	3.41591	3.73227	4.12572	4.71336	5.44597	6.27472	7.21305	8.15492	9.14009	10.0564	10.9662	11.8007	12.642	13.6612	14.6861	15.3366	16.1496	16.9915	17.9172	18.886	19.9024	20.9616	21.9491	22.9109	23.9994	25.1961	26.3837	27.5743	28.8009	29.9942	31.3012	32.6367	34.0348	35.6119	36.8801	38.4306	40.0082	41.6931	43.3446	45.0022	46.5535	48.0156	49.5129	50.9977	52.2603	53.5364	54.6466	55.2751	56.3151	57.3335	58.2954	59.2087	60.1076	61.1953	62.5224	63.4212	64.0532	64.4362	64.5583	64.5851	64.3308	64.0753	64.0045	62.8659	61.4106	59.0159	57.6123	56.7435	55.711	54.5136	53.5543	52.7587	51.9627	51.074	50.3228	49.4884	48.7649	47.9768	47.1729	46.4311	45.4085	44.2912	43.2094	41.9874	40.6635	39.3706	38.2387	36.9635	35.6917	34.4503	33.3459	32.2856	31.2506	30.3627	29.6603	29.0539	28.5817	27.9826	27.2746	26.5498	25.7312	24.998	24.398	23.7646	23.1899	22.3833	21.5382	20.7191	19.9951	19.3647	18.6373	17.9485	17.2922	16.7499	16.2623	15.7588	15.6732	15.7613	15.8248	15.8656	15.8009	15.9102	16.0262	16.2208	16.4699	16.7907	17.0993	17.4302	18.0919	18.7231	19.1058	19.5225	20.1176	20.2316	20.7761	20.9927	21.2452	21.5469	21.8212	21.8129	22.211	22.8806	24.127	26.1234	29.1419	33.5236	39.5141	46.7304	55.6729	68.5685	82.692	100.902	121.414	143.16	166.084	187.343	198.052	180.178	144.631	117.153	91.0852	74.1094	60.0075	49.9998	41.6742	35.3291	30.4453	26.4866	23.2364	20.3154	17.8588	15.5045	13.621	11.8405	10.5607	9.52419	8.82806	8.21759	7.73782	7.07042	6.80104	6.57066	6.33007	6.11783	5.8746	5.69355	5.4706	5.28697	5.03548	4.79789	4.61248	4.33463	4.14345	3.94664	3.7615	3.57855	3.34007	3.1539	2.85641	2.65322	2.52882	2.46523	2.36216	2.41444	2.49756	2.57943	2.63935	2.66614	2.66553	2.60704	2.38542	2.22958	2.07424	1.97546	1.8357	1.65512	1.4637	1.21583	0.926071	0.685155	0.504754	0.282081	0.177018	0.196319	0.247318	0.347539	0.445313	0.437083	0.504994	0.475366	0.439494	0.495245	0.576733	0.683711	0.680987	0.666159	0.594975	0.485219	0.515461	0.44045	0.377454	0.233771	0.150024	-0.0904285	-0.284083	-0.501501	-0.746494	-1.01981	-1.17425	-0.969334	-0.408201	0.376115	1.14643	1.52155	1.7283	1.79493	1.73582	0.880299	0.488911	0.295499	0.0894225	-0.221712	-0.270597	-0.359848	-0.347555	-0.316617	-0.217537	-0.0938222	0.363699	0.494509	0.588225	0.636541	0.623248	0.434172	0.116837	-0.0191813	-0.291206	-0.380027	-0.415473	-0.401656	-0.371284	-0.353142	-0.16931	-0.0802261	0.139444	0.230459	0.351214	0.431029	0.458494	0.333708	0.344034	0.495921	0.627473	1.50221	1.6611	1.93224	1.88422	1.75256	1.56401	1.20242	0.962647	0.400795	0.271311	0.39437	0.394806	0.537236	0.583658	0.678624	0.839803	0.880122	0.825186	0.805399	0.608297	0.485931	0.383139	0.282775	0.133458	-0.0146275	0.00543464	0.133333	0.180691	0.19907	0.224383	0.147538	0.0442161	-0.143344	-0.311636	-0.403753	-0.599969	-0.729668	-0.818822	-0.837606	-0.826073	-0.722299	-0.538801	-0.378696	-0.165975	-0.0276516	0.181791	0.303159	0.308678	0.256872	0.135361	0.0717136	0.0384785	0.165185	0.275228	0.249517	0.344879	0.444065	0.644652	0.80266	0.895571	0.911514	0.908549	1.0134	0.980123	0.762378	0.606776	0.49874	0.370858	0.252717	0.0476007	-0.123979	-0.262781	-0.380187	-0.453471	-0.19767	-0.278431	-0.438447	-0.508811	-0.549853	-0.448094	-0.420435	-0.519577	-0.646612	-0.64548	-0.477332	-0.0665334	0.0628679	0.151627	0.234677	0.307274	0.366644	0.373119	0.318055	0.374528	0.426229	0.713693	0.86755	0.97066	1.09799	1.13628	1.03145	0.889464	0.667106	0.453845	0.28635	0.131244	0.0462672	0.241867	0.3661	0.516712	0.580065	0.669448	0.760388	1.11595	1.42912	1.65721	1.7763	1.97078	1.95009	1.94689	1.95836	2.01795	1.962	1.87117	1.77482	1.67025	1.58422	1.47411	1.36424	1.21813	1.06803	1.06738	1.09095	1.25048	1.42483	1.66939	1.94653	2.23936	2.35167	2.27649	2.23682	2.27066	2.21824	2.24355	2.2229	2.19497	2.14302	2.07152	2.07018	2.06692	2.12159	2.21789	2.40016	2.69631	2.93091	3.13981	3.17565	3.22178	3.35582	3.5705	3.81904	3.99082	4.20807	4.42866	4.65457	4.97252	5.39209	5.84735	6.12327	6.33621	6.4786	6.6121	6.7445	6.85774	6.72751	6.45559	6.2989	6.39382	6.60821	6.83642	7.181	7.62063	8.1864	8.63232	9.08498	9.70046	10.2329	10.7166	11.2034	11.5388	11.8213	12.0866	12.3594	12.6512	12.7506	13.0388	13.6383	14.4081	15.355	16.4631	17.4552	18.3137	19.2599	20.105	20.9889	21.7912	22.4198	22.9526	23.4627	24.0041	24.4612	24.884	25.1686	25.4747	25.9294	26.3863	26.6188	26.7501	26.8011	26.7939	26.5373	26.4336	26.3579	26.2789	26.321	26.4127	26.5513	26.858	27.2178	27.9796	28.1529	28.4517	28.596	28.9975	28.8229	28.0966	27.0962	25.8073	24.2179	22.4145	20.7041	19.0183	17.4642	15.8265	14.7597	13.9515	13.4259	13.2886	13.1041	13.2948	13.9303	14.4501	14.8191	15.2673	15.6422	16.0937	16.1984	16.2373	15.8372	15.5661	14.9136	14.3337	13.5781	12.6686	11.6259	10.4562	9.19253	7.80201	6.08148	4.80637	3.65023	2.59959	1.71919	1.10419	0.661505	0.332165	0.131104	0.0126474	0.0283785	-0.00133387	0.0732431	0.169845	0.220134	0.210881	0.206175	0.209471	0.100969	-0.0486398	-0.173361	-0.110598	-0.0802453	-0.0442137	-0.0289253	-0.0377242	-0.135386	-0.204085	-0.209326	-0.281562	-0.475666	-0.545409	-0.537067	-0.485895	-0.43091	-0.2959	-0.182901	-0.0414478	-0.00562958	0.200704	0.439062	0.734945	0.979373	1.02224	0.875114	0.800213	0.767191	0.848887	0.852542	0.862398	0.83418	0.773858	0.631061	0.52034	0.471297	0.442855	0.399293	0.424696	0.381818	0.288729	0.198584	0.0850228	-0.0110481	-0.0212431	-0.0455365	-0.158741	-0.165883	-0.128876	-0.131989	-0.0497161	-0.0619262	-0.00543918	0.0884168	0.210086	0.401578	0.551412	0.665757	0.759428	0.809373	0.882516	0.837641	0.761647	0.657086	0.644595	0.596399	0.461941	0.323015	0.195771	0.123208	0.0433283	-0.078052	-0.187978	-0.271773	-0.29971	-0.491722	-0.582257	-0.458104	-0.243706	0.0508185	0.361436	0.461908	0.534398	0.705673	1.01578	1.41458	1.89783	2.40505	2.88423	3.3454	4.07554	5.08495	6.02117
-20	-0.0366178	38.8441	36.9784	35.8132	34.7143	33.5952	32.4746	31.4238	30.4052	29.3287	28.3783	27.3736	26.2396	25.2702	24.3381	23.2657	22.2442	21.404	20.6172	19.6522	18.5846	17.5216	16.5482	15.745	14.924	14.1939	13.5534	13.1844	12.7303	12.1653	11.6942	11.1936	10.5233	9.62647	8.86057	7.98887	7.43641	6.8216	6.15467	5.41259	4.62136	4.14784	3.82593	3.63982	3.62417	3.61403	3.52604	3.39239	3.26163	3.12603	3.03271	2.87256	2.63049	2.34614	2.02481	1.6774	1.43633	1.19513	0.859344	0.490238	0.162488	0.019457	-0.13547	-0.185684	-0.0731353	0.00532919	0.208902	0.184065	0.142302	0.0253921	-0.165793	-0.322503	-0.53388	-0.51934	-0.475258	-0.321149	-0.215786	-0.123588	-0.0402829	0.0448385	0.0387303	-0.134349	-0.0689591	-0.00779027	0.123147	0.223982	0.291687	0.323334	0.353312	0.40738	0.389692	0.39523	0.257427	0.0956357	-0.0706963	-0.16824	-0.345161	-0.305579	-0.280528	-0.186647	-0.0437788	0.164433	0.367923	0.358034	0.368197	0.300988	0.311768	0.379731	0.40191	0.473926	0.509793	0.649237	0.56933	0.570201	0.682562	0.837753	0.998384	1.17687	1.33985	1.46753	1.66306	1.85323	2.00998	2.07302	2.07837	2.04972	1.99218	1.82598	1.65641	1.48468	1.32237	1.11584	0.958935	0.851121	0.673962	0.64248	0.619179	0.59793	0.620073	0.678721	0.789249	0.903791	1.09262	1.305	1.43469	1.55601	1.70734	1.91853	2.12353	2.30006	2.55495	2.73363	2.91622	3.14354	3.41052	3.6756	3.95477	4.34965	4.73628	5.18592	5.61548	6.12339	6.62892	7.17457	7.6984	8.18598	8.6724	9.17226	9.70984	10.154	10.4788	10.7069	11.0495	11.3425	11.5328	11.7679	11.8716	11.9032	11.8761	11.7827	11.6818	11.5364	11.3577	11.2085	11.0425	10.8429	10.6245	10.4072	10.125	9.82476	9.43959	9.14111	8.94909	9.035	9.24929	9.43436	9.57585	9.66911	9.70829	9.73831	9.75037	9.87177	10.0019	9.95356	9.82129	9.58455	9.29101	8.66282	8.22683	7.97106	7.78182	7.65984	7.58218	7.58435	7.6481	7.44728	7.31262	7.17267	7.11988	7.20768	7.30142	7.36369	7.47275	7.41455	7.24834	7.08485	6.94479	6.70661	6.557	6.36529	6.15832	5.95884	5.67979	5.41416	5.11677	4.80318	4.55226	4.45529	4.50091	4.55032	4.53258	4.61089	4.57685	4.55003	4.45306	4.33982	4.22395	3.97299	3.82103	3.69855	3.52315	3.25073	2.8892	2.51816	2.27422	2.08155	1.95627	1.96316	2.05059	2.08423	2.18048	2.2947	2.19877	2.13907	1.96038	1.51442	1.33848	1.16843	1.10502	1.0368	0.873637	0.659488	0.386103	0.238045	0.125842	0.0705318	0.043878	0.089108	0.233755	0.159634	0.167983	0.185582	0.142003	0.163048	0.169165	0.250237	0.348184	0.412732	0.395337	0.354687	0.218342	0.0840116	-0.0497943	-0.0634393	-0.116024	-0.0614979	0.0817069	0.188729	0.242825	0.317893	0.490086	0.526053	0.412029	0.174087	-0.0204952	-0.145688	-0.230267	-0.404089	-0.586682	-0.736232	-0.946257	-0.957748	-0.972784	-1.00598	-1.15921	-1.09188	-1.0735	-0.892946	-0.0875428	0.0950997	0.302374	0.345826	0.444064	0.496626	0.557298	0.53587	0.506747	0.49309	0.452773	0.606198	0.65256	0.61235	0.681899	0.97442	1.24009	1.57017	1.8089	1.93815	1.91664	2.05932	2.35541	2.71478	3.08905	3.50544	3.94231	4.38761	4.7959	5.27695	5.86202	6.37046	6.91914	7.28738	7.61984	7.90875	8.17291	8.2954	8.28327	8.4776	8.84702	9.40775	10.0009	10.6327	11.4072	12.3091	13.2396	14.1741	15.135	15.4927	16.3488	17.2956	18.1518	19.0543	20.081	21.0417	22.1806	23.2783	24.5209	25.6351	27.1077	28.6765	30.3248	32.0177	33.6879	35.2432	36.7391	38.1121	39.4065	40.6244	41.8906	43.2773	45.1911	46.573	47.9599	49.0689	50.3494	51.5184	52.6507	53.8128	55.0621	56.3997	57.3818	58.2427	58.9931	59.7373	60.2779	60.8079	61.3459	61.7225	61.9206	62.0056	61.9814	61.8262	61.585	61.1362	60.779	60.4201	60.1882	59.7355	59.022	58.2774	57.4351	56.5673	55.7345	54.98	53.9696	53.2788	52.6622	52.0323	51.3069	51.3159	49.7341	47.896	46.3238	44.7683	43.5921	42.8138	42.5139	42.075	41.7422	41.2111	40.1492	38.6522	36.7992	35.3275	35.2785	34.3872	33.4443	32.4526	31.3979	30.503	29.5672	28.535	27.6615	26.7905	25.9933	25.1648	24.4082	23.8243	23.3128	22.7675	22.0574	21.5145	20.8626	20.2383	19.4516	18.9378	18.5976	18.409	18.7563	18.7101	18.5999	18.5033	18.2998	18.2135	18.2164	18.2625	18.4053	18.7171	18.9169	19.2873	19.4197	19.6536	19.6631	19.9045	20.189	20.5187	21.0111	21.4653	22.1668	22.9839	23.1325	23.5417	24.067	24.9469	26.1633	28.1325	30.8265	34.1657	39.1962	45.4431	53.1419	63.5692	76.091	99.8732	117.942	135.499	163.934	179.949	179.377	162.826	139.192	117.431	86.358	69.9547	57.3829	47.8751	39.856	33.3491	27.5312	24.5905	22.4221	20.1939	18.8798	16.7948	15.2056	13.5729	12.2796	11.5312	10.6919	9.92052	9.20568	8.584	8.11465	7.4766	7.06629	6.54773	6.1521	5.79494	5.52718	5.31879	5.20119	5.15987	5.08557	4.84582	4.5919	4.2876	3.93787	3.61583	3.39955	3.33542	3.22301	2.91394	2.82796	2.8087	2.91661	3.01754	3.11037	3.16825	3.16214	3.19064	3.2612	3.23956	3.01816	2.6791	2.33098	1.96499	1.51479	1.17889	0.860752	0.643592	0.520174	0.349394	0.337589	0.437735	0.477051	0.393888	0.418585	0.483063	0.551927	0.620491	0.596743	0.497466	0.377383	0.25718	0.15419	0.104513	0.135226	0.100346	0.0851316	0.0641674	0.0917888	0.160875	0.200449	0.221802	0.235751	0.183384	0.118412	0.000112578	-0.104637	-0.214019	-0.338248	-0.525441	-0.677543	-0.808374	-0.899824	-0.976275	-0.957678	-0.977586	-1.01183	-0.959371	-0.823029	-0.659372	-0.449973	-0.185363	0.1886	0.241579	0.278294	0.0868824	-0.0634501	-0.368494	-0.595365	-0.700869	-0.654177	-0.435782	-0.230933	0.186087	0.279071	0.165585	0.118688	-0.136811	-0.259956	-0.421544	-0.524924	-0.309292	-0.3207	-0.375341	-0.412357	-0.475396	-0.536946	-0.648039	-0.493469	-0.413288	0.219022	0.518221	0.696288	0.990958	0.823265	0.580861	0.320802	0.0832581	-0.0286867	-0.114814	-0.129675	-0.0669163	0.0902595	0.221474	0.136145	0.195847	0.192063	0.230279	0.245331	0.288347	0.405982	0.51012	0.539537	0.644647	0.748486	0.880108	0.995355	1.12921	1.31701	1.31952	0.862637	0.868957	0.828796	0.786937	0.814451	0.844402	0.680832	0.541704	0.569153	0.608983	0.533137	0.462334	0.344712	0.252087	0.0877734	0.0641364	0.207239	0.211478	0.203055	0.143685	0.13611	0.182364	0.267685	0.390395	0.528695	0.647766	0.752069	0.966148	1.08382	1.09422	1.14174	1.16028	1.10705	0.960596	0.778854	0.678259	0.621785	0.523448	0.514994	0.473024	0.365647	0.339243	0.339564	0.40304	0.373553	0.267614	0.237467	0.329691	0.31986	0.285056	0.0816419	-0.208746	-0.463191	-0.681211	-0.977925	-1.15134	-1.29563	-1.31903	-1.27589	-1.21311	-0.868133	-0.686667	-0.585569	-0.418538	-0.416443	-0.278298	-0.159932	0.0786153	0.263244	0.453029	0.718374	1.02301	1.40544	1.75969	2.08548	2.31432	2.47241	2.66581	2.82592	2.92586	2.85763	2.63412	2.40044	2.25958	2.01411	1.81449	1.60923	1.51289	1.5153	1.51855	1.59419	1.79738	2.14245	2.49863	2.88406	3.20944	3.53778	3.77868	3.84261	3.8117	3.75884	3.68429	3.74185	3.75462	3.64264	3.59827	3.57196	3.54182	3.5032	3.49139	3.69094	3.99381	4.42849	4.73974	5.02061	5.40619	5.59908	5.71531	5.74187	5.79861	5.83503	5.83985	5.8542	5.61135	5.19823	4.84384	4.5798	4.49412	4.46438	4.61303	4.85045	5.34543	5.79897	6.26611	6.63235	7.15468	7.54852	7.8382	8.0534	7.98948	8.11393	8.23069	8.22007	8.18898	8.18138	8.20656	8.32253	8.62125	8.7982	9.07485	9.49357	9.80275	10.2203	10.6423	11.177	11.7722	12.1879	12.593	13.0704	13.5786	13.9507	14.3613	14.4685	14.5811	14.6978	14.8658	15.2481	15.6565	15.9763	16.3593	16.6804	16.9897	17.516	18.0858	18.6959	19.3196	19.9163	20.7122	21.4458	22.0981	22.5568	23.0785	23.3633	23.6591	23.7577	24.0371	24.2793	24.5844	25.1713	25.6468	26.0138	26.3784	26.3668	26.3349	26.2877	26.5294	26.7378	26.8471	27.1341	27.3437	27.8933	28.6139	29.4571	30.7908	31.6486	31.6657	32.303	32.4715	31.6767	30.2385	26.9896	24.3709	21.1433	18.5768	17.509	16.6267	15.6343	15.199	14.6175	14.3662	14.103	14.0609	14.413	14.8112	15.9404	17.416	17.2453	17.3596	16.9503	17.1038	17.1658	17.1573	16.7586	16.3587	15.7468	15.1048	14.1896	13.2555	12.3063	11.2823	10.2292	9.03084	8.02285	6.96565	5.97242	5.08415	4.25542	3.53547	2.98804	2.5136	2.12398	1.86488	1.66607	1.37822	1.12739	0.898372	0.707039	0.443248	0.240542	0.000189965	-0.140486	-0.349965	-0.368331	-0.419399	-0.461372	-0.503123	-0.517962	-0.48739	-0.429983	-0.399617	-0.307821	-0.398553	-0.479733	-0.521	-0.492053	-0.383965	-0.34583	-0.196811	0.0839625	0.338419	0.605758	0.723916	0.827092	0.922824	1.02354	1.05955	1.0932	0.869279	0.833499	0.788928	0.867388	0.842832	1.0046	0.949801	0.78914	0.726816	0.589548	0.468656	0.388542	0.426202	0.476125	0.589597	0.60948	0.651868	0.661624	0.587038	0.446772	0.264934	0.173127	0.125156	0.119254	0.189152	0.283825	0.31659	0.515886	0.649597	0.812063	0.971066	1.11528	1.07935	0.910012	0.649449	0.222519	-0.112563	-0.351083	-0.60208	-0.745333	-0.789339	-0.782586	-0.758545	-0.724119	-0.665133	-0.513184	-0.338059	-0.12662	0.108678	0.34646	0.588568	0.864545	1.148	1.37891	1.71178	2.06348	2.44728	2.98203	3.61392	4.36986	5.15254	5.87662	6.7479	7.51469	8.30249	8.93888
-20	20	40.5941	39.1665	37.5137	35.9375	34.4994	33.1463	31.9224	30.7556	29.6481	28.5786	27.6065	26.6858	25.8051	24.9024	24.056	23.2572	22.28	21.3723	20.4649	19.5262	18.616	17.6909	16.8399	16.1496	15.5492	14.9981	14.546	14.0933	13.6521	13.2156	12.7883	12.2314	11.5844	10.9215	10.2239	9.55091	8.88025	8.16968	7.42704	6.73453	6.11354	5.58007	5.20119	5.07891	5.03383	5.00429	4.98524	4.91025	4.82133	4.78714	4.63225	4.38012	4.06772	3.72384	3.37332	2.88869	2.31283	1.61958	1.08234	0.673943	0.321984	0.0363677	-0.151692	-0.252574	-0.321532	-0.346387	-0.34188	-0.322749	-0.298459	-0.154294	0.00818929	0.189907	0.356002	0.500962	0.609979	0.688999	0.696883	0.609337	0.510206	0.388548	0.247278	0.103213	-0.0476926	-0.210432	-0.379799	-0.522241	-0.522157	-0.474483	-0.398773	-0.310053	-0.188583	-0.0408874	0.133932	0.355106	0.494662	0.628688	0.762379	0.902157	1.0982	1.30964	1.51778	1.70141	1.87844	2.05887	2.17616	2.2787	2.36376	2.38121	2.38214	2.38553	2.35599	2.28707	2.13959	2.04446	1.96292	1.95239	1.86314	1.93054	1.93303	2.13189	2.35314	2.8177	2.86002	2.87538	2.80069	2.69656	2.62433	2.43528	2.19472	2.02382	1.9451	2.08003	2.14744	2.2329	2.40356	2.58117	2.73735	2.89121	3.00428	3.11506	3.22022	3.29532	3.38123	3.47438	3.58307	3.69897	3.84704	4.03599	4.26786	4.60386	4.96764	5.37182	5.74389	6.41348	6.7918	7.3175	7.56854	7.85338	7.90864	8.13812	8.46893	8.81774	9.17501	9.51464	9.83696	10.1366	10.3777	10.5958	10.8621	11.1562	11.4899	11.842	12.2045	12.617	12.992	13.2095	13.2871	13.2932	13.4086	13.4708	13.448	13.2924	13.1249	12.8973	12.6501	12.3118	12.0763	11.8522	11.5929	11.2477	11.0119	10.839	10.7584	10.7241	10.7612	10.796	10.8446	10.9295	11.0452	11.0263	10.9718	10.8984	10.8558	10.7733	10.6236	10.4049	10.1865	10.0929	9.97878	9.90747	9.98874	10.1497	10.3906	10.6057	10.8025	10.9201	10.9712	10.9083	10.6823	10.1182	9.68692	9.23613	8.76189	8.37327	8.26585	8.01571	7.8321	7.73919	7.62275	7.51275	7.39531	7.24055	7.07259	6.89335	6.71994	6.564	6.41787	6.28186	6.12567	5.99004	5.95006	5.87663	5.82219	5.76766	5.76156	5.79313	5.81159	5.78723	5.72098	5.61889	5.48374	5.2697	5.01503	4.79688	4.58885	4.44457	4.32464	4.20302	4.09897	4.00434	3.87071	3.63124	3.51834	3.49044	3.75592	3.8734	3.89969	3.75649	3.59346	3.41691	3.23409	3.04647	2.85123	2.7144	2.83488	2.76294	2.68065	2.58999	2.47712	2.24143	2.12626	2.01931	1.98946	1.96221	2.00032	1.9304	1.74023	1.58432	1.37054	1.18598	1.04105	0.940562	0.898844	0.891942	0.902499	0.89734	0.940426	1.01128	1.05335	0.916609	0.78654	0.705937	0.663564	0.625284	0.584037	0.497829	0.422245	0.392843	0.357553	0.290683	0.192496	0.0948265	-0.123049	-0.332952	-0.572357	-0.845994	-0.861784	-0.807602	-0.679667	-0.572337	-0.427039	0.0951979	0.283806	0.49659	0.492834	0.612021	0.794136	0.995139	1.05664	1.2338	1.46406	1.65711	2.01653	2.39805	2.7978	3.27752	3.66173	3.80322	3.94752	4.1022	4.26169	4.4426	4.55417	4.63811	4.79434	4.92421	4.98025	5.04844	5.09187	5.27858	5.49462	5.76161	6.11736	6.5128	6.93195	7.36192	7.58575	7.73474	8.10131	8.543	9.18105	9.8582	10.553	11.3294	12.2111	13.1662	14.1786	15.2381	16.3214	17.4161	18.5619	19.7472	20.9685	22.0728	23.222	24.5083	25.7585	27.0295	28.4036	29.8218	31.2353	32.6099	34.198	35.8632	37.4386	39.1012	40.6319	42.0334	43.2523	44.3318	45.3659	46.4388	47.3882	48.2554	49.179	50.077	51.0933	52.0175	52.8972	53.9683	54.9361	55.9145	56.9124	57.7005	58.3641	58.9434	59.286	59.6429	59.8513	60.0474	60.0504	60.075	59.9003	59.9724	60.1575	59.8147	59.2979	58.6175	57.8015	56.9952	56.0976	55.0609	53.8377	52.0845	50.757	49.4803	48.1835	47.027	46.1976	45.1283	44.0979	43.1641	42.3884	41.6878	41.0256	40.3807	39.6988	38.9516	38.0667	37.2401	36.3156	35.2762	34.1416	33.016	31.89	30.9784	30.0761	28.9216	27.6917	26.2349	25.1897	24.2147	23.5557	22.9963	22.5883	22.119	21.6571	21.0317	20.5268	20.0207	19.388	18.658	17.7742	16.9523	16.4145	16.0691	15.9129	15.8904	15.9252	16.0626	16.2017	16.3417	16.4024	16.4423	16.6528	16.9147	17.2084	17.564	18.0334	18.5033	19.2785	19.4726	19.7176	19.7876	19.6999	19.6824	19.7744	19.6709	19.6758	19.9066	20.2568	21.0207	22.0381	23.8418	26.9367	28.8986	31.8155	35.983	41.4628	49.2172	59.2219	73.9876	90.6939	109.118	132.804	152.011	165.15	162.498	144.89	124.902	105.194	86.4892	70.6444	57.7267	47.6558	38.7144	32.0583	26.3783	22.3814	19.773	17.2277	15.3012	13.3727	11.5975	10.2268	10.618	8.88302	8.58937	7.67672	7.01999	6.43936	5.91175	5.42859	5.05333	4.79142	4.6476	4.58908	4.56709	4.46207	4.4175	4.32309	4.30897	4.3245	4.28803	4.25175	4.22488	4.12444	4.0305	3.80635	3.59369	3.33153	3.11096	2.92628	2.84882	2.7057	2.66011	2.60592	2.5323	2.44773	2.38184	2.28489	2.16931	2.03928	1.93042	1.80576	1.66616	1.24585	1.01766	0.73624	0.655814	0.558373	0.49047	0.523217	0.602207	0.738009	0.88486	0.977133	0.965263	0.939836	0.853629	0.69342	0.456337	0.142708	-0.0962538	-0.327159	-0.533124	-0.72645	-0.874252	-1.00653	-1.08055	-1.08165	-0.930148	-0.686694	-0.408802	-0.131924	-0.0128388	0.144427	0.191663	0.153407	0.102473	0.0469157	0.00693966	-0.0558512	-0.142847	-0.330795	-0.51488	-0.662854	-0.69756	-0.722512	-0.509547	-0.282148	-0.050097	0.13498	0.267833	0.324884	0.265007	0.112823	0.353888	0.305396	0.446484	0.423442	0.391547	0.330136	0.265375	0.175689	0.068834	-0.0252998	-0.0896614	-0.0820446	0.0235177	0.183419	0.323666	0.470719	0.610649	0.713481	0.783844	0.72211	0.678564	0.632034	0.698208	0.665188	0.520986	0.3768	0.297318	0.230518	0.133485	0.0488385	-0.0203919	-0.0716014	-0.116355	-0.163604	-0.221825	-0.188104	-0.143061	-0.0916913	-0.045856	-0.120069	-0.202551	-0.249329	-0.250878	-0.260417	-0.119649	0.0393986	0.152909	0.221837	0.268535	0.311826	0.346551	0.370558	0.385539	0.366214	0.361483	0.353426	0.324611	0.23397	0.102906	-0.0883808	-0.136772	-0.131822	-0.0178057	0.150007	0.303412	0.422556	0.450288	0.534912	0.523397	0.587537	0.704311	0.883079	1.02133	1.01445	0.960803	0.874289	0.741748	0.570456	0.461119	0.333007	0.160144	0.063413	-0.0175453	-0.062116	-0.0701311	0.275412	0.373631	0.494141	0.619473	0.74463	0.79317	0.745264	0.667978	0.531077	0.289802	0.0440206	-0.215331	-0.443486	-0.73239	-1.00912	-1.26591	-1.46707	-1.64284	-1.74227	-1.68759	-1.58089	-1.51048	-1.31501	-1.13614	-0.960279	-0.791413	-0.572244	-0.369379	-0.193459	-0.0234341	0.146043	0.321561	0.449017	0.54135	0.745013	0.88663	1.00675	1.08754	1.1269	1.16812	1.18949	1.13701	1.12152	1.09293	1.05874	1.03492	1.01725	1.00449	1.00709	1.00927	1.02168	1.06094	1.16469	1.265	1.38536	1.50467	1.63075	1.75503	1.88585	2.00594	2.12312	2.23915	2.30103	2.4089	2.54758	2.68372	2.7929	2.77401	2.72571	2.65352	2.59267	2.52777	2.4188	2.24366	2.04004	1.9525	1.83144	1.9459	2.19742	2.39385	2.52314	2.65508	2.8311	3.09563	3.34192	3.57801	3.76904	3.89552	3.86721	3.77133	3.65816	3.50929	3.35933	3.26244	3.17784	3.13058	3.14049	3.2957	3.46831	3.65021	3.83334	4.08943	4.37177	4.69017	4.97965	5.1886	5.4582	5.71888	5.99556	6.24819	6.47628	6.66566	6.79083	6.90242	6.99626	7.08606	7.2353	7.47745	7.76476	8.1071	8.49722	8.93654	9.39885	9.88271	10.3581	10.8008	11.1745	11.5188	11.8203	12.1043	12.2859	12.1208	12.2619	12.2482	12.339	12.5116	12.9096	13.3801	13.9261	14.4774	15.0363	15.5745	16.1157	16.7688	17.524	17.9929	18.5667	19.3037	20.0391	20.7149	21.3799	22.0888	22.6662	23.1633	23.6955	24.2667	24.8211	25.2229	25.4514	25.5314	25.2872	25.055	24.9404	24.7537	24.5731	24.4991	24.4774	24.4348	24.3812	24.2954	24.4008	24.2737	24.8492	25.5229	26.0798	26.7101	26.8169	26.499	25.6314	24.1155	22.3393	19.6544	18.4038	17.1341	16.3493	15.7487	15.7739	15.3075	14.9182	14.647	14.4611	14.5619	14.5106	14.3996	14.3762	14.466	14.6133	14.6289	14.5476	14.4315	14.08	13.6302	13.1037	12.4847	11.7853	10.998	10.2383	9.30693	8.37953	7.41299	6.49714	5.62744	4.7737	4.0491	3.51521	3.14989	2.91083	2.54944	2.21641	1.83159	1.4307	1.07805	0.673325	0.397876	0.253719	0.237914	0.264276	0.237484	0.198363	0.132933	0.0568079	-0.024249	-0.10746	-0.196158	-0.257414	-0.307661	-0.351665	-0.534038	-0.597629	-0.563736	-0.501191	-0.405292	-0.298827	-0.129126	0.0457889	0.219068	0.281388	-0.0659529	-0.271861	-0.27395	-0.254044	-0.194018	-0.118771	-0.0130545	0.110132	0.242437	0.342954	0.39595	0.449848	0.524811	0.604338	0.705511	0.63074	0.593519	0.533065	0.381333	0.262031	0.137452	0.0268717	0.0289259	0.0643325	0.0556414	0.0659442	0.0333129	0.12292	0.207549	0.284888	0.380976	0.590292	0.788912	0.839279	0.974632	1.07836	1.13081	1.22776	1.29178	1.36406	1.40588	1.39058	1.46114	1.44817	1.4055	1.26878	1.09267	0.933965	0.718123	0.468707	0.184681	-0.0738125	-0.28165	-0.500684	-0.587128	-0.585255	-0.557775	-0.424291	-0.277174	-0.0844716	0.148234	0.437646	0.791954	1.20223	1.62409	2.06504	2.21972	2.71914	3.38185	4.09955	4.91647	5.61753	6.66428	7.5794	8.02511
0	-20.0732	42.4436	41.7988	40.2906	38.9784	37.493	35.9779	34.4127	33.932	32.9122	31.8374	30.7876	29.5291	28.384	27.0933	25.9992	24.8682	23.7882	22.7977	21.8369	20.8406	19.9612	19.1998	18.4637	17.8158	17.0788	16.4609	15.8288	15.2773	14.5902	13.8975	13.2134	12.5755	11.9516	11.318	10.6639	10.0034	9.4538	8.93355	8.47936	8.0136	7.50578	6.97807	6.45212	6.05196	5.68347	5.3835	5.18622	5.12659	4.74805	4.34854	4.0175	3.64356	3.24106	2.81599	2.34946	1.87501	1.48685	1.07361	0.729986	0.489971	0.281246	0.104082	-0.00970655	-0.0381775	-0.030719	-0.087533	-0.0818831	-0.116708	-0.174867	-0.197104	-0.398385	-0.376525	-0.283781	-0.202066	-0.117323	-0.0365463	-0.079339	0.00798667	0.101436	0.390945	0.598641	0.878512	0.85045	0.732401	0.528266	0.232108	0.034674	-0.29141	-0.440161	-0.219219	0.461777	1.59424	2.13833	2.61178	-0.572043	-0.527813	-1.0995	-0.94807	-0.665706	-0.32416	0.806788	0.642875	0.526044	1.14514	1.78231	1.70098	1.31061	1.04801	1.04788	1.01328	0.979961	0.94897	0.934772	0.944673	0.974293	1.07691	1.25424	1.59739	1.88802	2.23619	2.46519	2.69704	2.79019	2.843	2.86487	2.85816	2.74255	2.55608	2.46838	2.23833	2.08598	2.01336	2.01898	2.11456	2.30112	2.66419	3.07716	3.5126	3.85589	4.11716	4.25766	4.35112	4.33852	4.39392	4.44469	4.46056	4.44504	4.37906	4.39393	4.30521	4.17479	4.08051	4.05709	4.22483	4.5342	4.88877	5.31654	5.69113	6.14219	6.68846	7.30916	7.82892	8.50179	9.18775	9.83758	10.421	10.8413	11.1949	11.4793	11.6709	11.7507	11.8238	11.8878	11.8937	11.7896	11.6761	11.6292	11.53	11.4698	11.447	11.3774	11.2904	11.2306	11.2177	11.1944	11.1055	11.0932	10.978	10.8472	10.7152	10.6755	10.607	10.5313	10.4854	10.3555	10.3221	10.3252	10.3751	10.3787	10.2227	10.0502	9.8859	9.72944	9.55801	9.43178	9.24088	9.17494	9.13161	9.15825	9.1505	9.20656	9.23222	9.38098	9.57504	9.70328	9.88587	9.92231	9.90091	9.90615	9.83416	9.79474	9.71215	9.5402	9.3686	8.99103	8.59587	8.22892	7.90568	7.64915	7.35176	7.09466	6.90812	6.73279	6.51172	6.44216	6.39337	6.23943	6.05018	5.8388	5.70072	5.53696	5.36865	5.20697	5.11135	4.94654	4.87665	4.81803	4.71553	4.67288	4.57289	4.59713	4.68637	4.72401	4.69302	4.68502	4.54442	4.40428	4.29388	4.10202	3.89251	3.7196	3.59215	3.50982	3.45619	3.35448	3.23455	3.06264	2.73839	2.67432	2.53773	2.49541	2.38654	2.24429	2.15024	2.06216	2.02237	1.98339	1.95257	1.91934	1.89664	1.78419	1.71116	1.60171	1.42872	1.2127	1.01002	0.798646	0.587874	0.511519	0.441808	0.458938	0.498998	0.703799	0.932824	1.13521	1.3697	1.43438	1.43174	1.35211	1.19693	0.980038	0.778951	0.403969	0.0823174	-0.207802	-0.413008	-0.637864	-0.786866	-0.876828	-0.887151	-0.799685	-0.693195	-0.461277	-0.213386	-0.0296731	0.0693308	0.107691	0.166752	0.233364	0.373644	0.528197	0.593025	0.552862	0.387403	0.224258	0.122383	-0.0246993	-0.25357	-0.450478	-0.477756	-0.571841	-0.618567	-0.578271	-0.500186	-0.366813	-0.210697	-0.0669431	0.013548	0.133719	0.265836	0.377017	0.464538	0.59459	0.691877	0.88397	1.16216	1.26666	1.35675	1.57343	1.85663	2.16508	2.57144	3.14298	3.71057	4.25442	4.99667	5.96501	6.94243	7.80037	8.52862	8.71278	8.9346	9.37479	9.80615	10.34	10.8899	11.5575	12.2854	13.1366	14.0105	14.9154	15.8313	16.91	17.9573	18.8269	19.7321	20.7424	21.6877	22.6876	23.7043	24.7547	25.8812	26.9703	28.101	29.1649	30.2696	31.4521	32.5555	33.7517	35.0093	36.2095	37.3903	38.4768	39.4077	40.3602	41.2477	41.9802	42.795	43.7279	44.8738	45.9219	46.897	47.6944	48.3986	48.8987	49.3411	49.6901	50.0001	50.2735	50.4673	50.6149	50.6468	50.5286	50.1785	49.8137	49.364	48.8816	48.3188	47.6908	47.03	46.3404	45.5335	44.6785	43.7827	42.8719	42.0635	41.1836	40.2746	39.2501	38.2051	37.2053	36.1838	35.1865	34.2513	33.3523	32.4332	31.5222	30.7168	29.8387	28.9779	28.0938	27.4056	26.5451	25.6864	24.818	23.9456	23.201	22.51	21.7718	20.9332	20.1838	19.5799	19.0987	18.6651	18.4655	18.2037	17.8358	17.3816	16.9184	16.3295	15.6243	15.0143	14.3327	13.7663	13.2791	12.7438	12.2564	11.8425	11.5738	11.094	10.4841	9.88666	9.47571	9.12214	9.13495	9.28567	9.55474	9.96401	10.5297	11.2692	11.8614	12.5704	13.0801	14.1116	14.6516	15.1518	15.5419	15.6587	15.4959	15.027	14.9785	15.1314	15.5463	16.3936	17.9458	20.2362	23.1016	26.3546	30.703	36.265	45.0443	53.9806	65.4024	83.8997	100.782	112.278	124.638	128.766	113.911	96.2983	78.7029	63.4888	51.9975	43.0831	35.8532	29.5594	24.5396	20.5549	17.0257	13.9588	11.7868	10.1451	8.91456	8.10263	7.29727	6.87605	6.41248	6.22092	5.54512	5.12075	4.75897	4.43778	3.78719	3.39898	3.11687	2.79731	2.47925	2.05431	1.73793	1.48826	1.32994	1.06599	0.979147	0.716198	0.485919	0.223986	0.0900952	0.0264824	0.135209	0.261611	0.507991	0.641965	0.780941	0.90339	0.960136	0.996224	0.939941	0.647573	0.239342	-0.0809011	-0.173981	-0.223093	-0.197646	-0.16801	-0.0114363	0.134355	0.380327	0.620001	0.763987	0.905713	1.06735	1.12114	1.1071	1.05488	0.899666	0.713965	0.44587	0.182105	-0.0910327	-0.250756	-0.351912	-0.483211	-0.602677	-0.632243	-0.566721	-0.468996	-0.273134	-0.0553964	0.150091	0.24344	0.270781	0.251966	0.30093	0.343163	0.256476	0.280882	0.273885	0.358365	0.363908	0.355442	0.349799	0.339035	0.436622	0.568428	0.681341	0.754149	0.838952	0.799784	0.743101	0.670409	0.658714	0.608282	0.51409	0.475985	0.363736	0.26466	0.1291	-0.0874467	-0.375633	-0.698277	-0.765545	-0.745108	-0.66499	-0.587683	-0.760557	-0.985261	-1.21679	-1.47016	-1.55643	-1.40771	-1.09533	-1.0228	-1.10482	-1.0984	-1.09098	-1.12033	-0.493027	-0.242299	0.465349	0.730007	1.0033	1.15518	1.19442	1.13715	0.988964	0.863794	0.664352	0.625272	0.591604	0.550677	0.506153	0.485246	0.480088	0.463396	0.634009	0.646021	0.7626	0.88739	1.06473	1.16207	1.39716	1.66225	1.86435	2.13228	2.41304	2.73874	2.93452	3.07891	3.0305	2.74562	2.62981	2.49441	2.28831	2.09119	1.87801	1.68398	1.46978	1.30399	1.07511	0.965289	0.883455	0.829244	0.826227	0.97173	1.1565	1.3034	1.44029	1.51264	1.55277	1.62434	1.69816	1.77024	1.78801	1.83591	1.80271	1.72446	1.67222	1.58227	1.54042	1.49143	1.46461	1.58436	1.68292	1.80959	1.90026	1.8977	1.8222	1.75062	1.57673	1.39256	1.26487	1.08278	0.955422	0.75601	0.595278	0.367931	0.181502	-0.00515351	-0.0883787	-0.113743	-0.161753	-0.192105	-0.179321	-0.189947	-0.224394	-0.347604	-0.500683	-0.707436	-0.934065	-1.04065	-0.967317	-0.832829	-0.692305	-0.483774	-0.241283	-0.0829767	0.139329	0.351166	0.585521	0.780689	1.02878	1.24731	1.41196	1.52639	1.63801	1.7216	1.71788	1.81514	1.85699	1.90979	2.07829	2.22646	2.29493	2.30505	2.25731	2.23239	2.28308	2.31722	2.53931	2.70088	2.85457	2.8921	2.93634	2.9843	2.96731	2.9228	2.79307	2.62383	2.60398	2.56484	2.56253	2.57061	2.60418	2.63083	2.66984	2.40696	2.39747	2.71193	3.04186	3.33208	3.53848	3.6647	3.58846	3.25206	2.91498	3.58681	3.5349	3.6611	3.58794	3.32889	3.41979	3.55902	4.57551	4.60871	4.38108	4.24982	3.55502	3.36146	3.24029	3.19883	3.27769	3.31623	3.36683	3.5055	4.10311	4.28576	4.56763	4.84334	5.15475	5.34548	5.53191	5.64758	5.79584	5.92282	5.92593	5.82023	5.75971	5.63588	5.60812	5.67057	5.77437	5.65562	5.92423	6.37248	6.91394	7.56129	8.06976	8.83987	9.07777	9.18013	9.34548	9.54068	9.58866	9.96135	10.6852	11.3073	12.1895	12.5348	12.7111	12.9255	13.2063	13.434	13.7179	14.0118	14.282	14.3888	14.6821	15.017	15.4618	15.8644	16.3944	17.0662	17.6415	18.1878	18.7549	19.2738	19.8613	20.5234	21.2179	21.9621	22.4751	22.8895	23.2003	23.5618	23.5913	23.4386	22.563	22.226	22.1981	22.4366	22.663	22.7382	23.1724	24.0317	24.8949	25.5899	25.9318	25.951	25.6843	25.4424	24.2162	22.257	19.7024	16.0528	15.5285	15.8616	14.4737	13.8503	12.5975	11.8962	11.531	11.511	11.6444	11.6659	11.7919	12.018	12.4747	12.9812	13.3784	13.5788	13.823	14.1673	14.3146	14.2512	13.8629	13.292	12.6261	11.8311	10.9042	9.82089	8.72914	7.66117	6.67103	5.6755	4.74652	3.86825	3.3877	2.74977	2.14855	1.66892	1.25296	0.963761	0.690527	0.496319	0.283279	0.0765504	-0.0406534	-0.146178	-0.13999	-0.067101	-0.00985939	-0.0188422	-0.0371647	-0.0361022	-0.0965775	-0.205993	-0.265404	-0.229997	-0.211359	-0.112841	-0.0762278	-0.0237153	-0.0359504	0.304111	0.567477	0.761702	0.926525	0.832506	0.651468	0.353725	0.071229	-0.0372354	-0.173266	-0.092089	-0.14229	-0.437924	-0.461628	-0.382466	-0.195088	0.0517627	0.30625	0.591933	0.835829	1.07038	1.28495	1.34112	0.825434	0.777214	0.80215	0.774189	1.0184	1.09142	1.09167	1.03046	0.981185	0.894283	0.797666	0.744546	0.579672	0.406651	0.21948	0.153597	0.043047	-0.00938154	-0.12116	-0.237831	-0.332956	-0.321163	-0.278268	-0.10362	0.1133	0.26184	0.246745	0.166727	0.0868101	-0.0123175	-0.173268	-0.29846	-0.468857	-0.586884	-0.669891	-0.686416	-0.735795	-0.714392	-0.587266	-0.44823	-0.281978	-0.103327	0.0813287	0.287221	0.460481	0.521993	0.586236	0.578403	0.505205	0.42539	0.338298	0.287299	0.167812	0.0832907	-0.0327066	-0.0441099	-0.0465499	0.0486933
0	-0.0366178	22.5842	21.7214	21.2474	20.9435	20.6008	19.8263	19.0948	18.3659	17.6905	17.0067	16.3365	15.7008	15.0858	14.5277	13.9844	13.4751	12.9919	12.5169	12.0571	11.5695	11.0904	10.587	10.0695	9.54931	9.04977	8.60693	8.22826	7.76143	7.29197	6.81619	6.32825	5.95373	5.65518	5.39751	5.13269	4.85971	4.55564	4.19395	3.83012	3.48329	3.15121	2.8118	2.49093	2.16607	1.89664	1.63287	1.40174	1.19433	1.03489	0.875758	0.745247	0.636432	0.524646	0.407577	0.272901	0.172496	0.073224	-0.0163428	-0.0853684	-0.168461	-0.215248	-0.0810855	0.0224422	0.100271	0.196892	0.236977	0.237901	0.224314	0.184593	0.130224	0.0368874	-0.0397508	-0.0832198	-0.0906131	-0.100524	-0.146094	-0.20267	-0.269605	-0.327427	-0.324616	-0.279011	-0.189036	-0.0736207	0.039303	0.252199	0.482154	0.739898	1.00472	1.2293	1.38971	1.51036	1.60559	1.69768	1.76219	1.81253	1.85345	1.86994	1.88398	1.90222	1.90294	1.92639	1.98958	2.20806	2.46593	2.77934	3.10097	3.3741	3.62597	3.71086	3.75492	3.77413	3.78417	3.80539	3.83014	3.84733	3.87098	3.85847	3.89634	3.93502	3.96044	4.00082	4.02277	4.03737	4.06942	4.03638	3.9908	3.92091	3.83089	3.73667	3.62889	3.53513	3.44893	3.37657	3.32055	3.29413	3.27096	3.35866	3.44321	3.55426	3.68244	3.81609	3.95988	4.11775	4.27671	4.459	4.63851	4.83406	5.03556	5.22654	5.42399	5.62583	5.83368	6.04828	6.27594	6.49885	6.73894	6.99247	7.25644	7.53418	7.82139	8.12146	8.42441	8.74931	9.07638	9.41025	9.74739	10.0928	10.4452	10.7369	11.0172	11.2743	11.5057	11.7029	11.8693	11.8994	11.933	11.8619	11.7658	11.643	11.5124	11.4205	11.3459	11.304	11.2509	11.202	11.1326	11.0506	10.9153	10.667	10.4289	10.197	9.96483	9.76	9.51114	9.2854	9.08734	8.92365	8.92566	8.90653	8.88899	8.93071	8.9954	9.06135	9.12028	9.16794	9.20678	9.24536	9.2399	9.22744	9.1786	9.12261	9.0584	8.90172	8.74383	8.57948	8.41469	8.26368	8.12069	7.99134	7.94396	7.9213	7.88125	7.86625	7.85337	7.83596	7.8216	7.75027	7.63194	7.52763	7.41383	7.24322	7.06924	6.90896	6.70512	6.52675	6.30452	6.08352	5.85785	5.59839	5.375	5.15366	4.96216	4.76819	4.63432	4.57401	4.49475	4.40721	4.32218	4.23157	4.0959	3.97519	3.85788	3.74679	3.79724	3.60565	3.36133	3.14146	2.92574	2.72867	2.54232	2.36572	2.22436	2.11331	2.03245	1.96425	2.1543	2.12724	2.08728	1.87834	1.68605	1.49961	1.37318	1.31006	1.32763	1.34949	1.33223	1.33935	1.33491	1.34839	1.37219	1.36382	1.30664	1.29122	1.32608	1.05284	0.82334	0.617417	0.447109	0.307625	0.200451	0.131729	0.0929423	0.0967135	0.137365	0.313108	0.378348	0.4095	0.388352	0.367342	0.331804	0.285369	0.241142	0.199712	0.147251	0.126711	0.109612	0.109835	0.11851	0.10626	0.0749255	0.0485013	0.0293886	0.000669022	-0.0397405	-0.0754296	-0.151045	-0.237716	-0.333211	-0.405845	-0.475562	-0.481864	-0.520614	-0.54457	-0.548467	-0.528727	-0.485215	-0.386692	-0.270546	-0.14599	-0.0141187	0.0709894	0.116421	0.216305	0.335344	0.506713	0.682102	0.886066	1.13223	1.35791	1.54024	1.69926	1.88154	2.04017	2.22318	2.39294	2.56869	2.65014	2.3734	2.40686	2.59868	2.97466	3.37968	3.87356	4.3171	4.7964	5.22176	5.72348	6.1987	6.70043	7.18859	7.69449	8.23169	8.8695	9.58505	10.3374	11.1069	11.8846	12.6359	13.3819	14.1406	14.9586	15.7779	16.6336	17.5254	18.469	19.4545	20.5092	21.5854	22.6432	24.1278	25.4011	26.3315	27.3964	28.4748	29.4525	30.4672	31.648	32.9477	34.385	35.7071	36.9384	38.0114	39.108	40.3167	41.4711	42.3854	43.2852	44.1396	44.9762	45.6417	46.2149	46.6627	47.0797	47.4812	47.8834	48.2656	48.5454	48.6873	48.7173	48.7228	48.4279	48.1858	47.9616	47.7115	47.4457	47.1142	46.7035	46.2084	45.6144	44.9488	44.0903	43.5821	43.0627	42.8396	42.155	41.3943	40.494	39.5073	38.3708	37.469	36.6618	35.8919	34.991	34.0401	33.0635	32.0285	30.8894	29.7422	28.621	27.5523	26.7308	25.9851	25.2306	24.528	23.8545	23.1314	22.512	21.9387	21.3828	20.8325	20.3145	19.8061	19.3267	18.8582	18.4132	17.9614	17.5312	17.0251	16.4875	15.9313	15.3964	14.8697	14.3096	13.7904	13.5124	13.2777	12.9762	12.6864	12.4196	12.1912	12.0357	11.9088	11.7982	11.8503	11.9618	12.1656	12.3852	12.6384	12.9441	13.2935	13.6589	14.0166	14.233	14.5711	14.8178	15.27	15.5119	14.9042	14.9719	14.7625	14.7682	15.0093	15.5365	16.3289	17.8369	19.5976	22.5468	25.8619	30.4429	36.3989	42.9462	51.4645	62.4275	79.3179	94.6483	107.627	116.551	117.931	105.969	91.4991	74.606	59.5328	48.9434	39.3028	32.9264	26.9568	22.5695	18.9756	16.0369	13.9965	12.2969	10.9854	9.7142	8.85786	8.01931	7.22737	6.25657	5.56006	4.95781	4.3786	3.96284	3.42598	2.9959	2.61119	2.29325	2.02689	1.82978	1.74201	1.76404	1.75329	1.75194	1.75886	1.77792	1.78546	1.75386	1.67016	1.56748	1.44355	1.31734	1.20472	1.10113	1.00894	0.916422	0.827921	0.747529	0.66886	0.591248	0.542354	0.520009	0.486549	0.500965	0.494242	0.500301	0.493046	0.494986	0.490829	0.476599	0.487816	0.438132	0.449636	0.430786	0.355501	0.277472	0.165692	0.081642	0.0319484	0.0245731	0.0333745	0.0284853	0.00942062	-0.0105442	-0.0275895	-0.0820005	-0.143784	-0.227688	-0.30662	-0.378167	-0.442726	-0.505658	-0.578113	-0.577957	-0.567771	-0.553222	-0.503238	-0.444171	-0.382757	-0.309688	-0.206682	-0.139529	-0.0325577	-0.00975682	0.0197523	0.0464592	0.00493949	-0.00733076	-0.0292683	-0.0324662	-0.0269396	-0.0194416	-0.0189355	-0.0104763	0.0230054	0.0444724	0.0560115	0.0686288	0.0765145	0.0750556	0.110808	0.0764441	0.0488724	-0.00869163	-0.0317215	-0.0449416	-0.0604678	-0.0555166	-0.0657943	-0.11754	-0.235687	-0.322915	-0.368965	-0.391611	-0.387575	-0.301306	-0.206158	-0.0972441	-0.00362098	0.0108046	0.0723289	0.14949	0.208236	0.257013	0.290203	0.329392	0.17158	0.200249	0.264005	0.354985	0.431352	0.502294	0.552656	0.515392	0.539584	0.566114	0.58979	0.573138	0.54618	0.501908	0.372133	0.126796	-0.130664	-0.393888	-0.637223	-0.708015	-0.728796	-0.636476	-0.314025	-0.282637	-0.241601	-0.179502	-0.0446472	0.105474	0.282115	0.48722	0.602331	0.667402	0.734002	0.798868	0.844925	0.846457	0.75352	0.663873	0.516267	0.371859	0.228612	0.181364	0.136604	0.118739	0.102511	0.0466479	-0.021524	-0.0751956	-0.127524	-0.161649	-0.186133	-0.186022	-0.163797	-0.11799	-0.0386788	0.0416696	0.191094	0.350505	0.564116	0.807488	1.01447	1.12085	0.653951	0.260951	0.0927038	0.091358	0.617051	0.625025	0.509156	0.383125	0.186419	-0.0153843	-0.1653	-0.341719	-0.451973	-0.491398	-0.412975	-0.387029	-0.352849	-0.344586	-0.380833	-0.434466	-0.472685	-0.393948	-0.300137	-0.235353	-0.136493	-0.0311412	0.0465818	0.0433735	0.0786764	0.166548	0.256618	0.360515	0.488216	0.62361	0.769147	0.893054	1.02263	1.19618	1.33275	1.48956	1.58117	1.50936	1.44739	1.39873	1.35879	1.43493	1.50145	1.6015	1.68529	1.69897	1.7306	1.75927	1.81472	1.90106	2.09659	2.41015	3.05154	3.35277	3.41609	3.41088	3.42494	3.39624	3.36003	3.24143	3.03683	2.8153	2.536	2.25986	2.13854	2.15809	2.33035	2.48166	2.66526	2.8871	3.22056	3.48891	3.69621	3.79722	3.77848	3.70634	3.49658	3.25448	2.99913	2.80553	2.64607	2.48652	2.38534	2.31998	2.31355	2.37728	2.48703	2.59991	2.73578	2.87447	3.04827	3.2567	3.46707	3.70025	3.82836	3.96539	4.09449	4.20605	4.31509	4.46007	4.71532	5.06203	5.44297	5.84626	6.09734	6.03531	5.99551	5.95615	5.95214	5.97288	6.0436	6.17593	6.36163	6.60897	6.89373	7.26798	7.66176	8.19606	8.42837	8.64823	8.94103	9.22871	9.50343	9.78855	10.0871	10.4914	10.8684	11.3049	11.8065	12.3005	12.8146	13.3382	13.8539	14.4525	15.042	15.4749	15.8319	16.1092	16.3002	16.4788	16.6462	16.7917	17.0622	17.5633	18.1311	18.7105	19.3999	19.8746	20.3149	20.7445	21.0355	21.1735	21.2237	21.2517	21.2049	21.1828	21.227	21.3074	21.4949	21.719	21.9903	22.1858	22.1702	22.2511	22.5017	22.6894	22.407	24.2577	25.2067	27.5076	26.5088	24.1141	21.6462	19.3475	17.2762	15.6687	13.8224	12.4408	11.8162	11.5573	11.174	10.6717	10.6531	10.8027	11.1193	11.5213	12.0178	12.5807	12.9718	13.3721	13.5544	13.6702	13.5573	13.356	12.873	12.581	12.0983	11.4875	10.7504	10.1886	9.34783	8.45135	7.30153	6.29102	5.35034	4.54234	3.98683	3.39285	3.00524	2.71673	2.55752	2.41861	2.32289	2.25473	2.19682	1.94585	1.6259	1.32654	1.04485	0.685933	0.425648	0.180636	-0.0494181	-0.221563	-0.358377	-0.444119	-0.458062	-0.426461	-0.35492	-0.329557	-0.244973	-0.13332	-0.00289116	0.146023	0.22886	0.396346	0.443365	0.443947	0.42969	0.497288	0.60624	0.73922	0.924788	1.14167	1.37165	1.57712	1.74741	1.74623	1.66173	1.507	0.418338	-0.218754	-0.483508	-0.593232	-0.606255	-0.522733	-0.358603	-0.267541	-0.115786	0.0907273	0.267077	0.428809	0.550983	0.663187	0.761799	0.844075	0.911197	0.934319	0.929011	0.918133	0.930417	1.00691	1.08061	1.10761	1.10415	1.06879	1.08565	1.10517	1.1483	1.16924	1.1889	1.18531	1.16387	1.1319	1.11157	1.06592	1.01165	0.957706	0.899572	0.837013	0.770827	0.695678	0.596015	0.209136	0.256188	0.268046	0.374125	0.489422	0.670566	0.909393	1.31357	1.12063	0.716877	0.0115443	-1.33304	-1.42762	-1.02839	-0.595247	1.33621	2.29508	3.74358	4.63568	5.23322	5.21941	4.83681
0	20	21.6529	21.2386	20.4402	19.5538	18.6776	17.7015	16.6015	16.2233	15.8306	15.6318	15.6136	15.7663	15.2747	14.6244	13.859	12.8342	11.7201	11.1064	10.5816	10.394	10.1283	9.68107	9.1981	8.74104	8.28505	7.83452	7.40973	6.99045	6.51654	6.01337	5.56495	5.17433	4.77597	4.46776	4.19521	3.84307	3.52314	3.20475	2.97141	2.73402	2.40077	2.1134	1.80971	1.72948	1.81436	1.90966	2.00364	2.07968	2.00038	1.93787	1.87547	1.73877	1.5856	1.41274	1.19205	0.998052	0.854391	0.727323	0.625834	0.547262	0.475104	0.46807	0.44113	0.44747	0.286607	0.0780533	-0.131156	-0.29261	-0.480167	-0.602061	-0.683139	-0.774414	-0.76034	-0.679755	-0.56256	-0.391154	-0.282153	-0.0889644	0.109443	0.324673	0.477611	0.400483	0.384546	0.298012	0.166501	0.0852491	0.00931587	0.0637016	0.124258	0.182846	0.282426	0.500894	0.755396	1.05946	1.38054	1.69067	1.9048	2.13795	2.33556	2.41918	2.53997	2.558	2.62096	2.62433	2.62388	2.54794	2.44626	2.39888	2.36533	2.38665	2.45391	2.44042	2.29022	2.45138	2.5707	2.69393	2.74407	2.84772	2.94806	2.9972	3.08535	3.19045	3.3018	3.36971	3.44088	3.49406	3.55347	3.59238	3.62838	3.65409	3.5859	3.5044	3.41041	3.33071	3.30597	3.31461	3.30723	3.33627	3.38627	3.53812	3.73209	3.94151	4.1561	4.43172	4.72985	4.93884	5.11619	5.26938	5.34652	5.33396	5.37688	5.38179	5.27413	5.34448	5.33154	5.47439	5.63979	5.85445	6.00373	6.23748	6.46681	6.72378	6.98126	7.34539	7.99999	8.22903	8.64885	9.02085	9.31959	9.74046	10.1932	10.579	11.0091	11.334	11.5868	11.811	11.9579	11.98	11.9172	11.5857	11.4045	11.235	11.1184	11.0704	10.9805	10.8108	10.5467	10.41	10.3724	10.299	10.1123	9.90776	9.74821	9.51566	9.40063	9.29194	9.25515	9.14977	9.06214	9.02225	9.02437	8.95396	9.05241	9.15279	9.19273	9.20555	9.20916	9.16444	9.0411	8.8971	8.78002	8.67231	8.6438	8.64019	8.72015	8.75059	8.76569	8.77713	8.75046	8.74519	8.78886	8.71055	8.68715	8.56564	8.39426	8.22707	7.99772	7.68834	7.35674	7.08858	6.95391	6.74206	6.57537	6.35492	6.147	5.92524	5.69405	5.44429	5.09368	4.7874	4.94639	4.9041	4.85851	4.77695	4.64999	4.493	4.29389	4.14772	4.02743	3.97659	3.87058	3.75505	3.66859	3.58411	3.56157	3.50154	3.42135	3.30676	3.21274	3.27373	3.26354	3.24216	3.0393	2.78194	2.47691	2.17485	1.93768	1.82581	1.72461	1.66385	1.5404	1.42985	1.38757	1.32685	1.16615	0.977611	0.876382	0.831153	0.812525	0.869645	0.924325	0.934096	0.977426	0.979876	1.0091	1.04226	1.00389	0.997154	1.02419	1.13377	1.25626	1.29283	1.27875	1.18035	1.02184	0.937061	0.944381	1.06266	1.05937	1.07457	0.911314	0.721248	0.539303	0.35789	0.0598833	-0.246046	-0.893656	-0.633403	-0.432907	-0.19343	0.1109	0.617248	0.58413	0.488553	0.327867	0.197479	0.0480776	-0.0436868	-0.255448	-0.268295	-0.32171	-0.293681	-0.30613	-0.361821	-0.422265	-0.337639	-0.347873	-0.250579	-0.00814051	0.252371	0.513967	0.74702	0.529949	-0.180793	1.7923	2.30974	2.39627	2.20382	2.0531	2.0452	2.2461	2.3927	2.40457	2.50436	2.63925	2.83995	3.00168	3.15142	3.29248	3.41609	3.6025	3.79044	4.03807	4.35056	4.77657	5.21339	5.68986	6.16714	6.70651	7.37091	8.10936	8.74358	9.42823	10.067	10.6358	11.2541	11.8607	12.4654	13.132	13.7052	14.2888	14.955	15.7782	16.5404	17.3182	18.0479	18.9688	19.9923	21.1607	22.3779	23.7284	25.1777	26.6904	28.2941	29.9058	31.4537	32.8279	34.1834	35.2561	36.3355	37.3196	38.317	39.1423	39.9729	40.9711	41.8786	42.7339	43.4541	44.1361	44.7832	45.4385	46.0509	46.6328	47.1967	47.6641	48.0762	48.267	48.2896	48.1843	48.1249	48.0468	47.9721	47.7137	47.3793	46.9227	46.4133	45.8388	45.0877	44.4508	43.9302	43.4542	43.0652	42.3529	41.5676	40.6177	39.5299	38.162	37.5329	37.1653	36.8204	36.4711	35.8393	35.1005	34.0852	33.4156	32.6861	32.0473	31.2899	30.2798	29.3102	28.4713	27.6319	26.9338	26.2722	25.6631	24.9114	24.208	23.6305	22.9304	22.243	21.5841	20.9135	20.1266	19.3845	18.6167	17.8193	17.1005	16.491	15.8747	15.3843	14.8394	14.3451	13.8576	13.4315	13.0677	12.9083	12.7454	12.6989	12.6475	12.5841	12.5882	12.6097	12.6808	12.8571	13.0537	13.3288	13.6875	14.1779	14.4631	14.6423	14.8223	14.9582	14.9938	14.9962	14.9611	14.7598	14.4457	14.2279	14.3908	14.7258	15.4646	16.188	16.9533	17.8161	19.039	21.0339	23.4612	26.4414	30.3353	34.6817	41.48	49.8115	61.7038	75.2205	90.711	101.483	115.853	113.633	102.92	90.0688	74.0871	58.6901	48.2474	40.3922	33.0826	28.3479	24.1587	19.6533	17.0009	14.7964	12.8818	11.0889	9.4841	7.9487	7.49939	6.58852	5.98984	5.55723	5.23242	4.98196	4.77831	4.54371	4.30481	4.06417	3.82398	3.60463	3.41466	3.18788	2.9234	2.67677	2.48202	2.30934	2.15935	2.02293	1.9198	1.88889	1.89553	1.77681	1.59467	1.39088	1.17531	0.972751	0.82908	0.723108	0.711287	0.689771	0.636112	0.606564	0.541211	0.529644	0.502421	0.429357	0.296601	0.1817	0.123912	0.0767288	-0.025167	-0.139913	-0.251299	-0.229038	-0.215105	-0.1416	0.0217411	0.0452652	0.113534	0.180531	0.3111	0.43735	0.471515	0.513696	0.576759	0.647027	0.757012	0.817338	0.871509	0.704236	0.516013	0.352	0.240984	0.097086	-0.114763	-0.222621	-0.344734	-0.414259	-0.338252	-0.251546	-0.140434	-0.0381458	0.0481062	0.104021	0.171674	0.206626	0.127908	0.024572	-0.0960086	-0.393705	-0.640437	-0.838365	-1.02572	-1.02141	-0.968075	-0.787541	-0.687796	-0.625824	-0.497888	-0.336773	-0.200455	-0.194521	-0.0147969	0.159805	0.290047	0.409638	0.595831	0.772394	0.894105	0.954549	1.06018	1.05931	0.934763	0.836367	0.760136	0.687606	0.591084	0.309103	0.0536607	-0.15508	-0.387173	-0.507161	-0.107351	0.0130926	0.121804	0.207902	0.248867	0.237841	0.111545	0.275853	0.503757	0.644627	0.647539	0.522992	0.341961	0.113415	-0.0340594	0.173112	0.17509	0.22661	0.334886	0.416431	0.479522	0.472007	0.496115	0.420054	0.410935	0.325207	0.261908	0.209587	0.123146	0.145712	0.152429	0.124478	0.0927822	0.0485462	0.0177876	0.0161542	0.0194081	0.0299029	0.0266635	-0.0204862	-0.0660172	-0.1295	-0.212944	-0.304045	-0.302939	-0.349457	-0.431144	-0.478278	-0.467049	-0.420177	-0.411877	-0.423364	-0.342201	-0.262968	-0.112595	0.0387727	0.258794	0.420075	0.528252	0.60252	0.651253	0.639861	0.603518	0.556291	0.544934	0.46957	0.511569	0.582585	0.575257	0.533092	0.506822	0.549823	0.600388	0.701322	0.653897	0.562549	0.284776	0.031823	-0.145375	-0.39176	-0.53769	-0.580047	-0.631447	-0.691992	-0.747221	-0.811518	-0.7713	-0.736466	-0.621342	-0.562497	-0.538173	-0.461415	-0.339548	-0.306274	-0.200352	-0.0518374	0.107551	0.253463	0.428122	0.653551	0.930457	1.16527	1.34761	1.45342	1.48347	1.48439	1.44255	1.41989	1.44438	1.41041	1.48895	1.57747	1.72325	1.84042	1.94379	1.99088	2.02947	2.07568	2.13562	2.1913	2.2551	2.35989	2.5439	2.68061	2.88381	3.0546	3.17237	3.27584	3.38983	3.36185	3.29092	3.13311	2.89902	2.67352	2.48299	2.22479	2.19423	2.15179	2.2188	2.29883	2.47123	2.73623	2.96465	3.18034	3.4537	4.22354	4.26621	4.14802	3.90845	3.60421	3.39958	3.28722	3.20761	3.19714	3.26093	3.31226	3.10705	3.12399	3.19984	3.36469	3.42314	3.65618	4.00214	4.32753	4.65561	4.99081	5.31337	5.52062	5.68253	5.86785	6.05478	6.13487	6.11762	6.14175	6.18063	6.26049	6.36676	6.37553	6.4259	6.44411	6.47574	6.59241	6.76037	6.97346	7.28716	7.54077	7.73413	7.81785	7.96351	8.09773	8.30127	8.63608	9.09849	9.53568	9.94253	10.3632	10.7374	11.1092	11.56	11.9503	12.3061	12.6206	12.9255	13.3469	13.8438	14.2505	14.6743	15.1335	15.7332	16.2286	16.714	17.2153	17.7394	18.2454	18.705	19.1769	19.5614	19.9014	19.9899	20.0175	19.9967	20.1319	20.2377	20.3931	20.4469	20.6012	20.637	20.6986	20.6667	20.727	20.7449	20.9439	21.1101	21.5767	22.0927	22.7123	23.2544	24.1917	24.6305	25.5552	25.7109	26.4352	23.6963	21.567	19.5725	17.9575	16.2476	14.6455	13.4454	12.5325	11.8393	11.4488	11.7152	11.7738	11.9023	12.1724	12.5672	12.8475	13.0757	13.3704	13.4711	13.533	13.544	13.4827	13.2747	13.0165	12.5679	12.0901	11.4621	10.7328	9.98037	9.1567	8.27961	7.36941	6.49254	5.58059	4.622	3.58131	2.64781	1.93027	1.2602	0.740643	0.259469	-0.0966968	-0.35352	-0.545438	-0.602925	-0.539615	-0.411808	-0.206428	0.00869495	0.192838	0.32083	0.509696	0.6694	0.738942	0.748313	0.729476	0.665374	0.657938	0.5132	0.348952	0.166839	0.0205249	-0.0578198	-0.11895	-0.171337	-0.174822	-0.218977	-0.166761	-0.110278	0.0254026	0.0928652	0.162397	0.185682	0.188013	0.313982	0.375329	0.51556	0.72857	0.815165	0.891604	1.0191	1.18872	1.39314	1.38334	1.53272	1.29313	1.12892	0.858741	0.614702	0.663246	0.690601	0.761438	1.07109	1.02104	0.974764	0.749743	0.475216	0.29613	0.123804	-0.0300991	-0.144402	-0.275631	-0.154847	-0.163994	-0.178753	-0.176141	-0.108972	-0.124776	-0.172645	-0.227824	-0.287652	-0.246917	-0.220166	-0.155495	-0.136902	-0.125556	-0.144456	-0.139277	-0.127875	-0.124363	-0.0572436	-0.0649023	0.00903014	0.135915	0.174038	0.206644	0.154741	0.128725	0.236832	0.39788	0.612721	0.892023	1.14608	1.42288	1.66449	1.93349	2.15808	2.3769	2.58101	2.7738	2.93917	3.15466	3.3893	3.84515
20	-20.0732	32.4943	31.5507	30.4361	29.4635	28.5351	27.6446	26.7649	25.9287	25.1051	24.3019	23.5177	22.712	21.9343	21.1646	20.4177	19.6817	19.0181	18.2717	17.3743	16.5136	15.6885	14.8619	14.0798	13.2943	12.5833	11.9194	11.2823	10.6712	10.0764	9.49605	8.93531	8.38511	7.86726	7.35761	6.8611	6.35849	5.82822	5.3186	4.68533	4.11614	3.57413	3.12155	2.70809	2.37463	2.11258	1.99074	1.85928	1.69929	1.5796	1.452	1.39462	1.37963	1.3678	1.26677	1.09165	0.874673	0.617134	0.333761	0.013349	-0.158704	-0.534936	-0.517654	-0.387152	-0.226427	-0.0308832	0.0873291	0.20367	0.311761	0.346234	0.419784	0.420179	0.312847	0.115137	-0.122724	-0.404851	-0.823822	-0.908449	-0.907044	-0.852314	-0.756497	-0.617877	-0.413597	0.0244623	0.241151	0.408099	0.530202	0.614585	0.701069	0.759053	0.776594	0.759092	0.707146	0.673988	0.628674	0.555254	0.432953	0.285806	0.108544	-0.0748852	-0.125687	-0.130715	-0.148154	-0.138727	-0.159107	-0.168313	-0.0920858	0.0245886	0.187888	0.411136	0.681955	1.01315	1.33555	1.60879	1.77809	1.88469	1.92604	1.93761	1.89197	1.81342	1.71861	1.61224	1.24926	1.08518	1.13799	1.12708	1.1231	1.09892	1.08458	1.10068	1.13692	1.19164	1.22528	1.28052	1.34777	1.43655	1.51847	1.62712	1.7644	1.98939	2.28776	2.60996	2.94932	3.36269	3.73666	3.83491	3.83144	3.79371	3.78484	3.8812	4.01403	4.20157	4.45812	4.76465	5.02818	5.23309	5.44711	5.65388	5.90473	6.16953	6.44814	6.71623	6.92331	7.06641	7.17057	7.27436	7.44964	7.58237	7.93788	8.38106	8.89148	9.42801	9.94659	10.3889	10.7749	11.1062	11.374	11.5867	11.7307	11.8026	11.7786	11.6971	11.5525	11.3772	11.326	11.3089	11.2799	11.0141	10.423	9.88268	9.03653	8.75542	8.6215	8.62227	8.78656	9.05339	9.37792	9.24094	8.95314	9.79839	10.0395	10.2242	10.3447	10.4058	10.4354	10.4137	10.3634	10.268	10.137	9.98108	9.79783	9.56678	9.3136	9.04877	8.82962	8.65139	8.45216	8.28523	8.16668	8.17152	8.26631	8.37256	8.54515	8.7016	8.81565	8.88752	8.86682	8.86459	8.91516	8.92953	8.8736	8.70623	8.468	8.21083	7.91064	7.47008	6.94094	6.38238	5.86294	5.37452	4.92234	4.52824	4.19888	3.95338	3.86507	4.06038	4.09241	4.14793	4.23776	4.32743	4.21743	4.21438	4.148	4.06399	3.92413	3.74016	3.57625	3.41437	3.26937	3.12783	2.99161	2.89889	2.81834	2.74106	2.68614	2.64682	2.6052	2.59118	2.54524	2.50407	2.45745	2.40964	2.34261	2.31633	2.28845	2.28494	2.23726	2.16312	2.05429	1.92985	1.8338	1.74671	1.71248	1.65646	1.61778	1.57274	1.54109	1.50635	1.47872	1.44681	1.37751	1.29149	1.16928	1.05835	0.910718	0.691016	0.388821	0.127009	-0.0248645	-0.019014	0.048597	0.0556902	0.102275	0.20107	0.456657	0.495019	0.414758	0.202229	-0.0786211	-0.146765	-0.320537	-0.531716	-0.438368	0.517459	0.455056	0.250176	-0.0640389	-0.509053	-1.14369	-1.81706	-2.31925	-2.78663	-1.97525	0.124988	0.532659	0.784534	0.437242	1.55721	0.564013	-0.266171	0.0242396	0.713019	0.848308	1.02601	1.09492	1.0879	0.997448	0.805455	0.567695	0.317884	0.187823	0.114472	0.106229	0.213158	0.377895	0.584989	0.830526	1.06744	1.39669	1.7527	2.13688	2.53213	2.92832	3.28327	3.72021	4.15271	4.57257	4.93569	5.26879	5.5702	5.84065	6.11098	6.3794	6.81072	7.27358	7.76649	8.1451	8.46098	8.8903	9.42845	10.0679	10.805	11.6455	12.6125	13.5437	14.4595	15.3339	16.2392	17.1546	18.0942	19.0666	20.08	21.1095	22.137	23.1378	24.1106	25.0189	25.914	26.7988	27.8871	28.9815	30.0536	31.0077	32.0534	33.0564	33.846	34.5656	35.3227	36.13	36.923	37.6933	38.4106	39.0648	39.632	40.1282	40.5242	40.7814	40.9058	40.9315	40.859	40.6836	40.4181	40.2924	40.2027	40.3401	40.1163	39.6905	39.2938	38.8267	38.2995	37.7293	37.0877	36.3628	35.5646	34.6934	33.8274	32.8306	32.012	31.2887	30.6228	30.0144	29.4679	28.9738	28.5014	28.0413	27.5933	27.0422	26.5145	25.9882	25.437	24.739	24.006	23.3007	22.6347	21.9521	21.2976	20.6214	19.942	19.2777	18.6421	18.088	17.5599	16.9881	16.3826	15.6677	14.8294	13.8984	13.0113	12.2827	11.6306	11.0586	10.6106	10.3071	9.89742	9.52299	9.20131	8.96221	8.78786	8.6973	8.71923	8.58722	8.70369	8.92319	9.26094	9.6716	10.2677	10.7984	11.2818	11.6001	11.3098	11.2613	11.2359	11.2589	11.1479	11.2083	10.9854	10.8635	10.6006	10.4943	10.4628	10.4685	10.7683	11.3141	12.0585	12.6438	13.6225	14.8768	16.6415	18.7531	21.8777	25.3432	30.1422	37.497	45.182	55.3449	66.9764	76.5889	85.8026	87.6362	76.9526	65.4915	54.6906	43.6768	35.2933	29.5664	23.5433	19.3842	15.7221	13.1165	11.1216	9.68907	8.46085	7.33991	6.54331	5.74916	5.19676	4.80238	4.56383	4.25581	3.41276	3.01096	2.6279	2.32356	2.03748	1.79704	1.76431	1.79186	1.84655	1.92277	2.01845	2.09099	2.07736	2.09524	2.07949	2.04167	1.8571	1.50814	1.28292	1.05918	0.841896	0.643971	0.531041	0.392375	0.28293	0.201153	0.104321	0.0397625	-0.0569049	-0.112245	-0.129262	-0.162933	-0.185211	-0.190909	-0.24865	-0.311053	-0.331477	-0.295658	-0.214725	-0.148132	-0.105106	-0.0999351	-0.0570386	0.0183093	0.0816633	0.123057	0.140857	0.136327	0.103288	0.063062	-0.0162208	-0.110595	-0.250364	-0.389545	-0.535595	-0.621	-0.607968	-0.602382	-0.609597	-0.628937	-0.566797	-0.340706	-0.0708697	0.146061	0.295886	0.419362	0.543031	0.626014	0.674287	0.624963	0.53625	0.460389	0.408557	0.475605	0.453316	0.263263	0.0895617	-0.0795168	-0.210551	-0.264036	-0.270299	-0.23919	-0.183354	-0.0985752	0.00982355	0.134726	0.28743	0.450045	0.617852	0.808456	0.971867	1.08115	1.13892	1.18858	1.19379	1.15721	1.10341	0.996576	0.869198	0.720497	0.556887	0.399439	0.264577	0.12459	0.00400241	-0.0998514	-0.185559	-0.247923	-0.285674	-0.297962	-0.27765	-0.224039	-0.0720047	0.120089	0.337883	0.560168	0.798669	0.963366	1.13803	1.31511	1.46619	1.60779	1.71208	1.6988	1.6349	1.5556	1.45414	1.41436	1.36558	1.32041	1.32873	1.50411	1.59162	1.671	1.74055	1.73072	1.88888	1.89319	1.81312	1.61337	1.39651	1.24359	1.14596	1.12257	1.07281	1.05008	1.05479	1.05355	1.05284	0.983223	0.916332	0.858958	0.80171	0.760817	0.707228	0.452487	0.378809	0.360469	0.327121	0.235319	0.162847	0.102206	0.0716375	-0.00574155	-0.086544	-0.153378	-0.179117	-0.203638	-0.155943	-0.0355263	0.0812498	0.19523	0.296874	0.372553	0.414627	0.443709	0.448777	0.431138	0.401457	0.352636	0.270164	0.173228	0.0344981	-0.141265	-0.343408	-0.545476	-0.58753	-0.599403	-0.472072	-0.322588	-0.2861	-0.163285	-0.389394	-0.811171	-0.995814	-1.29014	0.391875	0.593202	-0.0868631	-0.425771	-0.3967	-0.340617	-0.279444	-0.230619	-0.214859	-0.195957	-0.213912	-0.233878	-0.258203	-0.200608	-0.138881	-0.0711423	-0.0239418	0.0180565	0.115813	0.21836	0.356996	0.534801	0.793871	1.05956	1.40844	1.74238	2.02532	2.17138	2.23186	2.15151	1.98706	1.78904	1.65594	1.58964	1.5798	1.61697	1.68649	1.78689	1.89199	2.00467	2.07447	2.17471	2.26981	2.34883	2.3411	2.27605	2.14906	2.1227	2.12166	2.13222	2.15395	2.17079	2.18154	2.19776	2.22035	2.24336	2.256	2.21539	2.06904	1.8663	1.61369	1.54258	1.66632	1.83795	2.00924	2.15513	2.31794	2.48669	2.65759	2.7513	2.76163	2.69145	2.58577	2.50497	2.4621	2.55285	2.54099	2.54328	2.53482	2.61799	2.74556	3.02053	3.32382	3.63566	3.92014	4.21524	4.51798	4.84895	5.14797	5.33982	5.37345	5.32786	5.21484	5.0562	4.88145	4.74173	4.71253	4.78208	4.96261	5.20891	5.51798	5.88541	6.31335	6.76944	7.34224	7.90614	8.38843	8.70567	8.94279	9.17846	9.41547	9.55256	9.50758	9.21351	8.99127	8.9084	9.05785	9.47809	9.97542	10.3762	10.6891	10.9839	11.2767	11.6293	12.1841	12.9997	13.6869	14.0909	14.6008	14.8996	15.1917	15.5243	15.875	16.2629	16.6833	17.4945	17.7848	18.1744	18.2758	18.2917	18.2696	18.2921	18.3232	18.3695	18.2857	17.9817	17.8987	17.8752	18.0018	18.3352	18.8356	18.9719	18.9776	18.8241	18.4109	17.8002	16.7337	15.816	14.8229	13.8411	12.9367	12.0864	11.2859	10.6035	10.0241	9.54799	9.19426	9.17418	9.14314	9.20375	9.3436	9.60867	9.91895	10.1022	10.2064	10.2854	10.4438	10.6784	10.9152	11.0085	10.6973	10.3336	9.94126	9.40718	8.70401	7.9387	7.13195	6.31955	5.51481	4.74339	4.03614	3.36658	2.77787	2.24229	1.77783	1.37183	1.05666	0.761326	0.662114	0.630268	0.572226	0.495122	0.420485	0.344458	0.244347	0.143086	0.0239175	-0.0902499	-0.210893	-0.332889	-0.448258	-0.461817	-0.385073	-0.344309	-0.293619	-0.24824	-0.210907	-0.163505	-0.122737	-0.113774	-0.120015	-0.0917085	-0.0540328	0.0035876	0.115132	0.247241	0.414532	0.720868	1.06185	1.40605	1.70644	1.87163	1.94104	1.97746	2.01057	2.02534	2.00042	1.72779	1.72385	1.72356	1.71753	1.70386	1.66817	1.61577	1.50298	1.37518	1.26001	1.22353	1.17183	1.07973	0.786586	0.548149	0.314181	0.157936	-0.0024408	-0.138216	-0.258141	-0.357204	-0.41364	-0.424332	-0.385327	-0.334058	-0.271265	-0.133541	0.0136324	-0.0506613	-0.0538212	-0.000415657	0.105442	0.212204	0.276622	0.36821	0.442412	0.307447	0.161973	0.0366327	-0.137674	-0.288511	-0.407575	-0.398685	-0.371837	-0.29632	-0.210643	0.0482459	0.255761	0.426962	0.621585	0.805632	1.01758	1.16373	1.24963	1.28837	1.29281	1.28196	1.28134	1.33894	1.37664	1.48406	1.91586	2.67053
20	-0.0366178	38.5649	37.5997	36.8404	36.1117	35.3814	34.6151	33.8372	32.9985	32.1008	31.1365	30.0268	28.8401	27.6346	26.4086	25.2344	24.0792	22.9575	21.8005	20.767	19.7823	18.8683	18.0484	17.3019	16.5959	15.9556	15.3088	14.6998	14.1	13.4821	12.8756	12.2744	11.6805	11.0771	10.4733	9.85618	9.24911	8.61361	7.98251	7.40739	6.91889	6.45748	6.01743	5.60809	5.18624	4.79687	4.43647	4.08361	3.76255	3.54227	3.35371	3.21697	3.0906	2.94237	2.75983	2.51649	2.27611	2.0207	1.75774	1.48401	1.20382	0.921496	0.643071	0.334108	0.0347901	-0.246356	-0.360908	-0.424371	-0.444679	-0.476449	-0.460908	-0.422294	-0.365434	-0.29978	-0.210083	-0.104285	0.0212563	0.120215	0.206312	0.309011	0.486315	0.662884	0.642858	0.603716	0.540544	0.442843	0.316802	0.165505	-0.0175633	-0.186935	-0.317109	-0.37366	-0.367923	-0.34531	-0.283517	-0.16703	-0.00918502	0.174876	0.387211	0.580043	0.716386	0.875944	1.02508	1.15317	1.30247	1.45642	1.57513	1.66255	1.63677	1.63618	1.63234	1.66609	1.67782	1.70433	1.75501	1.82852	1.92682	2.06775	2.2363	2.37624	2.55932	2.75665	2.9219	2.99976	3.04488	3.13445	3.18219	3.20544	3.22378	3.23115	3.35799	3.49689	3.64393	3.77641	3.87704	3.93207	3.97099	4.00928	4.09943	4.24795	4.37662	4.47858	4.5376	4.60503	4.66371	4.73053	4.7727	4.76491	4.70063	4.63165	4.55677	4.49214	4.45796	4.43663	4.49826	4.67632	5.01019	5.33409	5.65709	5.86913	6.13464	6.14839	6.82534	7.67033	8.66422	9.65241	10.4965	11.2833	11.8968	11.2772	10.9643	11.2029	11.4513	11.6007	11.6859	11.5459	11.3484	11.0609	11.2286	11.6422	11.8261	12.0092	12.166	12.3127	12.4672	12.6166	12.416	12.4811	12.5016	12.4498	12.2756	11.9621	11.6249	11.3497	11.2135	11.1221	11.0374	10.9406	10.8267	10.7372	10.6749	10.6331	10.6264	10.5988	10.5723	10.51	10.459	10.3779	10.2891	10.231	10.1818	10.1042	10.0225	9.9407	9.87163	9.85968	9.84259	9.85039	9.80982	9.80566	9.86999	10.0253	10.1714	10.3085	10.3905	10.4229	10.4099	10.3773	10.3192	10.2332	10.1293	9.98996	9.87591	9.7406	9.56189	9.26575	8.99474	8.84656	8.49911	8.31779	8.22149	8.25918	8.16245	7.92548	7.58476	7.19599	6.77045	6.14037	5.68829	5.31039	5.07284	4.96032	4.88478	4.8255	4.75862	4.65417	4.55676	4.43885	4.35721	4.27114	4.19871	4.11856	4.09203	4.07343	4.04044	3.99911	3.9358	3.85615	3.76631	3.56793	3.35599	3.12969	2.87609	2.63113	2.46445	2.31292	2.17695	2.05087	1.94293	1.85211	1.78338	1.72167	1.69852	1.67099	1.66028	1.61956	1.63446	1.65732	1.64599	1.56712	1.43337	1.23091	1.02833	0.906368	0.814134	0.705841	0.61806	0.465723	0.400565	0.395299	0.436846	0.520077	0.579505	0.622295	0.663367	0.662762	0.612721	0.445704	0.223923	-0.0798056	-0.33762	-0.55258	-0.730099	-0.9163	-1.04577	-1.12815	-1.17116	-1.08081	-0.956178	-0.755281	-0.524493	-0.303127	-0.0685935	0.154231	0.384412	0.515671	0.736694	0.870005	0.927714	0.99232	1.03614	1.05568	1.10194	1.13915	1.13062	1.14617	1.25929	1.55206	1.67469	1.68543	1.65285	1.65631	1.68545	1.75877	1.87502	1.97008	2.0517	2.1172	2.18239	2.26316	2.36188	2.5099	2.67051	2.87444	3.06758	3.29595	3.5446	3.80961	4.12613	4.48483	4.96928	5.53885	6.07259	6.60469	7.08893	7.56129	8.05423	8.6296	9.27267	9.96639	10.7542	11.6152	12.5406	13.7779	14.2316	15.217	16.6373	17.5219	18.4163	19.2044	19.9776	20.6985	21.3309	21.8693	22.1254	22.7317	23.8254	25.3539	26.5853	27.6866	28.5376	29.3414	30.2309	31.2141	32.1951	33.1521	34.1478	35.1895	36.1985	37.0334	37.7782	38.434	38.9556	39.483	39.9849	40.3923	40.6627	40.6807	40.5776	40.3646	40.1882	39.9481	39.7661	39.5335	39.2621	38.9302	38.7238	38.023	37.5661	37.0819	36.7264	36.3842	36.0438	35.6936	35.2869	34.8089	34.2668	33.6997	33.0674	32.4263	31.7453	31.0652	30.3217	29.5664	28.8313	28.039	27.2411	26.4111	25.6635	24.9955	24.3249	23.661	22.99	22.2638	21.4785	20.6899	19.9013	19.116	18.4493	17.9415	17.4787	16.9599	16.4402	15.91	15.3199	14.7076	14.0199	13.4226	12.9148	12.4565	11.9884	11.5129	10.9371	10.3662	9.83619	9.41363	9.11951	8.92382	8.75438	8.64898	8.61898	8.68003	8.81994	9.17037	9.54922	9.9346	10.3534	10.7726	11.1411	11.4043	11.649	11.5978	11.6256	11.7115	11.799	11.6184	11.8948	12.051	11.4916	10.9557	10.39	10.0218	9.94465	10.1575	10.7137	11.6264	12.9688	15.001	17.7874	21.2928	25.2557	30.7598	38.1533	46.6532	55.6704	64.8778	73.6696	80.7857	83.4297	75.2416	64.4354	54.3672	44.2797	36.1104	29.6913	22.8723	15.5767	15.1022	12.676	10.1854	8.26888	7.26125	6.14106	5.09669	4.70398	4.47266	4.28478	4.14488	3.86451	3.7349	3.59747	3.46944	3.27036	2.9787	2.67492	2.48592	2.36359	2.33333	2.23418	2.13731	2.02705	1.9192	1.80914	1.70423	1.63637	1.55367	1.48666	1.45218	1.45532	1.44663	1.4286	1.34863	1.19717	1.05693	0.996278	1.10293	1.17395	1.20346	1.23699	1.26564	1.32775	1.64813	1.70103	1.71909	1.63695	1.49646	1.28303	1.20415	1.11376	0.907464	0.734503	0.589306	0.459618	0.365595	0.227813	0.201365	0.184287	0.198088	0.224937	0.256251	0.294808	0.323014	0.346516	0.355078	0.351657	0.319455	0.267675	0.173487	0.0701617	-0.0437734	-0.160817	-0.22854	-0.241757	-0.230584	-0.22612	-0.236136	-0.27861	-0.311341	-0.402951	-0.482548	-0.446067	-0.348272	-0.198714	-0.0350128	0.0939648	0.1921	0.148104	-0.00782275	-0.183385	-0.34609	-0.478992	-0.587174	-0.719638	-0.754513	-0.678629	-0.532296	-0.339973	-0.0051219	0.396047	0.778591	1.1131	1.38893	1.62479	1.81364	1.94705	2.00901	1.97463	1.83515	1.77773	1.58131	1.38749	1.27651	1.17746	1.14784	1.19201	1.2459	1.34701	1.4415	1.54724	1.6165	1.68618	1.76343	1.82951	1.87543	1.8617	1.80827	1.73973	1.65878	1.47778	1.3144	1.14614	1.05266	0.995902	0.997881	1.02666	1.00174	0.927249	0.85026	0.784692	0.71386	0.641622	0.574937	0.505617	0.46766	0.412018	0.377509	0.294135	0.232932	0.17916	0.168222	0.19247	0.319903	0.538483	0.736612	0.81847	0.863514	0.880456	0.845666	0.713157	0.576645	0.537148	0.521747	0.542602	0.536323	0.435871	0.357722	0.26183	0.180929	0.121017	0.110183	0.10424	0.11731	0.14171	0.139726	0.144382	0.162459	0.181667	0.155445	0.116114	0.0697802	0.0153771	-0.0609212	-0.141829	-0.237056	-0.366447	-0.512748	-0.632685	-0.613222	-0.592747	-0.594436	-0.548359	-0.489174	-0.412722	0.147132	0.250204	0.395583	0.444012	0.448864	0.378291	0.112181	-0.0859577	-0.169668	-0.230661	-0.270293	-0.301865	-0.314382	-0.330924	-0.34781	-0.367583	-0.399686	-0.429679	-0.459834	-0.545611	-0.635534	-0.710509	-0.786005	-0.842572	-0.893107	-0.922735	-0.833272	-0.746525	-0.630455	-0.554542	-0.479049	-0.462607	-0.319348	-0.147286	0.00760938	0.11103	0.234991	0.303514	0.364398	0.424125	0.477275	0.529675	0.523272	0.472342	0.409291	0.42321	0.528361	0.713394	0.744174	0.797856	0.880143	0.960361	1.01248	1.05886	1.00275	0.923403	0.826857	0.710721	0.59408	0.419773	0.250037	0.0879369	-0.021896	0.0103558	0.0842366	0.171285	0.257775	0.310445	0.338138	0.329603	0.302411	0.234301	0.134892	0.0683524	0.0826216	0.187569	0.44511	0.668083	0.865045	1.03333	1.16508	1.27181	1.35089	1.37308	1.35802	1.22284	1.06357	0.919624	0.732879	0.672381	0.653943	0.748893	0.925081	1.193	1.53277	1.96826	2.42784	2.90277	3.36036	3.76478	4.09029	4.40362	4.51009	4.46574	4.55125	4.46771	4.26214	4.0013	3.69035	3.47375	3.27441	3.16819	3.12832	3.24802	3.43375	3.69291	4.20347	4.40225	4.76813	5.17779	5.56397	5.91844	6.26808	6.61785	6.99199	7.38479	7.78285	8.25538	8.74245	9.25953	9.76013	10.1851	10.5995	11.0086	11.4395	11.8287	12.2234	12.6004	12.9679	13.3095	13.5722	13.7602	13.9019	14.0704	14.3907	14.712	14.9863	15.1901	15.3509	15.4597	15.5486	15.634	15.6958	15.6614	15.6024	15.5004	15.6912	15.9935	16.423	16.8684	17.415	18.0605	19.0162	19.3138	19.3432	19.0419	18.2519	17.523	16.641	15.6265	14.5168	13.3976	12.1681	10.9809	10.1591	9.51182	8.90847	8.61088	8.85745	9.14098	9.44279	9.72239	10.0435	10.4775	10.9169	11.2821	11.644	11.916	12.0959	12.1193	12.0492	11.76	11.3476	10.8141	10.1405	9.36689	8.48013	7.65317	6.70635	5.75089	4.96157	4.18093	3.61857	3.13555	2.67782	2.334	2.09028	1.88419	1.74896	1.6319	1.52113	1.56589	1.08064	0.63466	0.211166	-0.177848	-0.519939	-0.837129	-1.07452	-1.14243	-0.881876	-0.689334	-0.543598	-0.231078	0.166982	0.563836	0.946335	1.25834	1.33036	1.44025	1.61492	1.78169	1.89334	1.98475	1.99703	1.8569	1.86007	1.89143	1.95752	2.00096	2.07275	2.13156	2.25061	2.36852	2.43269	2.31886	2.35216	2.38565	2.50799	2.62432	2.75143	2.94034	3.06141	3.16039	3.16566	3.14316	2.86123	1.49727	1.02125	1.31976	1.98235	1.87282	1.99809	2.10023	2.1565	2.19204	2.24256	2.31582	2.44455	2.56811	2.67177	2.77028	2.88002	2.88353	2.83846	2.78746	2.7756	2.76851	2.78375	2.71753	2.63446	2.50639	2.33731	2.12609	1.84982	1.53605	1.17285	0.720374	0.348047	0.0516282	-0.127195	-0.218439	-0.27142	-0.299786	-0.291329	-0.274238	-0.224075	-0.171902	-0.0951672	-0.0462098	-0.000531893	-0.0179591	-0.0195016	-0.0309759	-0.0187437	-0.00889422	0.00711847	0.160831	0.563365	1.22423	2.09884	3.22517
20	20	35.7143	33.7777	31.9443	30.24	28.6789	27.3419	26.2022	25.1914	24.3548	23.5709	22.8684	22.1909	21.5387	20.8959	20.2367	19.5289	18.9169	18.2125	17.4115	16.4758	15.5785	14.5428	13.3949	12.4414	11.6705	11.0457	10.5746	10.153	9.79744	9.38145	8.96908	8.57259	8.17194	7.77167	7.34856	6.91255	6.49276	5.98664	5.45051	4.90013	4.36621	3.87661	3.40744	2.95576	2.52259	2.13995	1.79765	1.47261	1.16656	0.867571	0.585337	0.340647	0.117589	0.0424504	0.01511	-0.00325661	-0.0488167	-0.0720528	-0.0994838	-0.0730886	0.00285069	0.0467746	0.101204	0.150197	0.169705	0.175159	0.152389	0.0842311	0.00465027	-0.105523	-0.212845	-0.212865	-0.172766	-0.167347	-0.371394	-0.503024	-0.489675	-0.315064	0.0420223	0.460256	0.963876	1.79998	1.97469	1.77178	1.34165	0.689308	1.06267	1.16301	1.20849	1.32202	1.4433	1.29974	0.894812	0.562071	0.282848	0.0692725	-0.094699	-0.214621	-0.290069	-0.293459	-0.217937	0.0655972	0.472404	0.694892	1.1441	1.55749	1.93978	2.26484	2.57203	2.79881	2.96051	3.10643	3.25404	3.37269	3.52997	3.63881	3.64954	3.5909	3.4722	3.56754	3.67048	3.72282	3.87675	3.81889	3.73371	3.59625	3.43263	3.28597	3.32405	3.39079	3.47528	3.54433	3.64889	3.74835	3.84379	3.93189	3.99754	4.01409	3.98816	3.94851	3.88478	3.84026	3.85516	3.93645	4.1005	4.35902	4.70804	5.11759	5.56314	6.0449	6.42579	6.6625	7.01696	7.29626	7.50058	7.57907	7.64294	7.676	7.72158	7.80159	7.92738	8.10923	8.32283	8.61257	8.98051	9.38768	9.80726	10.1567	10.4996	10.8517	11.2082	11.5036	11.7791	11.9974	12.1108	12.1896	12.2326	12.2342	12.2609	12.3246	12.4399	12.5893	12.7464	12.8832	12.9949	12.9863	12.908	12.787	12.6373	12.4875	12.3359	12.1227	11.8601	11.5638	11.316	11.0507	10.8113	10.6521	10.6002	10.6153	10.6831	10.8563	11.0569	11.0852	11.2952	11.4846	11.7267	11.9608	12.168	12.3174	12.4654	12.5147	12.5016	12.3113	12.2778	12.1783	12.0363	11.8486	11.6504	11.3427	11.0009	10.6518	10.3934	10.1628	9.98786	9.77176	9.54457	9.35411	9.22423	9.16247	9.23354	9.34778	9.45404	9.52011	9.41008	9.24529	9.01068	8.72779	8.37146	7.99422	7.63984	7.38026	7.48913	7.29204	7.1061	6.90547	6.73611	6.60469	6.59622	6.49872	6.31388	6.03602	5.71409	5.54389	5.45072	5.39198	5.28426	5.38906	5.5675	5.91359	6.11216	5.97525	5.57496	4.97323	4.6105	4.25631	3.88926	3.56561	3.29131	3.2647	3.07752	2.84884	2.76607	2.69843	2.77459	2.90124	3.01701	3.16721	3.30756	3.43727	3.47487	3.51319	3.51659	3.49429	3.4265	3.27309	3.05945	2.86347	2.6406	2.39659	2.21907	2.01665	1.82147	1.63329	1.4899	1.34141	1.21459	1.10371	1.0258	0.955203	0.905064	0.882401	0.880289	0.895524	0.95383	1.03915	1.16014	1.33391	1.47864	1.44927	0.961327	0.594911	0.259779	-0.0212088	-0.279351	-0.457688	-0.588937	-0.632154	-0.614702	-0.50062	-0.291353	0.0456199	0.704758	0.65507	0.465654	0.238558	0.0667663	-0.0262071	-0.182328	-0.510177	-0.657893	-0.681902	-0.665498	-0.318485	-0.0679813	0.114702	0.429961	0.864297	1.36112	1.93334	2.22892	2.3954	2.41691	2.33706	2.18932	2.01929	1.97049	2.01471	2.15025	2.53252	2.8852	3.11862	3.34284	3.55822	3.78126	4.00552	4.27147	4.56464	4.87072	5.19696	5.50505	5.80356	6.13223	6.46026	6.85841	7.34962	7.98724	8.72249	9.39625	10.0514	10.7495	11.4152	12.1565	13.0143	13.9324	14.865	15.8122	16.6777	17.4802	18.2559	19.069	19.9133	20.7728	21.644	22.5397	23.5179	24.5179	25.5695	26.6158	27.6829	28.7265	29.723	30.6618	31.5564	32.4145	33.2375	34.0782	34.9726	35.8275	36.5927	37.3107	37.938	38.4958	38.9879	39.4208	39.7788	40.0932	40.338	40.4817	40.5227	40.3732	40.1286	39.8416	39.5506	39.1927	38.7061	38.1276	37.3733	36.5626	35.8019	35.1152	34.4457	33.8081	33.1877	32.6015	32.0533	31.5154	31.0184	30.5671	30.105	29.6413	29.1431	28.628	28.0153	27.4567	26.8787	26.1577	25.3748	24.6524	23.9266	23.1453	22.1917	21.2206	20.2908	19.4361	18.6334	17.9107	17.2627	16.6612	16.0882	15.4726	14.8954	14.3909	13.9668	13.4951	12.9045	12.5229	12.1026	11.656	11.1501	10.647	10.2515	9.89298	9.66634	9.46736	9.27988	9.07205	8.71579	8.39927	8.09769	7.72223	7.58001	7.65211	7.83959	8.09991	8.43038	8.80182	9.10122	9.3923	9.65007	9.89539	10.1434	10.4011	10.6506	10.737	10.6907	10.848	10.7141	10.5168	10.1022	9.73012	9.54483	9.55716	9.87635	10.61	11.7795	13.5293	15.7889	19.4006	23.4588	28.5727	34.4907	41.9883	51.2283	60.5191	71.4461	79.3376	82.2555	68.8611	57.6518	46.5252	38.1902	32.3668	27.1244	21.8333	17.7121	15.2803	12.9959	10.1054	8.27922	6.85123	5.73465	4.97488	4.39912	3.93789	3.60393	3.35393	3.18683	3.13046	3.08286	3.01395	2.76092	2.32049	1.82163	1.33186	0.843294	0.667528	0.557797	0.516471	0.516016	0.47443	0.397271	0.296938	0.268821	0.201487	0.218702	0.293253	0.320051	0.31154	0.283606	0.261813	0.237817	0.199728	0.185119	0.170168	0.208929	0.213758	0.191798	0.157567	0.0796898	-0.00275411	-0.150556	-0.251323	-0.309811	-0.292707	-0.192091	-0.123745	-0.0916621	-0.415398	-0.42988	-0.405223	-0.415643	-0.430722	-0.444269	-0.431135	-0.392139	-0.314438	-0.206891	-0.0980252	0.0159439	0.155998	0.292409	0.432326	0.561268	0.68831	0.791113	0.859507	0.920178	0.955179	0.919224	0.652848	0.290287	-0.273229	-0.573836	-0.625392	-0.527469	-0.249761	-0.0974652	0.0742744	0.249678	0.528194	0.611236	0.325905	0.161465	0.0422164	0.0193673	0.156566	0.307444	0.347953	0.303627	0.113924	0.177557	0.357555	0.44298	0.345951	0.173257	-0.0751696	-0.43639	-0.681145	-0.862298	-0.815297	-0.495488	-0.349865	-0.224685	-0.138499	0.116029	0.228002	0.255237	0.0517627	-0.0529986	-0.131206	-0.134905	-0.113002	-0.0365365	0.0534024	0.225218	0.4097	0.64225	0.879821	1.09976	1.31748	1.4443	1.56035	1.60015	1.55811	1.41238	1.25255	1.08492	0.996666	0.929455	0.845928	0.854241	0.862276	0.906751	0.967818	0.954559	0.948954	1.09134	1.23494	1.44367	1.59382	1.81974	1.98546	2.03363	1.99946	1.88387	1.74504	1.64564	1.55977	1.32191	0.988337	0.671962	0.587576	0.557081	0.533031	0.526203	0.561558	0.599373	0.624518	0.561728	0.516884	0.464714	0.453344	0.329499	0.294958	0.248346	0.194324	0.0143942	-0.0095621	-0.0490961	-0.100807	-0.0698197	-0.0233947	0.0831487	0.191623	0.223643	0.22475	0.212622	0.185606	0.150347	0.106603	0.0532914	-0.0118148	-0.0766008	-0.149003	-0.179888	-0.228363	-0.286092	-0.339966	-0.384922	-0.440232	-0.480924	-0.496155	-0.512014	-0.545135	-0.576669	-0.523947	-0.568926	-0.591205	-0.669282	-0.738963	-0.794107	-0.819063	-0.818977	-0.814291	-0.786053	-0.699873	-0.52796	-0.483636	-0.289241	-0.178241	-0.0117094	0.151966	0.316834	0.383286	0.452021	0.470501	0.475895	0.462891	0.449209	0.475819	0.51138	0.541687	0.598664	0.554443	0.658227	0.792567	0.914268	1.01735	1.10384	1.1206	1.10182	0.991669	0.86076	0.712541	0.56672	0.404705	0.27201	0.201189	0.179593	0.202196	0.215476	0.249378	0.21185	0.14339	0.120922	0.135506	0.318402	0.382752	0.421992	0.394805	0.375736	0.352179	0.325451	0.337585	0.409161	0.545691	0.696298	0.811212	0.895033	1.00778	1.20411	1.12103	1.08727	1.11926	1.27675	1.32553	1.33944	1.37837	1.38343	1.37321	1.35646	1.35333	1.33454	1.33035	1.30188	1.29105	1.27322	1.2579	1.26097	1.2653	1.2945	1.32504	1.38296	1.44379	1.49983	1.54788	1.46114	1.42158	1.40969	1.5478	1.7279	1.91251	2.13622	2.36417	2.62189	2.8798	3.16802	3.45755	3.75832	4.11338	4.40831	4.57163	4.64724	4.58625	4.57705	4.51395	4.43787	4.44627	4.56501	4.85029	5.20519	5.71579	6.26692	6.79541	7.3368	7.71236	7.78377	8.14007	7.93435	8.2028	8.50965	8.8066	9.12662	9.52871	9.96797	10.4342	10.8318	11.245	11.6917	12.1741	12.7046	13.2332	13.5987	13.9701	14.5011	15.1276	16.022	16.4432	16.6389	16.7267	16.6976	16.5777	16.4083	16.1848	15.9244	15.7431	15.6295	16.0617	16.2071	16.4069	16.7475	17.0377	17.3266	17.6144	18.0641	18.1206	18.0112	17.6846	17.1261	16.35	15.233	14.0817	12.9252	11.9392	10.9673	10.0801	9.26369	8.5763	8.04748	7.68062	7.7904	7.69555	7.65554	7.79631	7.96775	8.3718	9.00953	9.76145	10.5964	11.2252	11.5576	11.6831	11.5516	11.227	10.632	9.34152	8.50656	7.68694	6.76716	6.04632	5.3446	4.67247	4.06078	3.52858	3.0307	2.59847	2.21045	1.86263	1.60129	1.46239	1.4559	1.46724	1.45809	1.39485	1.16789	0.893792	0.598347	0.387066	0.223288	0.0962142	-0.101641	-0.30518	-0.479908	-0.564796	-0.671951	-0.740577	-0.733975	-0.633271	-0.413822	-0.0972832	0.253103	0.532826	0.799376	0.955116	1.08492	1.2524	1.53421	1.82736	2.1119	2.33524	2.51214	2.64366	2.68711	2.7059	2.67846	2.76584	2.8653	2.94501	2.94873	2.81613	2.68548	2.536	2.38066	2.2549	2.17206	2.08093	2.01463	1.93509	1.86261	1.81335	1.80396	1.87715	2.0284	2.17946	2.29558	2.36528	2.31022	2.21127	2.03599	1.8142	1.61325	1.40519	1.27763	1.27375	1.27673	1.28609	1.2454	1.25304	1.34335	1.57165	1.89436	2.26747	2.66937	2.57593	2.28163	1.87201	1.37739	0.850329	0.204758	-0.164576	-0.236784	-0.465574	-0.587384	-0.51452	-0.283433	-0.230431	-0.132432	0.0325836	0.260559	0.503427	0.740529	0.941358	1.05423	1.14488	1.18936	1.16765	1.12435	1.089	1.16069	1.25276	1.6099	2.25284	2.94296
