Acq. time (s)=	4
Accumulations=	3
Range=	Off
Autofocus=	At all XY pixels
SWIFT=	Off
AutoExposure=	Off
Spike filter=	Multiple accum.
Delay time (s)=	0
Binning=	1
Readout mode=	Signal
DeNoise=	Standard
ICS correction=	On
Dark correction=	Off
Inst. Process=	Off
Instrument=	LabRAM S3000
Detector=	Synapse
Objective=	x100
Grating=	1800
ND Filter=	25%
Laser (nm)=	632.81 
Spectro (cm-¹)=	521.228
Slit=	100.021
Hole=	199.981
Microscope=	Principal
StageXY=	Märzhauser
StageZ=	Märzhauser
Z (µm)=	0
Project=	
Sample=	
Site=	
Title=	SOP_200nm_furu_p0
Remark=	
Date=	14.06.2019 10:36
Operator=	
Acquired=	14.06.2019 10:36:10
		358.285	358.609	358.934	359.26	359.585	359.909	360.235	360.56	360.886	361.21	361.535	361.859	362.185	362.51	362.834	363.16	363.485	363.809	364.135	364.459	364.784	365.108	365.434	365.758	366.083	366.407	366.733	367.057	367.381	367.705	368.03	368.355	368.68	369.004	369.328	369.652	369.978	370.302	370.626	370.95	371.274	371.598	371.923	372.248	372.572	372.896	373.22	373.544	373.868	374.192	374.516	374.84	375.164	375.49	375.813	376.137	376.461	376.785	377.109	377.433	377.757	378.081	378.404	378.728	379.052	379.376	379.699	380.023	380.347	380.671	380.994	381.318	381.642	381.965	382.288	382.611	382.935	383.258	383.582	383.906	384.229	384.553	384.876	385.2	385.522	385.845	386.169	386.492	386.816	387.139	387.463	387.785	388.108	388.431	388.755	389.078	389.402	389.723	390.047	390.37	390.693	391.015	391.338	391.662	391.985	392.307	392.63	392.953	393.276	393.598	393.921	394.244	394.566	394.889	395.212	395.535	395.857	396.18	396.503	396.825	397.148	397.471	397.792	398.115	398.437	398.76	399.083	399.404	399.727	400.049	400.372	400.694	401.016	401.339	401.66	401.983	402.304	402.627	402.95	403.271	403.594	403.915	404.238	404.559	404.882	405.203	405.526	405.847	406.17	406.491	406.814	407.135	407.456	407.778	408.1	408.422	408.743	409.066	409.387	409.708	410.03	410.351	410.674	410.995	411.316	411.638	411.959	412.282	412.602	412.923	413.246	413.567	413.888	414.21	414.531	414.852	415.174	415.495	415.815	416.136	416.458	416.779	417.1	417.421	417.743	418.064	418.384	418.705	419.027	419.348	419.668	419.989	420.311	420.632	420.952	421.273	421.593	421.914	422.236	422.556	422.877	423.197	423.518	423.838	424.16	424.481	424.801	425.121	425.442	425.762	426.083	426.403	426.723	427.044	427.365	427.686	428.006	428.326	428.647	428.967	429.287	429.607	429.927	430.248	430.568	430.888	431.208	431.528	431.848	432.169	432.489	432.809	433.129	433.449	433.769	434.088	434.408	434.728	435.048	435.368	435.688	436.008	436.327	436.647	436.967	437.287	437.606	437.926	438.245	438.565	438.885	439.205	439.523	439.843	440.163	440.483	440.802	441.121	441.44	441.76	442.08	442.4	442.718	443.037	443.357	443.677	443.995	444.315	444.634	444.954	445.272	445.591	445.911	446.229	446.549	446.868	447.186	447.506	447.825	448.143	448.463	448.782	449.1	449.419	449.739	450.057	450.376	450.695	451.013	451.333	451.65	451.97	452.288	452.607	452.926	453.244	453.563	453.881	454.2	454.518	454.837	455.155	455.474	455.792	456.111	456.428	456.748	457.065	457.384	457.702	458.021	458.338	458.658	458.975	459.294	459.612	459.929	460.248	460.566	460.884	461.202	461.519	461.838	462.156	462.475	462.792	463.109	463.428	463.746	464.063	464.382	464.699	465.016	465.335	465.652	465.97	466.288	466.606	466.923	467.242	467.559	467.876	468.193	468.512	468.829	469.146	469.463	469.782	470.099	470.416	470.733	471.05	471.369	471.686	472.003	472.32	472.637	472.954	473.272	473.589	473.906	474.223	474.54	474.857	475.174	475.492	475.809	476.126	476.442	476.759	477.076	477.393	477.71	478.026	478.343	478.66	478.977	479.293	479.61	479.928	480.245	480.562	480.878	481.195	481.512	481.828	482.145	482.461	482.777	483.093	483.41	483.726	484.043	484.359	484.676	484.992	485.309	485.625	485.942	486.258	486.575	486.889	487.206	487.522	487.839	488.155	488.471	488.788	489.104	489.419	489.735	490.051	490.368	490.684	490.999	491.315	491.631	491.947	492.264	492.578	492.895	493.211	493.527	493.842	494.158	494.474	494.79	495.104	495.421	495.737	496.051	496.367	496.683	496.998	497.314	497.63	497.944	498.26	498.576	498.891	499.206	499.522	499.837	500.153	500.469	500.783	501.099	501.413	501.729	502.043	502.359	502.675	502.989	503.305	503.619	503.935	504.249	504.565	504.879	505.195	505.509	505.825	506.139	506.454	506.769	507.084	507.398	507.714	508.028	508.343	508.658	508.973	509.287	509.601	509.917	510.231	510.546	510.86	511.174	511.489	511.803	512.119	512.433	512.747	513.062	513.376	513.69	514.005	514.319	514.633	514.948	515.262	515.576	515.891	516.204	516.518	516.832	517.147	517.461	517.775	518.088	518.403	518.717	519.031	519.344	519.659	519.973	520.287	520.6	520.914	521.229	521.542	521.856	522.169	522.483	522.797	523.111	523.425	523.738	524.052	524.365	524.679	524.992	525.305	525.62	525.934	526.247	526.56	526.874	527.187	527.5	527.814	528.127	528.44	528.753	529.067	529.38	529.693	530.006	530.32	530.633	530.946	531.259	531.572	531.885	532.198	532.512	532.825	533.138	533.451	533.764	534.077	534.39	534.702	535.015	535.328	535.641	535.953	536.266	536.579	536.892	537.204	537.517	537.83	538.142	538.455	538.768	539.08	539.392	539.705	540.018	540.331	540.642	540.955	541.268	541.58	541.893	542.204	542.517	542.83	543.141	543.454	543.766	544.079	544.39	544.703	545.015	545.327	545.639	545.952	546.263	546.575	546.888	547.199	547.511	547.824	548.135	548.447	548.76	549.071	549.383	549.694	550.007	550.319	550.63	550.942	551.253	551.565	551.876	552.189	552.5	552.812	553.123	553.435	553.746	554.058	554.369	554.681	554.992	555.304	555.615	555.927	556.237	556.55	556.86	557.172	557.483	557.795	558.106	558.416	558.728	559.039	559.351	559.662	559.972	560.284	560.595	560.905	561.217	561.528	561.838	562.15	562.46	562.771	563.083	563.393	563.704	564.015	564.326	564.636	564.947	565.258	565.569	565.879	566.189	566.501	566.811	567.122	567.432	567.743	568.054	568.364	568.674	568.984	569.296	569.606	569.916	570.226	570.536	570.847	571.158	571.468	571.778	572.088	572.398	572.708	573.018	573.329	573.639	573.95	574.26	574.57	574.88	575.19	575.5	575.81	576.12	576.429	576.739	577.049	577.359	577.669	577.979	578.289	578.598	578.908	579.218	579.528	579.837	580.147	580.457	580.767	581.076	581.386	581.694	582.004	582.314	582.623	582.933	583.242	583.552	583.862	584.171	584.479	584.789	585.098	585.408	585.718	586.027	586.335	586.645	586.954	587.263	587.573	587.881	588.19	588.5	588.809	589.119	589.426	589.736	590.045	590.354	590.662	590.972	591.281	591.589	591.898	592.207	592.515	592.824	593.134	593.441	593.751	594.06	594.367	594.677	594.986	595.294	595.603	595.912	596.219	596.528	596.836	597.145	597.454	597.762	598.071	598.378	598.687	598.995	599.304	599.611	599.92	600.228	600.537	600.846	601.153	601.462	601.77	602.077	602.386	602.693	603.002	603.309	603.618	603.926	604.234	604.542	604.85	605.158	605.465	605.774	606.081	606.39	606.697	607.004	607.313	607.62	607.927	608.236	608.543	608.85	609.159	609.466	609.773	610.081	610.389	610.696	611.004	611.311	611.618	611.925	612.234	612.541	612.848	613.155	613.463	613.77	614.077	614.384	614.691	614.999	615.306	615.613	615.92	616.227	616.535	616.842	617.149	617.456	617.762	618.069	618.376	618.684	618.991	619.298	619.604	619.911	620.218	620.524	620.831	621.138	621.444	621.751	622.058	622.366	622.672	622.979	623.286	623.592	623.899	624.205	624.512	624.818	625.125	625.431	625.738	626.044	626.349	626.656	626.962	627.269	627.575	627.881	628.188	628.494	628.8	629.107	629.413	629.719	630.024	630.331	630.637	630.943	631.25	631.556	631.861	632.167	632.473	632.779	633.085	633.392	633.696	634.003	634.309	634.615	634.919	635.226	635.532	635.838	636.142	636.448	636.754	637.06	637.365	637.671	637.977	638.282	638.588	638.894	639.198	639.504	639.81	640.114	640.42	640.726	641.031	641.337	641.642	641.947	642.253	642.557	642.863	643.169	643.473	643.779	644.083	644.389	644.693	644.999	645.305	645.609	645.914	646.219	646.524	646.829	647.134	647.438	647.744	648.048	648.354	648.658	648.962	649.268	649.572	649.877	650.181	650.487	650.791	651.095	651.4	651.704	652.01	652.314	652.618	652.923	653.227	653.533	653.836	654.14	654.446	654.75	655.054	655.357	655.663	655.967	656.27	656.576	656.879	657.183	657.488	657.792	658.096	658.4	658.705	659.009	659.312	659.616	659.92	660.225	660.529	660.832	661.136	661.44	661.745	662.048	662.352	662.655	662.959	663.263	663.566	663.871	664.175	664.478	664.782	665.085	665.389	665.692	665.996	666.299	666.602	666.906	667.209	667.514	667.817	668.121	668.424	668.728	669.031	669.334	669.638	669.941	670.244	670.547	670.851	671.154	671.456	671.759	672.062	672.365	672.669	672.972	673.275	673.578	673.881	674.184	674.487	674.791	675.092	675.395	675.698	676.002	676.305	676.608	676.911	677.212	677.515	677.818	678.121	678.424	678.726	679.029	679.332
-20	-20	5.59412	5.33141	5.1859	5.16399	5.14014	5.13206	5.10705	5.07952	5.05582	5.04162	5.02719	5.02044	5.01421	5.01283	5.01135	5.00403	4.98359	4.96529	4.94691	4.93095	4.89525	4.84579	4.79023	4.73239	4.63318	4.63088	4.71393	4.81214	4.79932	4.77565	4.76634	4.75175	4.74374	4.73131	4.72467	4.71929	4.72358	4.72305	4.72036	4.72081	4.71607	4.71544	4.72254	4.71056	4.69587	4.68069	4.62858	4.59938	4.5695	4.54838	4.52566	4.5072	4.49412	4.48527	4.50233	4.50834	4.54558	4.58097	4.55961	4.53568	4.51063	4.4881	4.4645	4.4434	4.42096	4.39984	4.37521	4.3572	4.3361	4.32293	4.30611	4.24614	4.25878	4.27898	4.30055	4.32721	4.35727	4.38924	4.41681	4.38341	4.40282	4.43727	4.45859	4.48295	4.5093	4.54034	4.56851	4.59936	4.62819	4.66009	4.6881	4.71796	4.71569	4.70956	4.70051	4.67317	4.64436	4.61286	4.57918	4.53377	4.50173	4.46405	4.43677	4.40179	4.36685	4.3512	4.3369	4.32556	4.3232	4.40192	4.43354	4.45622	4.48575	4.52035	4.44721	4.35968	4.2674	4.16089	4.1366	4.18842	4.2053	4.23308	4.175	4.1908	4.20503	4.27231	4.33613	4.39825	4.41663	4.42831	4.43336	4.33904	4.26999	4.22619	4.20423	4.16763	4.19158	4.23263	4.25837	4.30335	4.34684	4.40477	4.45488	4.46678	4.45754	4.46842	4.46815	4.47418	4.46662	4.44627	4.43648	4.4366	4.45291	4.4731	4.46418	4.42862	4.42422	4.40616	4.385	4.37166	4.43596	4.50621	4.54154	4.56757	4.58156	4.58464	4.58348	4.54896	4.54897	4.49984	4.48044	4.38027	4.18576	4.02317	3.88223	3.81807	3.73559	3.80915	3.89225	3.9939	4.106	4.22796	4.35934	4.48856	4.54369	4.58734	4.60141	4.62896	4.63613	4.58642	4.54503	4.52875	4.53504	4.54657	4.5716	4.58666	4.61583	4.65851	4.69316	4.72781	4.71587	4.72808	4.74167	4.75504	4.76696	4.75627	4.73907	4.6829	4.69557	4.7175	4.75183	4.78788	4.83452	4.87753	4.92648	4.95994	4.98793	5.01799	5.03429	5.04579	5.01807	4.99981	4.97833	4.95841	4.93847	4.91786	4.8997	4.87664	4.88191	4.86559	4.84757	4.83061	4.81273	4.7924	4.7739	4.75331	4.73446	4.71475	4.69635	4.67935	4.66277	4.64754	4.63472	4.62667	4.61223	4.60191	4.59178	4.58452	4.57884	4.51782	4.45323	4.39702	4.36545	4.45004	4.49797	4.53554	4.53526	4.49234	4.48026	4.47002	4.46426	4.45806	4.45854	4.45493	4.52955	4.53674	4.54254	4.54877	4.5475	4.51881	4.50376	4.49019	4.47379	4.46156	4.41519	4.39504	4.37824	4.36332	4.35217	4.35435	4.33178	4.28848	4.25839	4.24995	4.25531	4.26669	4.27732	4.30638	4.34507	4.3768	4.37257	4.34611	4.3302	4.3232	4.30882	4.30802	4.29899	4.29165	4.2861	4.28638	4.28917	4.29286	4.27028	4.24856	4.25781	4.25193	4.25362	4.25279	4.27464	4.29939	4.31842	4.32165	4.32146	4.32145	4.27527	4.22937	4.18669	4.13806	4.09076	4.04829	4.04477	4.07277	4.10656	4.14272	4.15381	4.14185	4.133	4.13143	4.14029	4.12856	4.1134	4.10599	4.08885	4.07636	4.06253	4.04849	4.03305	4.02191	4.00578	3.99882	3.97841	3.93295	3.95632	3.96603	3.85788	3.812	3.75529	3.87337	3.98037	4.0164	4.01104	4.01456	4.1511	4.18881	4.20153	4.22636	4.25034	4.33176	4.36164	4.41402	4.40179	4.39361	4.38032	4.38039	4.37857	4.34604	4.33393	4.33258	4.33504	4.33921	4.34353	4.36685	4.40493	4.47673	4.45665	4.4709	4.47952	4.49176	4.50787	4.50398	4.49733	4.48975	4.48737	4.48324	4.47918	4.47363	4.46789	4.46537	4.46029	4.45871	4.45439	4.45386	4.45035	4.45063	4.4479	4.44897	4.44734	4.44922	4.44917	4.45228	4.4544	4.45942	4.4645	4.47236	4.48138	4.49313	4.50711	4.52397	4.544	4.56707	4.59419	4.62422	4.65977	4.67318	4.66552	4.65998	4.66518	4.68539	4.71016	4.73946	4.77057	4.76698	4.77337	4.79597	4.82499	4.80587	4.78241	4.7803	4.76599	4.68562	4.63947	4.63862	4.6786	4.7709	4.85889	4.92164	4.98473	5.05488	5.12911	5.20568	5.27734	5.26234	5.23773	5.25159	5.2749	5.37571	5.38946	5.38143	5.38028	5.38262	5.41194	5.46348	5.48423	5.48939	5.4961	5.53403	5.60752	5.74112	5.84609	5.96533	6.0954	6.2291	6.39621	6.53806	6.66908	6.80736	6.95413	7.11169	7.3426	7.50828	7.64667	7.78711	7.93908	8.09851	8.2691	8.47024	8.71955	8.97927	9.27825	9.80131	10.2189	10.6577	11.268	11.9525	12.609	13.1665	14.0345	15.2598	16.7962	18.4525	20.2039	22.232	24.6147	27.2716	30.3524	33.9165	38.3076	43.4346	51.7954	59.7621	69.1792	91.3785	112.132	140.038	172.847	208.928	237.13	250.025	234.475	197.467	175.278	134.811	105.322	85.6205	70.495	59.7203	48.0479	44.0808	39.2801	34.5283	29.3997	26.2991	23.7179	21.3009	19.246	17.692	16.4742	15.4955	14.5209	13.6046	12.8806	12.1516	11.5188	11.0497	10.6202	10.027	9.51092	9.04573	8.62344	8.25285	7.94124	7.65354	7.43331	7.24692	7.07133	6.88223	6.63632	6.37377	6.20152	6.05168	5.93822	6.00877	6.09981	6.17321	6.25524	6.25222	6.23218	6.20324	6.13875	5.86566	5.74699	5.63304	5.52625	5.43187	5.35357	5.27541	5.23264	5.1797	5.12218	5.06568	5.0508	5.04096	5.05113	5.04604	5.05029	5.08671	5.11205	5.1559	5.18293	5.17844	5.15207	5.12239	5.09363	5.05546	4.97007	4.86455	4.75495	4.65535	4.60437	4.5583	4.53946	4.54896	4.56583	4.55772	4.55269	4.55342	4.55634	4.56962	4.57638	4.59486	4.62015	4.61868	4.61858	4.61179	4.60943	4.60139	4.58596	4.56182	4.54874	4.49714	4.48876	4.48067	4.4725	4.46471	4.47017	4.45767	4.43269	4.38753	4.32597	4.23508	4.17418	4.11413	4.05167	3.99608	3.89087	3.84606	3.82643	3.8128	3.80195	3.89804	3.9237	3.95593	3.98577	4.01623	4.04587	4.07207	4.07497	4.05596	4.06176	4.07539	4.08946	4.09438	4.09036	4.0926	4.091	4.08143	4.02542	3.9805	3.93062	3.88408	3.84845	3.82018	3.80047	3.79108	3.78865	3.7428	3.72082	3.71459	3.72465	3.7204	3.70748	3.68628	3.7087	3.6949	3.72538	3.7665	3.80903	3.85685	3.90548	3.95981	4.00565	4.06849	4.10161	4.13556	4.16821	4.1522	4.14404	4.13838	4.1531	4.09682	4.10298	4.10767	4.11435	4.15193	4.17723	4.20023	4.21842	4.24046	4.18812	4.15529	4.1167	4.06574	4.04165	4.01175	3.98796	3.96145	3.93984	3.92701	3.88667	3.85103	3.81649	3.78448	3.75651	3.72874	3.7511	3.73404	3.73487	3.74808	3.77101	3.78785	3.80836	3.83296	3.85578	3.8835	3.91073	3.91107	3.90927	3.91017	3.90595	3.9012	3.86696	3.84885	3.83134	3.82362	3.8453	3.86839	3.891	3.94837	3.98323	3.94259	3.93867	3.93589	3.93797	3.93921	3.94607	3.95214	3.94581	4.02389	4.04717	4.0728	4.1045	4.12331	4.14257	4.15794	4.16958	4.18054	4.18436	4.15657	4.12755	4.09428	4.07367	4.04739	4.05301	4.02573	3.99347	3.96481	3.90823	3.85565	3.80419	3.793	3.7938	3.79484	3.81098	3.86642	3.93	3.94194	3.96736	3.98994	4.05428	4.18878	4.19756	4.21816	4.23328	4.23055	4.21586	4.15782	4.14544	4.1301	4.13941	4.14499	4.12998	4.05564	4.06861	4.08803	4.16013	4.20306	4.27581	4.33263	4.35528	4.37318	4.38899	4.39408	4.40718	4.40395	4.39182	4.35568	4.30921	4.26087	4.20397	4.15719	4.08339	3.99275	3.90542	3.82713	3.73556	3.72775	3.79985	3.86852	3.91292	3.98107	4.04803	4.15872	4.18877	4.21327	4.22619	4.20552	4.1919	4.17569	4.15681	4.13605	4.11599	4.09568	4.07482	4.05711	4.03755	4.02354	4.00656	3.9962	3.98215	3.97464	3.96362	3.9587	3.95585	3.95471	3.95717	3.95745	3.95815	3.95995	3.96284	3.96693	3.97209	3.97864	3.98704	3.99603	4.00689	4.01785	4.03041	4.04282	4.05636	4.06966	4.08358	4.09724	4.11094	4.12396	4.13628	4.14792	4.15296	4.13456	4.11263	4.07528	4.07436	4.07349	4.07852	4.1037	4.12126	4.13141	4.15422	4.17836	4.18957	4.19754	4.20723	4.21183	4.2083	4.20387	4.19319	4.18228	4.17927	4.16539	4.14179	4.14287	4.14514	4.1476	4.15278	4.15671	4.15806	4.1557	4.15352	4.15147	4.14939	4.14715	4.14589	4.14446	4.14401	4.14343	4.14372	4.14396	4.14487	4.14595	4.1474	4.14938	4.15139	4.15442	4.15019	4.1405	4.1304	4.11533	4.10913	4.1077	4.10403	4.10495	4.10332	4.10592	4.10625	4.11104	4.11165	4.11683	4.12553	4.12417	4.14014	4.15441	4.14303	4.11976	4.09859	4.07938	4.05573	4.06376	4.07451	4.08616	4.16976	4.19409	4.22137	4.2155	4.17336	4.1057	4.0497	4.02099	3.99518	3.97301	3.95303	3.99556	4.00967	4.03855	4.09028	4.08521	4.08448	4.08048	4.07932	4.07286	4.06697	4.06136	4.04787	4.02762	3.96156	3.92402	3.89355	3.8982	3.92251	3.93546	3.9209	3.93849	3.9306	3.90641	3.8887	3.88914	3.9139	3.92696	3.94663	3.97425	3.99379	4.0385	4.08589	4.09605	4.0602	4.02424	3.97561	3.85951	3.75703	3.66354	3.66711	3.65193	3.70998	3.77477	3.84482	3.92616	4.00737	4.05924	4.07356	4.0922	4.11882	4.11485	4.13031	4.14064	4.15269	4.16687	4.1782	4.14655	4.10241	4.06372	4.02185	3.9954	4.00703	3.95721	3.91494	3.88322	3.90419	3.91881	3.93683	3.93987	3.9128	3.89735	3.93021	3.96689	4.03455	4.09214	4.16246	4.2231	4.25133	4.26376	4.28125	4.18482	4.15342	4.0514	3.9456	3.71204
-20	0	4.83217	4.82524	4.80201	4.74326	4.75403	4.77082	4.81046	4.82928	4.7599	4.73928	4.68703	4.66796	4.65677	4.70086	4.64934	4.60998	4.58447	4.55716	4.52427	4.47394	4.45364	4.42786	4.39178	4.35739	4.33329	4.35526	4.34236	4.34533	4.3576	4.47627	4.50844	4.53299	4.54116	4.57895	4.56574	4.56819	4.54652	4.57036	4.55271	4.51279	4.4881	4.48044	4.47263	4.46791	4.47991	4.50044	4.50609	4.53358	4.5605	4.5821	4.57175	4.59508	4.61207	4.58139	4.49681	4.4431	4.39249	4.37909	4.38538	4.3561	4.30331	4.24503	4.21017	4.23862	4.26399	4.27863	4.30427	4.37079	4.39951	4.41563	4.42893	4.44688	4.39949	4.43747	4.49333	4.51542	4.46263	4.41092	4.36454	4.28476	4.23047	4.18118	4.11228	4.09041	4.06848	4.08033	4.1159	4.20762	4.29852	4.36844	4.40351	4.45636	4.54856	4.62088	4.67652	4.70671	4.73727	4.71088	4.64475	4.61569	4.58446	4.57684	4.56421	4.53906	4.47982	4.42515	4.42236	4.49034	4.4995	4.54535	4.57865	4.65692	4.67598	4.59152	4.64255	4.61514	4.55243	4.52037	4.37187	4.27305	4.3466	4.29245	4.14794	4.08225	4.05281	4.0628	4.07949	4.08395	4.11742	4.18668	4.18947	4.23316	4.2199	4.24224	4.28237	4.28082	4.30323	4.28869	4.29358	4.2681	4.23198	4.18495	4.18261	4.14705	4.16527	4.28393	4.38528	4.45148	4.5259	4.51551	4.52328	4.57643	4.61315	4.63601	4.64137	4.66937	4.66105	4.63667	4.59985	4.55141	4.43814	4.34124	4.25475	4.18889	4.13645	4.12774	4.16648	4.17337	4.15484	4.16732	4.21882	4.25543	4.29426	4.34597	4.38699	4.43605	4.49885	4.52375	4.53884	4.51639	4.46709	4.43168	4.40932	4.37485	4.33793	4.30863	4.29589	4.29038	4.27227	4.28298	4.32306	4.34207	4.54212	4.61247	4.60324	4.60414	4.56675	4.54483	4.5094	4.48207	4.46079	4.43981	4.42087	4.448	4.50042	4.55566	4.6133	4.66964	4.66372	4.72358	4.71998	4.68385	4.64883	4.63291	4.61682	4.48602	4.39806	4.3708	4.34261	4.33492	4.28033	4.27971	4.27126	4.29478	4.32	4.34379	4.35786	4.36683	4.35733	4.35361	4.36099	4.39918	4.442	4.47463	4.49126	4.46645	4.39657	4.30041	4.19444	4.15682	4.16642	4.17236	4.17759	4.221	4.25783	4.3038	4.36249	4.43731	4.50774	4.58782	4.67449	4.67866	4.67645	4.66957	4.65553	4.6402	4.598	4.48964	4.39867	4.31412	4.24618	4.20028	4.18353	4.15338	4.1286	4.12922	4.16987	4.21702	4.29097	4.44897	4.52759	4.63072	4.69355	4.69744	4.63971	4.57481	4.46998	4.43491	4.39309	4.38095	4.39806	4.40605	4.46186	4.47611	4.48064	4.46366	4.43162	4.37813	4.37963	4.32358	4.28188	4.28057	4.29073	4.32425	4.2766	4.23777	4.18566	4.1179	4.01448	3.97369	3.93656	3.90672	3.88336	3.87	3.81799	3.78775	3.78814	3.82878	3.91543	3.95619	3.93456	3.93245	3.88966	3.83585	3.75903	3.75861	3.82455	3.89472	3.99082	4.08078	4.09931	4.13084	4.15548	4.15666	4.1421	4.11398	4.09603	4.06612	4.00463	3.90258	3.78517	3.68511	3.62881	3.61441	3.67573	3.77239	3.84225	3.89682	3.96708	4.03069	4.14603	4.14523	4.17767	4.20057	4.22563	4.24122	4.26946	4.27262	4.26887	4.26304	4.26422	4.23725	4.21023	4.18224	4.13817	4.14929	4.14809	4.06358	4.00651	3.93314	3.92097	3.8983	3.84236	3.77659	3.75549	3.75799	3.86426	3.9665	4.12101	4.18705	4.27066	4.33677	4.37897	4.43566	4.48154	4.45355	4.46818	4.49155	4.53439	4.56022	4.51511	4.44041	4.34634	4.2803	4.30238	4.31975	4.41539	4.43484	4.45736	4.49821	4.53944	4.58736	4.5996	4.57542	4.5833	4.59451	4.60504	4.64942	4.73162	4.77588	4.77029	4.78257	4.78219	4.78865	4.78719	4.77046	4.78443	4.76838	4.75381	4.72778	4.71481	4.70527	4.70742	4.70688	4.71285	4.71694	4.73235	4.74901	4.75842	4.77233	4.75315	4.71271	4.66269	4.54851	4.46822	4.5068	4.60855	4.89442	4.91742	4.93565	4.96041	4.97972	5.01188	5.03183	5.0569	5.08458	5.107	5.12697	5.14754	5.17613	5.19323	5.20439	5.22217	5.23849	5.25842	5.27464	5.28976	5.28568	5.2903	5.29066	5.28879	5.29184	5.27962	5.29707	5.34242	5.39192	5.4912	5.56836	5.68998	5.77228	5.84082	5.96811	6.133	6.39175	6.78371	7.138	7.46161	7.66659	7.78304	7.58317	7.80311	7.89148	8.07886	8.34806	8.58917	8.83246	9.09059	9.37102	9.74025	10.0803	10.4887	11.0579	11.6523	12.3982	13.1692	13.9831	14.9831	16.3792	17.7048	19.3735	20.9566	22.3654	24.6635	26.9281	29.9341	33.5115	38.1201	45.0348	54.3015	66.5357	79.4283	96.8401	124.499	155.763	191.602	227.483	255.322	261.288	249.528	216.213	171.665	134.108	107.552	88.3936	75.6058	62.0804	49.1603	45.2106	40.6233	33.6658	28.7983	25.1022	23.6782	20.2457	19.0223	18.7053	17.6341	16.4075	15.2573	14.2207	13.2135	12.3439	11.6911	11.0915	10.5086	9.97922	9.54427	9.18412	8.88737	8.67262	8.48031	8.28529	8.13355	8.03896	7.86926	7.62823	7.35751	7.08176	6.85939	6.63331	6.40081	6.18856	6.08675	5.9834	5.91518	5.86373	5.8746	5.94196	5.96344	5.92647	5.90237	5.90467	5.84533	5.79023	5.71916	5.63911	5.50067	5.40688	5.32181	5.2316	5.16161	5.11578	5.0825	5.01045	4.99427	4.96077	4.94944	4.92749	4.83129	4.76196	4.7061	4.59424	4.54218	4.5165	4.54442	4.54151	4.54487	4.53162	4.49787	4.46108	4.44492	4.42664	4.45141	4.48934	4.56972	4.62348	4.6747	4.70821	4.75293	4.7895	4.80784	4.79238	4.78247	4.76814	4.76579	4.64975	4.57608	4.52554	4.46069	4.38588	4.32788	4.29579	4.296	4.28189	4.22457	4.20846	4.23587	4.23501	4.26013	4.259	4.26245	4.2926	4.28038	4.24642	4.20722	4.17087	4.13581	4.10229	4.07104	4.02637	4.00542	3.98423	3.94013	3.90169	3.88181	3.88568	3.87766	3.87233	3.83396	3.83618	3.8103	3.79028	3.79398	3.75385	3.70024	3.61484	3.57344	3.53577	3.53896	3.54046	3.54727	3.56114	3.56529	3.59909	3.65646	3.74294	3.7531	3.75883	3.79835	3.86181	3.85954	3.84499	3.84717	3.83417	3.76631	3.67955	3.62083	3.60546	3.68583	3.75553	3.815	3.89296	3.9228	3.95523	4.00816	4.0414	4.08426	4.09636	4.11425	4.1152	4.08704	4.04715	3.98207	3.93135	3.78688	3.73173	3.67671	3.66006	3.6366	3.61505	3.5791	3.57169	3.61158	3.63492	3.721	3.73613	3.72949	3.70348	3.69552	3.69671	3.71871	3.73972	3.74465	3.74498	3.75336	3.80083	3.79068	3.79505	3.83947	3.83221	3.80906	3.83668	3.8326	3.80893	3.78046	3.73995	3.70702	3.68174	3.66134	3.67152	3.69688	3.76261	3.79557	3.82899	3.8162	3.83779	3.86454	3.8669	3.84795	3.86068	3.87672	3.8931	3.94637	3.9768	4.00588	4.03583	4.06537	4.04821	4.03094	4.01742	4.06959	4.13319	4.17406	4.15816	4.16469	4.17063	4.17739	4.18482	4.10067	4.07679	4.06705	4.07502	4.07693	4.0654	4.06506	4.06014	4.05718	4.08617	4.11068	4.15488	4.15065	4.10827	4.07498	4.02828	3.96971	3.95248	3.91408	3.81929	3.76608	3.73539	3.71596	3.69698	3.67977	3.67833	3.72745	3.76453	3.77859	3.79089	3.80731	3.81638	3.79068	3.78085	3.80371	3.77946	3.75053	3.67355	3.59262	3.51485	3.49012	3.49584	3.46748	3.47949	3.55048	3.61716	3.68606	3.73034	3.79536	3.8596	3.9184	3.95607	4.03488	4.12283	4.16875	4.21057	4.264	4.32936	4.37775	4.37308	4.27909	4.18858	4.08056	3.98447	3.9374	3.87001	3.85149	3.84901	3.91287	3.97021	3.99483	4.06325	4.16887	4.22775	4.27103	4.23847	4.22683	4.20106	4.13644	4.057	4.02238	3.97054	3.9505	3.92743	3.964	4.01582	4.06626	4.0788	4.09354	4.08412	4.08723	4.06165	4.04235	4.01526	3.99755	3.95435	3.92594	3.927	3.93951	3.94807	3.97749	3.99765	4.02537	4.04999	4.08646	4.12256	4.09992	4.06725	4.05689	4.06506	4.05603	3.88681	3.86445	3.84478	3.90618	3.94921	4.03318	4.17836	4.2629	4.30464	4.30686	4.27886	4.25602	4.21998	4.14268	4.07685	4.07458	4.06981	4.09246	4.1095	4.12149	4.17288	4.23313	4.23974	4.26062	4.29158	4.29582	4.29039	4.25934	4.24477	4.22203	4.20795	4.19216	4.1844	4.17208	4.14856	4.08734	4.03603	4.02787	4.00321	3.97286	3.95469	3.90496	3.88219	3.87693	3.8485	3.80993	3.8035	3.79024	3.78169	3.74252	3.72013	3.65409	3.63481	3.60698	3.61209	3.63394	3.71354	3.84758	3.92562	3.96569	3.98537	4.04222	4.09384	4.12912	4.05718	3.8665	3.73373	3.60421	3.51151	3.55537	3.6446	3.75466	4.20834	4.34441	4.25697	3.85415	3.84545	3.83842	3.82372	3.81559	3.80659	3.82012	3.84174	3.99748	4.08401	4.11645	4.18753	4.23781	4.22801	4.22257	4.21502	4.20627	4.20272	4.17128	4.1675	4.16181	4.17927	4.21428	4.23161	4.24074	4.23582	4.20246	4.18958	4.13793	4.10201	4.06494	4.00495	3.98115	3.95497	3.91711	3.88938	3.82966	3.84164	3.91481	3.98737	4.04417	4.07463	4.08244	4.09124	4.06456	4.0269	3.96152	3.88862	3.83663	3.81842	3.79067	3.77004	3.7603	3.74902	3.72508	3.75791	3.81543	3.89446	3.96538	4.02764	4.07352	4.10754	4.08689	4.08537	3.97119	3.97844	4.0372	4.05402	4.01084	4.10216	4.00049	3.90822	3.77591	3.6376	3.53679	3.45866	3.39268	3.33931	3.33908	3.64009	3.7342	3.88644	3.91497	3.95437	3.99652	4.10382	4.17731	4.20079	4.03568	3.79824
-20	20	3.79834	4.39205	4.45314	4.52786	4.58861	4.6297	4.67488	4.76592	4.88982	4.91753	4.97233	5.02189	5.00041	4.93292	4.84881	4.76309	4.71863	4.67729	4.59699	4.54145	4.49933	4.47809	4.46571	4.52198	4.5685	4.63262	4.69148	4.76049	4.80869	4.8157	4.85197	4.84881	4.85835	4.9099	4.97694	4.98248	4.99243	4.96793	4.92075	4.8711	4.8172	4.75054	4.64804	4.53297	4.42765	4.29743	4.25401	4.30768	4.34557	4.40772	4.45739	4.50863	4.56522	4.59568	4.63572	4.66451	4.72555	4.75795	4.73872	4.73265	4.72365	4.71711	4.7092	4.69579	4.68128	4.66327	4.64675	4.62147	4.60013	4.57867	4.56963	4.65598	4.77747	4.80626	4.74781	4.65535	4.58869	4.59296	4.67625	4.8977	4.92698	4.86857	4.69619	4.70128	4.73803	4.76201	4.81768	4.88538	4.93368	4.98565	5.113	5.09609	5.06817	5.03919	4.99508	4.93338	4.88387	4.82519	4.77195	4.71626	4.66374	4.60515	4.49811	4.41636	4.36439	4.37142	4.43921	4.42464	4.41931	4.40997	4.4001	4.39589	4.39123	4.39076	4.38964	4.38976	4.39214	4.39397	4.39888	4.40176	4.40812	4.41222	4.41968	4.42527	4.4337	4.4421	4.45299	4.46494	4.47924	4.49491	4.51354	4.53183	4.55228	4.57075	4.59091	4.60891	4.6254	4.64025	4.65505	4.66479	4.69297	4.69355	4.68738	4.69247	4.68887	4.7066	4.72944	4.77001	4.80456	4.84098	4.87136	4.9032	4.93177	4.95194	4.97863	4.85957	4.81303	4.74242	4.71296	4.70551	4.73275	4.74579	4.74897	4.74713	4.77146	4.84501	4.83969	4.77756	4.72558	4.67339	4.62181	4.57442	4.60715	4.64924	4.70007	4.74478	4.78642	4.82509	4.8332	4.91374	4.94701	4.95139	4.95413	4.93923	4.9164	4.8811	4.83589	4.79343	4.7506	4.71333	4.67214	4.66579	4.63643	4.61872	4.61621	4.60307	4.58459	4.56641	4.58723	4.62385	4.65679	4.70509	4.75069	4.81042	4.86535	4.99504	5.0141	5.02378	4.99648	4.97041	4.88694	4.82607	4.7722	4.72991	4.69874	4.66542	4.67051	4.66786	4.66681	4.69309	4.71111	4.72016	4.72999	4.7426	4.75235	4.76704	4.77624	4.79188	4.80133	4.81698	4.83042	4.84488	4.86386	4.88195	4.9172	4.95242	4.93893	4.91724	4.89266	4.86707	4.81275	4.72504	4.64077	4.56101	4.47356	4.45478	4.43971	4.42943	4.41105	4.37782	4.35319	4.38232	4.39549	4.4063	4.41991	4.42741	4.46436	4.51407	4.56146	4.61207	4.66681	4.71765	4.77472	4.82773	4.8497	4.86729	4.8611	4.85182	4.84523	4.8388	4.83305	4.82819	4.77246	4.68285	4.54981	4.43402	4.32223	4.23258	4.11703	4.03578	4.01567	4.05839	4.15679	4.25862	4.26721	4.27548	4.27862	4.28722	4.33514	4.35354	4.36932	4.37175	4.37959	4.37891	4.38107	4.37483	4.37119	4.36386	4.34921	4.31854	4.2976	4.2651	4.25968	4.23711	4.21312	4.21295	4.18073	4.15049	4.11746	4.08669	4.0547	4.02432	3.9875	3.96142	3.94132	3.87715	3.89535	3.92003	3.95015	3.98163	4.02279	4.06824	4.12899	4.22819	4.29336	4.37519	4.41597	4.44953	4.48638	4.51896	4.55149	4.58289	4.58811	4.59516	4.59388	4.59028	4.58376	4.57602	4.5665	4.55489	4.53312	4.5184	4.50864	4.47319	4.46959	4.47013	4.46952	4.47594	4.48719	4.49851	4.5455	4.5661	4.57596	4.60617	4.60317	4.58047	4.5316	4.45013	4.38597	4.34812	4.32538	4.32385	4.29588	4.21193	4.21802	4.23276	4.25182	4.27222	4.29576	4.31888	4.34112	4.36054	4.37916	4.39824	4.42118	4.43176	4.4526	4.50946	4.48926	4.47194	4.44478	4.42218	4.39087	4.36478	4.33844	4.31507	4.29875	4.28472	4.27997	4.27783	4.28277	4.29317	4.3552	4.40488	4.43433	4.47607	4.5081	4.55257	4.59514	4.64888	4.68305	4.68098	4.67086	4.66794	4.66131	4.65889	4.6555	4.65499	4.69136	4.68305	4.51466	4.40636	4.36125	4.37274	4.42301	4.48839	4.593	4.59719	4.617	4.63432	4.65389	4.69215	4.72345	4.76536	4.80841	4.78217	4.77046	4.75661	4.75631	4.76072	4.7741	4.79638	4.82353	4.86482	4.90405	4.95553	5.00408	5.05898	5.11481	5.17264	5.23382	5.29228	5.35749	5.37707	5.39022	5.40882	5.43559	5.43557	5.18437	5.12939	5.11589	5.17928	5.28689	5.42617	5.6089	6.10333	6.24105	6.36027	6.42144	6.45989	6.50901	6.56213	6.63787	6.72761	6.82829	6.94484	7.08406	7.22244	7.33831	7.48238	7.68206	7.92873	8.18467	8.43073	8.68861	8.95245	9.20218	9.44189	9.69427	10.0486	10.5063	11.043	11.6337	12.3245	13.0752	14.1223	15.1238	16.338	17.6883	19.2696	21.0789	23.1343	25.5435	28.235	31.8384	35.428	39.9586	46.4018	56.3971	63.4645	78.7655	97.6472	122.893	148.927	189.393	226.956	243.493	256.121	236.033	204.712	169.755	136.193	106.702	90.3676	71.8049	63.9645	47.6641	44.5243	37.7193	33.7482	29.1154	25.49	24.0178	22.5064	20.4417	18.6501	16.9455	15.4209	14.4569	13.4781	12.6275	11.9049	11.221	10.6302	10.1108	9.70315	9.40063	9.15835	8.92115	8.634	8.45322	8.30725	8.1806	8.04946	7.92432	7.79837	7.61439	7.43323	7.2368	7.04345	6.85297	6.66611	6.47872	6.29655	6.1163	5.96768	5.77547	5.68131	5.59882	5.55939	5.52422	5.49136	5.474	5.4707	5.45921	5.49688	5.47591	5.46555	5.44043	5.28975	5.23545	5.11947	5.09937	5.07661	5.0685	5.03681	5.01676	5.09229	5.18123	5.24138	5.24306	5.24842	5.18718	5.1588	5.09662	5.04864	5.00613	4.95752	4.89566	4.88237	4.87163	4.85199	4.80431	4.83638	4.87395	4.87397	4.87681	4.81589	4.7264	4.63455	4.53863	4.44158	4.3527	4.31108	4.27351	4.25053	4.22884	4.2463	4.25365	4.25802	4.27262	4.2832	4.29837	4.31019	4.32879	4.34088	4.37213	4.38307	4.39669	4.4075	4.41926	4.42694	4.43747	4.4386	4.42872	4.41387	4.408	4.40419	4.39921	4.39082	4.39081	4.38662	4.38239	4.38146	4.37594	4.37833	4.3774	4.37093	4.39661	4.38717	4.37331	4.34901	4.32746	4.29746	4.27188	4.24047	4.21203	4.1822	4.13973	4.11683	4.09114	4.06671	4.03463	4.02707	4.02617	4.02658	4.02879	4.03543	4.04491	4.05856	4.13698	4.17414	4.20368	4.2521	4.26493	4.24198	4.19452	4.1403	4.09254	4.02351	4.01178	3.97166	3.98722	4.00131	4.02574	4.04141	4.04079	4.02523	4.00265	3.99025	3.98146	3.9798	4.03781	4.06455	4.09083	4.09404	4.09056	4.09049	4.08692	4.08409	4.08516	4.07952	4.07662	4.07907	4.08928	4.1187	4.14113	4.15563	4.14084	4.06082	3.96338	3.87054	3.79121	3.74017	3.71314	3.83962	3.9445	4.2297	4.31155	4.37548	4.13716	4.09415	4.04136	3.99165	3.94482	3.90325	3.8611	3.80764	3.76585	3.73527	3.72336	3.76379	3.84047	3.88781	3.85185	3.85209	3.85548	3.92619	3.96708	4.00756	3.99677	4.00088	4.00371	4.03909	4.08306	4.12266	4.16992	4.20977	4.24631	4.25568	4.26837	4.27319	4.28007	4.28388	4.28617	4.24566	4.21024	4.17428	4.0913	4.00083	3.91782	3.84676	3.79276	3.83223	3.87648	3.94377	3.99529	4.06422	4.12657	4.154	4.11974	4.02614	3.93792	3.86102	3.78408	3.85787	3.9058	3.98855	4.0858	4.15503	4.16015	4.12815	4.07298	4.0771	4.08481	4.11508	4.14814	4.10076	4.03303	3.93404	3.85864	3.73461	3.7191	3.76776	3.8372	3.90155	3.96629	4.05453	4.14063	4.2198	4.23882	4.25381	4.23	4.20983	4.17657	4.15622	4.12876	4.10278	4.0817	4.0494	4.0296	4.01296	4.00718	4.00313	4.01318	4.06039	4.09008	4.1199	4.10635	4.11454	4.12193	4.17737	4.27335	4.37052	4.45288	4.52276	4.59243	4.65265	4.6909	4.72773	4.72239	4.7048	4.68538	4.66755	4.64562	4.63046	4.58571	4.58727	4.58307	4.60642	4.60728	4.58472	4.50274	4.40724	4.31683	4.22256	4.13027	4.04681	3.96439	3.96381	3.934	3.90037	3.89966	3.89048	3.89522	3.91132	3.92989	3.97309	4.03012	4.1078	4.1939	4.27542	4.32136	4.35911	4.36194	3.75043	3.96586	3.94374	3.92851	3.91846	3.91174	3.912	3.9115	3.91566	3.91921	3.92498	3.93053	3.93594	3.94198	3.94799	3.95422	3.96124	3.95748	3.96611	3.9745	3.98351	3.99109	4.00253	4.01126	4.02684	4.03947	4.05834	4.07448	4.09681	4.1206	4.14176	4.16887	4.17681	4.18699	4.19098	4.19805	4.19834	4.20176	4.19955	4.19989	4.19374	4.19066	4.18273	4.16166	4.10644	4.0797	4.04154	4.02744	4.0218	4.05633	4.09677	4.14789	4.22792	4.28665	4.37248	4.41589	4.42136	4.42233	4.41869	4.41788	4.40664	4.40424	4.35268	4.32654	4.30133	4.24879	4.20177	4.16069	4.11865	4.08049	4.05296	4.01146	4.01307	4.0143	4.02797	4.04425	4.09526	4.15676	4.22214	4.29158	4.34476	4.35556	4.37548	4.39509	4.41669	4.43621	4.45794	4.47567	4.49223	4.48594	4.47927	4.46104	4.44962	4.42657	4.40787	4.34	4.29947	4.27212	4.21289	4.20638	4.21226	4.22107	4.22733	4.35237	4.37461	4.39378	4.41321	4.42808	4.43686	4.42901	4.42131	4.40243	4.38172	4.3707	4.35291	4.34947	4.34239	4.34215	4.35123	4.34545	4.34558	4.34724	4.35598	4.37759	4.40892	4.43411	4.46549	4.49268	4.50684	3.85823	3.82942	3.82344	3.83137	3.82887	3.88383	3.95562	4.0374	4.12626	4.21633	4.30174	4.39576	4.46862	4.6074	4.61391	4.60821	4.60087	4.57029	4.53663	4.47918	4.42681	4.37047	4.3261	4.26737	4.23684	4.20949	4.22299	4.20245	4.1847	4.15906	4.13435	4.10134	4.06431	4.02046	3.95151	3.8824	3.66819	3.47105	3.1425	2.86071
0	-20	3.60933	3.89887	4.11331	4.24019	4.32998	4.38583	4.40649	4.42669	4.44734	4.45473	4.46835	4.46042	4.40985	4.36246	4.37265	4.36767	4.35501	4.36618	4.3898	4.40866	4.4448	4.48037	4.5232	4.56361	4.56118	4.52629	4.49649	4.46037	4.41166	4.36417	4.3213	4.2325	4.27514	4.34244	4.43115	4.51915	4.60564	4.68879	4.76012	4.78956	4.81039	4.82898	4.84071	4.84833	4.83169	4.80093	4.75999	4.70035	4.59925	4.3438	4.32664	4.34462	4.37827	4.44806	4.53102	4.61632	4.65608	4.67446	4.70247	4.58455	4.35775	4.22279	4.11357	4.03517	3.99725	3.88589	3.94076	3.99806	4.06821	4.1531	4.23421	4.33985	4.37276	4.39655	4.43071	4.45685	4.49865	4.5369	4.57424	4.60831	4.63495	4.66941	4.69978	4.73184	4.76224	4.79128	4.83726	4.81953	4.80056	4.77042	4.74217	4.71156	4.68308	4.65238	4.62384	4.59541	4.56764	4.54312	4.52468	4.50903	4.49704	4.47642	4.44806	4.42718	4.42529	4.40625	4.41901	4.43722	4.46487	4.51733	4.60614	4.64245	4.66499	4.70229	4.70045	4.69831	4.68722	4.61418	4.56061	4.4737	4.3856	4.286	4.25552	4.2356	4.26228	4.29234	4.32303	4.38581	4.49083	4.50056	4.51899	4.54293	4.56529	4.59508	4.59751	4.59153	4.533	4.50535	4.48073	4.4711	4.4695	4.45286	4.43582	4.41937	4.39137	4.36082	4.36509	4.36926	4.38918	4.41628	4.42981	4.4493	4.47559	4.49754	4.54105	4.54637	4.55327	4.54379	4.5421	4.52258	4.51764	4.50567	4.49851	4.45681	4.42678	4.39176	4.34612	4.3474	4.36348	4.3938	4.44531	4.49071	4.55574	4.6451	4.70446	4.75117	4.77964	4.81104	4.82842	4.77901	4.75078	4.71429	4.67172	4.61124	4.54791	4.48187	4.38441	4.26178	4.13511	4.02494	3.98775	3.97034	3.98989	4.03226	4.07925	4.09977	4.13909	4.19889	4.34754	4.66506	4.68309	4.67467	4.65707	4.62846	4.60528	4.58738	4.60737	4.60276	4.62759	4.66119	4.72919	4.74927	4.75786	4.79065	4.83158	4.8651	4.87511	4.85006	4.85758	4.86603	4.95044	4.98613	5.03055	5.07594	5.10563	5.12977	5.13832	5.14882	5.01194	4.87306	4.71508	4.54185	4.39404	4.29407	4.26314	4.23908	4.28113	4.35654	4.44846	4.55682	4.67145	4.77564	4.86748	4.9234	4.9707	5.00725	5.04624	5.03234	4.96313	4.88133	4.80213	4.72269	4.64292	4.56856	4.50139	4.44562	4.41555	4.43932	4.49573	4.5633	4.58469	4.60379	4.62981	4.57867	4.60315	4.5872	4.57684	4.574	4.56304	4.5582	4.55587	4.52478	4.53895	4.52843	4.47499	4.42425	4.34606	4.28759	4.23641	4.19261	4.26859	4.26107	4.28197	4.30337	4.31832	4.33209	4.32386	4.30957	4.22526	4.15036	4.07983	4.00878	3.94176	3.88429	3.83181	3.77694	3.7673	3.77971	3.78924	3.82147	3.86232	3.90823	3.96479	4.01745	4.0812	4.12814	4.16126	4.19839	4.23468	4.27467	4.28505	4.28675	4.27328	4.24298	4.22139	4.19867	4.18026	4.14476	4.11134	4.08518	4.05161	4.02244	3.98405	3.97855	4.00181	4.02135	4.05752	4.08502	4.12334	4.15411	4.17805	4.20432	4.21936	4.24169	4.24424	4.26473	4.25754	4.25118	4.23906	4.22789	4.19686	4.17232	4.15061	4.12226	4.09398	4.06364	4.03724	4.00886	3.98813	3.9678	3.94838	3.924	3.92973	3.93417	3.96385	4.01007	4.03538	4.06184	4.07977	4.10689	4.13019	4.15634	4.17458	4.19352	4.20755	4.21642	4.2221	4.22878	4.19135	4.2412	4.35156	4.41793	4.44983	4.46466	4.47789	4.44162	4.3346	4.22269	4.07753	3.95998	3.86846	3.78495	3.79454	3.83503	3.88053	3.96121	4.04856	4.1463	4.23541	4.32566	4.38687	4.39538	4.422	4.45273	4.48385	4.49835	4.54455	4.58459	4.60991	4.64299	4.67288	4.7013	4.73518	4.77841	4.54303	4.42302	4.44776	4.48734	4.53825	4.57924	4.63815	4.66139	4.68682	4.66362	4.62367	4.56194	4.41647	4.29842	4.19081	4.08204	4.1289	4.16892	4.24357	4.3682	4.54169	4.63994	4.78004	4.8081	4.81518	4.8297	4.81485	4.82218	4.83287	4.69423	4.66755	4.65134	4.73378	4.84651	4.99023	5.11553	5.14377	5.23633	5.27963	5.32036	5.35599	5.40178	5.36644	5.3204	5.30694	5.31645	5.37525	5.44519	5.61732	5.67845	5.74259	5.81063	5.88299	5.93875	6.00347	6.07629	6.15906	6.24643	6.33535	6.43625	6.53758	6.66079	6.8506	7.01731	7.17255	7.33821	7.48681	7.65518	7.83913	8.03829	8.2831	8.57431	8.89302	9.35703	9.71372	10.0007	10.4051	10.7829	11.268	11.8598	12.5941	13.7851	14.5779	15.7631	16.8918	18.1023	19.5989	21.3778	23.6827	26.3835	29.7695	33.8995	38.6226	44.211	51.4753	62.489	72.5721	86.9991	107.181	138.011	171.937	210.358	236.049	250.137	233.198	207.457	169.891	137.272	108.256	89.4783	72.1145	59.0472	48.7247	42.6038	37.9021	33.1355	29.514	26.6374	23.9268	21.6573	20.0494	18.7479	17.1309	15.88	14.6301	13.6526	12.8004	11.9638	11.1192	10.5747	10.0882	9.64435	9.23264	8.93328	8.68202	8.47514	8.29554	8.13676	7.96215	7.81117	7.62892	7.43807	7.26781	7.08508	6.92167	6.72938	6.55867	6.3921	6.23124	6.06417	5.93209	5.79782	5.67743	5.57342	5.47886	5.41075	5.34018	5.28802	5.23545	5.1935	5.20819	5.22929	5.25024	5.27976	5.31547	5.35052	5.3904	5.43166	5.47443	5.51991	5.45037	5.29308	5.15125	5.01427	4.91101	4.82582	4.77014	4.74335	4.75259	4.87702	4.92303	4.94464	4.90042	4.83069	4.7708	4.71437	4.63635	4.55468	4.50364	4.46605	4.46623	4.48624	4.49861	4.53141	4.58587	4.60147	4.59298	4.58538	4.57925	4.56849	4.54231	4.51506	4.50723	4.49989	4.49316	4.48067	4.50472	4.50687	4.48812	4.47158	4.46158	4.45374	4.45891	4.49497	4.53262	4.5322	4.50306	4.49136	4.50918	4.48248	4.40747	4.32188	4.27086	4.20052	4.10183	4.00401	3.92976	3.88126	3.92818	3.94456	4.00211	4.09276	4.09301	4.09606	4.10952	4.02479	3.29759	2.60899	3.90824	3.99452	4.02172	4.0056	3.94144	4.0692	4.20542	4.24091	4.24453	4.24563	4.24302	4.17477	4.19519	4.23773	4.21044	4.19039	4.17063	4.16305	4.15969	4.15439	4.11744	4.04834	3.97547	3.90488	3.84307	3.78777	3.70408	3.7033	3.73002	3.74974	3.79477	3.83101	3.8857	3.94256	3.99776	4.04032	4.08774	4.12758	4.16383	4.18652	4.17775	4.17603	4.16963	4.15977	4.14596	4.12859	4.1065	4.08385	4.06117	4.04257	4.01332	3.99539	3.99654	3.9553	3.90284	3.85429	3.80424	3.75042	3.69939	3.6435	3.5812	3.53328	3.47614	3.45663	3.43222	3.42889	3.42497	3.48584	3.53872	3.56716	3.63113	3.67285	3.7183	3.7569	3.80143	3.83444	3.83251	3.82321	3.78768	3.79595	3.76289	3.77153	3.78837	3.82417	3.84953	3.87732	3.90801	3.93716	3.97094	4.02451	4.05776	4.09448	4.12363	4.15192	4.17623	4.19518	4.19042	4.19393	4.19977	4.17338	4.17081	4.16213	4.15623	4.14897	4.13596	4.13382	4.10249	4.06603	4.03231	3.99575	3.9604	3.92973	3.88165	3.819	3.77985	3.72394	3.71154	3.69454	3.73644	3.76882	3.81798	3.88253	3.97852	4.02017	4.05172	4.0971	4.10618	4.11676	4.0745	4.02865	3.98336	3.93841	3.90186	3.86443	3.88384	3.87366	3.87391	3.87931	3.88067	3.88638	3.8954	3.90427	3.91693	3.92801	3.92233	3.96773	4.01128	4.05236	4.06934	4.09496	4.12368	4.20684	4.26284	4.31464	4.36788	4.40175	4.42752	4.43871	4.42172	4.39375	4.35951	4.29433	4.21649	4.17873	4.12977	4.08489	4.0733	4.08761	4.09929	4.14762	4.17932	4.2042	4.22939	4.25247	4.2793	4.29166	4.29615	4.29882	4.26288	4.25805	4.2421	4.23179	4.21846	4.20366	4.19042	4.17168	4.16072	4.14426	4.1324	4.132	4.12144	4.11225	4.13416	4.17103	4.2032	4.2794	4.32544	4.30548	4.2786	4.26353	4.25291	4.26612	4.29131	4.31228	4.26811	4.24573	4.26228	4.28211	4.29558	4.2743	4.24914	4.20422	4.15044	4.13456	4.153	4.12912	4.10758	4.08471	4.06098	4.04258	4.01808	3.99103	3.9343	3.93194	3.93404	3.93812	3.94412	3.95326	3.96558	4.00566	4.02023	4.03387	4.04627	4.05643	4.06776	4.07397	4.0837	4.0867	4.09462	4.07735	4.07915	4.07573	4.07626	4.07503	4.07488	4.07881	4.08258	4.0853	4.0834	4.08302	4.07731	4.08161	4.08401	4.08896	4.09388	4.10009	4.10793	4.11567	4.13078	4.13601	4.14581	4.14966	4.15847	4.15263	4.13584	4.12084	4.11072	4.0996	4.09278	4.087	4.08325	4.08149	4.11869	4.12393	4.13395	4.14172	4.14965	4.14636	4.14593	4.14551	4.1471	4.14887	4.15281	4.16944	4.17778	4.18679	4.19683	4.20948	4.22104	4.21336	4.18693	4.17077	4.21974	4.2499	4.28866	4.29888	4.31487	4.32292	4.32727	4.33137	4.33254	4.33523	4.3351	4.33854	4.33644	4.33947	4.32918	4.33668	4.30996	4.28308	4.25521	4.20181	4.13593	4.07232	4.00932	3.95654	3.89053	3.80127	3.79521	3.79997	3.80505	3.8551	3.90479	3.93864	3.98609	4.02964	4.07569	4.08335	4.08475	4.08422	4.08322	4.08156	4.07293	4.07441	4.05733	4.05112	4.05895	4.12023	4.15318	4.18213	4.21695	4.24743	4.29467	4.33048	4.37554	4.37735	4.33186	4.29875	4.26863	4.2334	4.21913	4.15396	4.11447	4.08275	4.07234	4.06553	4.09184	4.12927	4.05579	3.99414	3.94928	3.91269	3.94033	3.993	4.06079	4.14179	4.2194	4.30385	4.33543	4.23778	4.11223	3.98746	3.86562	3.79465	3.72882	3.72362	3.7373	3.78831	3.88019	3.9433	4.12111	4.01026
0	0	4.76197	4.6737	4.67182	4.71366	4.78281	4.85798	4.95072	4.96907	4.94099	4.98227	4.9574	4.93264	4.86288	4.78697	4.70433	4.58436	4.48332	4.37166	4.0817	4.00595	3.95831	3.92334	3.96694	4.06173	4.18842	4.30452	4.45203	4.46405	4.39703	4.37478	4.36685	4.37677	4.38743	4.40926	4.43015	4.44929	4.47356	4.47171	4.49018	4.51895	4.53548	4.56172	4.60118	4.63307	4.66852	4.66663	4.66624	4.67048	4.6588	4.65898	4.67476	4.61739	4.56216	4.43932	4.28389	4.13033	3.95879	4.43738	4.55632	4.36445	4.35699	4.34285	4.34062	4.3452	4.36376	4.40859	4.44706	4.48387	4.515	4.52866	4.53811	4.51309	4.49654	4.48378	4.44505	4.41994	4.38061	4.35562	4.30578	4.28857	4.28466	4.28186	4.27547	4.29783	4.33251	4.36659	4.37402	4.37415	4.38765	4.39113	4.39998	4.40805	4.4255	4.41658	4.39854	4.41662	4.4316	4.39143	4.34113	4.23829	4.20863	4.16502	4.15904	4.16525	4.23976	4.31089	4.33636	4.34968	4.3244	4.31015	4.30372	4.3036	4.30224	4.29332	4.31116	4.31937	4.32483	4.33005	4.33008	4.30983	4.30312	4.30511	4.35136	4.40463	4.43672	4.43653	4.46264	4.47454	4.48875	4.49959	4.51084	4.51967	4.51525	4.50696	4.5042	4.47989	4.41875	4.37219	4.3297	4.28731	4.27665	4.28801	4.32251	4.35109	4.3722	4.40585	4.43652	4.44308	4.40825	4.37971	4.35086	4.32701	4.33788	4.32494	4.34573	4.35202	4.36077	4.36871	4.37238	4.38567	4.34916	4.38326	4.40864	4.44528	4.4806	4.48001	4.43797	4.39235	4.32059	4.28095	4.27094	4.24625	4.2342	4.25019	4.24773	4.24682	4.27691	4.2979	4.23176	4.10735	3.98488	3.81757	3.80665	3.86319	3.92083	3.98867	4.06548	4.14274	4.22084	4.29924	4.37964	4.45228	4.53051	4.58421	4.62847	4.67547	4.70756	4.65402	4.60555	4.55805	4.50019	4.46446	4.44959	4.46881	4.51681	4.50282	4.53158	4.58371	4.65497	4.73227	4.76638	4.75006	4.71805	4.68494	4.65315	4.62737	4.60344	4.58147	4.62659	4.65665	4.67105	4.69797	4.70009	4.67689	4.64542	4.64148	4.62915	4.65376	4.67564	4.71674	4.75419	4.76796	4.77236	4.7973	4.82927	4.83705	4.84119	4.84227	4.8208	4.76176	4.6861	4.62895	4.58499	4.50284	4.47234	4.61924	4.67215	4.64906	4.63224	4.63355	4.35251	4.00003	4.12651	4.13995	4.15729	4.15646	4.1635	4.15767	4.16783	4.16178	4.15811	4.15074	4.14422	4.13727	4.12917	4.11155	4.09718	4.12578	4.17094	4.22045	4.28023	4.33696	4.40791	4.48386	4.55186	4.50595	4.5024	4.48209	4.46576	4.46416	4.44792	4.41669	4.3999	4.40512	4.42896	4.43344	4.41901	4.3921	4.35669	4.33862	4.3353	4.29443	4.26948	4.24522	4.22212	4.19841	4.17757	4.16779	4.112	4.05542	4.00593	3.94616	3.91974	3.89198	3.87218	3.85661	3.84338	3.89588	3.92443	3.94816	3.9718	3.89992	3.88619	3.90639	3.9288	3.94039	3.96417	3.98138	3.99056	4.01161	3.99627	3.96474	3.93758	3.90936	3.88947	3.87386	3.86294	3.856	3.89434	3.93016	3.94246	3.94999	3.95332	3.94431	3.923	3.90743	3.83427	4.07717	4.10558	4.15915	4.20989	4.2671	4.33	4.38013	4.42847	4.48771	4.52788	4.58387	4.64392	4.66454	4.6286	4.60393	4.55853	4.53303	4.50648	4.47572	4.45147	4.40206	4.33006	4.27103	4.23347	4.20333	4.15933	4.08467	4.08812	4.10453	4.11967	4.13955	4.16632	4.19295	4.22134	4.25446	4.30306	4.33464	4.35807	4.38229	4.39738	4.37776	4.34827	4.31163	4.26969	4.24968	4.23184	4.24595	4.27452	4.26405	4.2644	4.26929	4.27429	4.28309	4.35634	4.39231	4.42051	4.43013	4.3985	4.37343	4.36054	4.33795	4.34188	4.38404	4.39417	4.41455	4.47748	4.53003	4.54622	4.57078	4.6003	4.63911	4.66615	4.68774	4.7127	4.73372	4.74053	4.74591	4.75969	4.74588	4.79858	4.82816	4.81997	4.80771	4.80441	4.79792	4.79798	4.79637	4.79757	4.82397	4.86245	4.88145	4.89027	4.90205	4.9111	4.9232	4.93241	4.95747	4.30421	4.85898	4.66327	4.87024	4.91506	4.8752	4.79047	4.79544	4.96588	5.07488	5.09828	5.12936	5.06239	5.05203	4.80217	4.78329	4.81345	4.87792	4.96208	5.04457	5.14354	5.24707	5.36729	5.48993	5.62713	5.75767	5.90669	6.04834	6.20744	6.36213	6.53071	6.70417	6.88763	7.08352	7.22375	7.32326	7.42355	7.55049	7.68799	7.84002	8.03381	8.3545	8.72803	9.12363	9.50951	9.95983	10.4765	11.0669	11.6675	12.3678	13.1446	13.9274	14.9226	16.1235	17.2395	18.6856	20.2688	22.3585	24.8383	27.9346	31.1469	34.763	42.4058	49.3053	57.4503	64.645	74.4462	96.8051	125.399	146.895	187.347	220.471	243.152	258.507	239.021	206.979	165.856	134.155	107.316	86.2713	73.5387	62.6366	49.4717	40.5881	36.171	30.1736	27.9756	25.0251	22.8407	21.2556	19.8053	18.0663	16.5064	15.1259	13.9456	12.927	12.0599	11.2852	10.8459	10.42	10.1041	9.80971	9.46489	9.15786	8.8843	8.6213	8.38103	8.17225	7.96811	7.77933	7.59218	7.33345	7.07315	6.86207	6.64274	6.50117	6.37769	6.26085	6.22233	6.14472	6.08688	6.02492	5.97269	5.92102	5.87122	5.82609	5.72526	5.56198	5.42774	5.33732	5.26503	5.19568	5.1668	5.15141	5.13347	5.14161	5.13813	5.08844	5.03691	4.9888	4.95713	4.94462	4.95269	5.01051	5.04274	5.08964	5.12286	5.14369	5.12296	5.09262	5.06078	5.01952	4.9596	4.86347	4.70578	4.64833	4.63586	4.63622	4.62847	4.54294	4.46463	4.42152	4.42848	4.46163	4.49008	4.52621	4.48805	4.43544	4.39329	4.34916	4.31139	4.25287	4.24951	4.25933	4.26674	4.27733	4.28745	4.29018	4.27548	4.27482	4.25503	4.27015	4.25989	4.26799	4.19234	4.12305	4.06748	4.05739	4.08717	4.17968	4.20786	4.20733	4.22203	4.22853	4.2708	4.31741	4.29551	4.26155	4.22758	4.19616	4.16203	4.13022	4.09699	4.06592	4.03367	3.99386	3.96407	3.93676	3.92247	3.90086	3.89205	3.87565	3.87221	3.89955	3.92192	3.94956	3.99172	3.99993	4.00486	3.98094	3.96356	3.94148	3.91012	3.81054	3.69289	3.66707	3.63569	3.62102	3.71907	3.72215	3.73986	3.74762	3.79065	3.83371	3.87216	3.83707	3.84754	3.82977	3.82809	3.79033	3.82921	3.86872	3.89738	3.9008	3.90431	3.93088	3.96064	3.9942	4.02007	4.05584	4.15775	4.22891	4.28064	4.28177	4.26214	4.18116	4.10053	4.01576	3.92999	3.84252	3.75719	3.71484	3.68537	3.69895	3.72701	3.73144	3.75586	3.74262	3.78506	3.83896	3.89085	3.95478	3.99354	4.07219	4.09418	4.11423	4.14406	4.18941	4.21596	4.23594	4.22916	4.19372	4.14113	4.08059	4.00829	3.94635	3.89686	3.84048	3.75716	3.73923	3.76488	3.79866	3.83208	3.86918	3.90184	3.94397	3.98452	3.96668	3.96671	3.99824	4.0237	4.00881	4.04578	4.05282	4.03805	4.04509	4.06263	4.08938	4.11827	4.11773	4.12171	4.11808	4.1066	4.0888	4.07765	4.06387	4.0537	4.04529	4.03645	4.03207	4.05308	4.03241	4.02353	4.013	4.02616	4.03122	4.0364	4.06085	4.07482	4.07553	4.0755	4.10951	4.12027	4.1311	4.12046	4.09534	4.07345	4.07959	4.08026	4.06562	4.04281	4.01732	4.00144	3.9827	3.91502	3.88969	3.87541	3.85289	3.83465	3.82016	3.80862	3.79907	3.86306	3.87634	3.88751	3.89927	3.93009	3.97408	4.02118	4.02328	4.02778	4.02816	4.016	3.97007	3.9295	3.88541	3.85062	3.81051	3.78217	3.76022	3.75006	3.77586	3.80392	3.79751	3.78802	3.78464	3.77287	3.79314	3.81884	3.85222	3.93776	3.97613	4.00438	4.04657	4.09788	4.13208	4.17472	4.20285	4.22141	4.20934	4.20272	4.16037	4.12877	4.08819	4.04323	3.90056	3.89541	3.89731	3.89787	3.90853	3.95378	3.98785	4.02522	4.06357	4.08963	4.12691	4.15915	4.21828	4.23792	4.25345	4.21666	4.21496	4.19329	4.22848	4.2153	4.20229	4.1847	4.16768	4.14565	4.12512	4.10081	4.07864	4.05509	4.037	4.01652	3.99222	3.97557	3.95821	3.94486	3.9308	3.92182	3.9119	3.90824	3.9033	3.90598	3.92608	3.93689	3.95024	3.90453	3.83379	3.74147	3.67764	3.72794	3.74261	3.789	3.77569	3.6838	3.86167	3.89721	3.94306	4.00241	4.05154	4.11914	4.18329	4.18193	4.22687	4.23023	4.22836	4.21858	4.2091	4.19394	4.17648	4.15721	4.12818	4.10613	4.08603	4.06505	4.03982	4.01509	3.99205	3.95947	3.95955	3.95848	3.96586	3.97614	4.06296	4.05514	4.06477	4.05433	4.08748	4.09494	4.0376	4.04549	4.04607	4.05362	4.07073	4.09014	4.07972	4.03184	4.00989	3.97907	3.95653	3.94615	3.99412	4.03986	4.0823	4.11489	4.05742	3.99497	3.93564	3.8795	3.8325	3.7879	3.76913	3.7612	3.76919	3.77618	3.79941	3.82205	3.89472	3.96171	4.01663	4.1155	4.16816	4.1977	4.22464	4.19621	4.18466	4.15334	4.08073	4.02574	3.97375	3.93266	3.91252	3.90068	3.90243	3.90237	3.9155	3.93429	3.97147	4.01106	4.04587	4.08064	4.11531	4.17252	4.20269	4.24649	4.26654	4.28654	4.27643	4.27743	4.27661	4.27042	4.27209	4.26225	4.26707	4.25874	4.22318	4.21222	4.21913	4.21515	4.25283	4.23915	4.22807	4.28662	4.2906	4.30484	4.32189	4.25377	4.20084	4.1414	4.13022	4.1253	4.12658	4.12923	4.1273	4.1791	4.21683	4.23851	4.25714	4.26665	4.28202	4.28441	4.28512	4.23721	4.19585	4.15969	4.13928	4.1214	4.12207	4.11335	4.0884	4.08267	4.08869	4.08614	4.08772	4.08682	4.08391	4.06436	4.05046
0	20	5.18762	5.19358	5.14987	5.128	5.11144	5.0108	5.0003	4.94076	4.77882	4.59641	4.84097	4.92668	4.95498	4.9234	4.92708	4.87329	4.83746	4.77987	4.71744	4.66313	4.61747	4.56541	4.51896	4.48354	4.5322	4.59551	4.64472	4.6931	4.7402	4.79042	4.84652	4.8951	4.93372	4.96239	4.93536	4.89294	4.91959	4.92256	4.87892	4.85592	4.82291	4.83328	4.86682	4.8958	4.93264	4.92064	4.82831	4.73028	4.67974	4.63733	4.60029	4.56807	4.49912	4.45551	4.46349	4.43475	4.42583	4.43905	4.43148	4.45457	4.48671	4.54827	4.61784	4.68386	4.75642	4.78135	4.83544	4.93147	5.01571	5.10559	5.14101	5.17033	5.13907	5.06621	4.98483	4.8951	4.83624	4.75812	4.67245	4.6103	4.56488	4.51925	4.43091	4.35484	4.30285	4.26665	4.26918	4.22986	4.22384	4.27367	4.33733	4.41115	4.46937	4.5441	4.64052	4.72665	4.78667	4.87038	4.92459	4.97625	4.97896	4.97371	4.96868	4.94554	4.91722	4.86301	4.80728	4.76263	4.73049	4.68588	4.67271	4.66524	4.58976	4.57361	4.60337	4.60755	4.61889	4.57025	4.51241	4.49691	4.5036	4.50416	4.51168	4.52094	4.48769	4.45937	4.3811	4.31914	4.24636	4.28033	4.31661	4.36929	4.42218	4.46538	4.47497	4.50979	4.51275	4.53893	4.56669	4.60926	4.66113	4.68639	4.71271	4.71287	4.70619	4.72335	4.75258	4.74729	4.72555	4.72711	4.73798	4.74102	4.70077	4.67551	4.63574	4.58285	4.51324	4.43816	4.39248	4.38783	4.39765	4.40267	4.40922	4.37342	4.36046	4.36744	4.42384	4.40938	4.4218	4.45897	4.4816	4.51376	4.57043	4.60183	4.6135	4.69117	4.69099	4.69599	4.70483	4.71633	4.74375	4.75829	4.75253	4.772	4.83378	4.9092	4.90222	4.9333	4.95202	4.95805	4.96594	4.98573	4.98721	4.98898	4.97941	4.97494	4.91714	4.85753	4.80218	4.77259	4.77026	4.76343	4.78182	4.77939	4.81062	4.82347	4.83356	4.93141	4.99307	5.05709	5.13429	5.1182	5.10947	5.09299	5.07092	5.05202	5.00674	4.95958	4.91447	4.87012	4.8265	4.78401	4.74323	4.70622	4.66949	4.68646	4.67618	4.66109	4.65316	4.64507	4.62584	4.57272	4.57974	4.55179	4.56097	4.61614	4.64323	4.69397	4.80377	4.89573	5.02387	5.13719	5.23771	5.26263	5.28196	5.28858	5.21619	5.18973	5.13624	5.11748	5.06613	5.02856	5.01504	5.00485	5.00174	4.97752	4.94586	4.93318	4.93196	4.94079	4.93517	4.89299	4.82949	4.74671	4.64024	4.56422	4.49754	4.43918	4.3951	4.3639	4.30833	4.26347	4.24126	4.23114	4.25018	4.25639	4.27692	4.28403	4.34631	4.42238	4.46289	4.49569	4.54202	4.54321	4.56162	4.55365	4.52858	4.47112	4.40113	4.35111	4.33472	4.32176	4.29743	4.2746	4.27844	4.26429	4.26201	4.22958	4.21907	4.20246	4.22529	4.22391	4.15345	4.08139	4.0732	4.07138	4.10392	4.19058	4.33287	4.43427	4.34065	4.35694	4.37935	4.38899	4.36294	4.32434	4.30697	4.18984	4.13121	4.01233	3.89036	3.96025	4.01138	4.08473	4.15374	4.15427	4.15552	4.13761	4.12797	4.1548	4.19968	4.24699	4.29013	4.35834	4.3988	4.41945	4.42489	4.40137	4.36541	4.37198	4.35163	4.3037	4.24774	4.14265	3.98634	3.73334	3.6556	3.65895	3.75341	3.91601	4.19135	4.38219	4.5859	4.70485	4.77229	4.79219	4.84315	4.85449	4.73986	4.64078	4.54841	4.48854	4.45526	4.41892	4.38168	4.37465	4.3675	4.33712	4.35892	4.3697	4.34102	4.29656	4.34185	4.36974	4.48291	4.60129	4.69188	4.63706	4.57274	4.51247	4.46323	4.42568	4.40884	4.41804	4.44034	4.48532	4.50149	4.50776	4.50904	4.49396	4.47388	4.50323	4.61929	4.68356	4.74102	4.76823	4.80266	4.78174	4.75721	4.76866	4.76326	4.77046	4.72822	4.70731	4.71414	4.68207	4.65965	4.66014	4.68712	4.67786	4.65918	4.67025	4.6868	4.71528	4.73515	4.7334	4.74961	4.73816	4.6877	4.66168	4.67743	4.74255	4.80548	4.8169	4.78047	4.77609	4.80959	4.83183	4.84021	4.84444	4.85852	4.91274	4.97357	5.02438	5.08553	5.16805	5.27661	5.36189	5.42542	5.47288	5.43294	5.44985	5.45717	5.49135	5.53625	5.62175	5.71119	5.76461	5.80987	5.75101	5.75619	5.79851	5.80796	5.81856	5.83627	5.89432	5.91364	5.8754	5.93337	6.03076	6.12957	6.27287	6.45883	6.68216	6.88653	7.08214	7.2314	7.40613	7.57871	7.62664	7.71522	7.88189	8.12821	8.5148	8.78214	9.22794	9.53541	10.0365	10.2831	10.6881	11.0011	11.4915	11.9731	12.4741	13.1316	13.811	14.7372	15.7005	16.9905	18.4988	20.253	22.4855	24.9302	27.9078	31.4911	35.7556	41.2131	47.477	54.5136	65.1962	79.0077	92.3619	118.197	142.912	183.944	208.556	234.432	262.482	242.987	213.182	175.121	139.622	114.61	91.5003	71.8831	61.1108	52.793	45.9933	39.3035	34.506	30.6141	27.5234	24.8573	22.5879	20.5523	19.0334	17.6407	16.3264	15.2364	14.0418	13.1054	12.3473	11.6441	11.0526	10.5934	10.1889	9.74503	9.33973	9.0442	8.74644	8.50889	8.24236	7.99754	7.77616	7.56015	7.39141	7.2237	7.12631	7.06573	6.98874	6.92198	6.84023	6.71884	6.60686	6.48949	6.38493	6.31314	6.25096	6.16261	6.0788	6.03339	6.02577	5.99846	5.97913	5.93993	5.8884	5.81504	5.75446	5.68547	5.62456	5.56003	5.49538	5.43328	5.36713	5.26784	5.15555	5.10724	5.06239	5.06093	5.04293	5.03181	5.0536	5.04127	5.03849	5.03348	5.00183	4.9693	4.95119	4.96027	4.93739	4.94149	4.93321	4.93054	4.89721	4.86576	4.813	4.75681	4.70424	4.68267	4.64452	4.59705	4.57155	4.549	4.52519	4.48676	4.47323	4.47792	4.47517	4.48256	4.46657	4.45413	4.44247	4.42272	4.42411	4.40637	4.39563	4.35243	4.32119	4.28524	4.24489	4.24595	4.26609	4.27927	4.30131	4.29622	4.29745	4.30916	4.32178	4.33335	4.31776	4.29658	4.27869	4.25267	4.22454	4.21396	4.20436	4.21495	4.244	4.32205	4.37514	4.38503	4.37767	4.3706	4.36461	4.35602	4.35565	4.35334	4.35132	4.35261	4.35538	4.36229	4.3689	4.3239	4.27138	4.23215	4.20839	4.19411	4.17976	4.14287	4.11263	4.0804	4.09323	4.10349	4.0831	4.08819	4.13054	4.16209	4.19661	4.19907	4.20663	4.24836	4.29054	4.30255	4.29725	4.28298	4.25468	4.22082	4.15079	4.0812	4.07449	4.03976	3.9945	3.97199	3.9791	4.00459	4.03211	4.00524	4.00067	3.99706	4.00534	4.02891	4.04494	4.07993	4.14506	4.23837	4.28453	4.32324	4.31081	4.27177	4.23377	4.19321	4.1607	4.13992	4.13174	4.1289	4.13962	4.1544	4.17138	4.2024	4.23812	4.27447	4.31723	4.28112	4.25374	4.20413	4.1326	4.06286	4.02335	4.00718	3.96068	3.92548	3.92036	3.91323	3.92827	3.9296	3.96362	3.96459	3.96431	3.93024	3.90176	3.87396	3.84901	3.8437	3.81927	3.7976	3.75527	3.7303	3.72852	3.74147	3.75893	3.771	3.79108	3.81728	3.84174	3.8586	3.84439	3.85974	3.82751	3.78231	3.77176	3.76975	3.80612	3.85149	3.89198	3.95845	4.02388	4.06049	4.13088	4.22177	4.29297	4.34564	4.37305	4.36016	4.30158	4.23058	4.14432	4.07431	4.02027	3.98206	3.98137	4.03647	4.1373	4.24809	4.3475	4.40645	4.4301	4.45254	4.46112	4.46948	4.42107	4.32823	4.21339	4.1865	4.17517	4.17693	4.19247	4.23917	4.31113	4.39326	4.46571	4.52807	4.60433	4.66573	4.69479	4.67094	4.65911	4.65973	4.56541	4.48816	4.41479	4.32117	4.24445	4.20664	4.19707	4.22066	4.25336	4.2673	4.27153	4.30263	4.34435	4.36766	4.39806	4.38256	4.35316	4.33056	4.29572	4.27387	4.3054	4.41719	4.42236	4.41689	4.39359	4.38215	4.36081	4.36274	4.32435	4.33467	4.35853	4.34353	4.30738	4.25725	4.1729	4.10882	4.07338	4.06905	4.09372	4.13687	4.19985	4.28823	4.33252	4.36462	4.4063	4.4305	4.47363	4.55802	4.5828	4.57559	4.55798	4.52379	4.42471	4.34173	4.29348	4.26315	4.24812	4.29316	4.28994	4.29376	4.27388	4.23905	4.22515	4.16655	4.13812	4.10861	4.08331	4.07493	4.086	4.1018	4.166	4.17142	4.14657	4.07151	4.08739	4.14044	4.15907	4.17311	4.10481	4.06896	4.0569	4.0626	4.08812	4.08467	4.1384	4.20392	4.38451	4.39139	4.33466	4.19848	4.08764	3.93348	3.92086	3.9091	3.99744	4.20669	4.16895	3.57469	3.46675	3.5792	3.48928	3.54328	3.61163	3.90996	3.91923	3.91873	3.96368	4.05651	4.13288	4.18856	4.25294	4.32213	4.36325	4.44102	4.46837	4.49102	4.47553	4.40911	4.31301	4.19938	4.11389	4.0493	3.97434	3.79068	3.84554	3.88293	3.9755	4.04019	4.10907	4.14788	4.10771	4.08588	4.21687	4.26687	4.32069	4.34316	4.3459	4.34973	4.33922	4.32915	4.34448	4.35006	4.35324	4.33801	4.31631	4.30275	4.29077	4.23244	4.18579	4.20084	4.2427	4.27085	4.2531	4.2415	4.22944	4.22845	4.22412	4.24822	4.22193	4.21103	4.18351	4.11404	4.09148	4.07827	4.07217	4.1305	4.19702	4.24584	4.3364	4.37717	4.38299	4.38934	4.40118	4.38626	4.39616	4.37431	4.29431	4.22831	4.13095	4.06436	4.03594	4.00461	3.99956	4.06834	4.10801	4.20723	4.28351	4.35055	4.40154	4.40662	4.4086	4.42339	4.43176	4.42366	4.44293	4.44409	4.46114	4.43744	4.36482	4.33454	4.22402	4.11863	4.07791	4.0686	4.08577	4.12151	4.13756	4.15616	4.17401	4.22459	4.21523	4.19818	4.16213	4.15468	4.16074	4.17938	4.18131	4.17849	4.1638	4.1428	4.11758	4.13375	4.1503	4.1788	4.23723	4.46907	4.64826
20	-20	3.99913	3.89154	3.97413	4.06403	4.15229	4.24497	4.32367	4.34924	4.39387	4.40615	4.39726	4.41272	4.43145	4.40688	4.44508	4.46118	4.43351	4.40103	4.37761	4.30235	4.30913	4.30909	4.32838	4.37345	4.41606	4.46602	4.51095	4.51943	4.51578	4.51348	4.51206	4.51286	4.5123	4.52617	4.52394	4.51793	4.47459	4.40365	4.39519	4.3843	4.3856	4.38455	4.45834	4.4618	4.45362	4.44818	4.44654	4.43616	4.4644	4.47885	4.51363	4.54419	4.57616	4.57099	4.52953	4.51436	4.49755	4.48553	4.47441	4.45407	4.44525	4.43598	4.43721	4.4355	4.44654	4.39064	4.34534	4.30859	4.30741	4.26647	4.2195	4.18767	4.14801	4.13811	4.13912	4.1691	4.19676	4.252	4.31852	4.3442	4.33493	4.31639	4.30576	4.31702	4.35157	4.39887	4.47172	4.54311	4.50336	4.53732	4.56876	4.60921	4.66747	4.69717	4.72946	4.76124	4.79899	4.82701	4.78636	4.61294	4.37488	4.04821	4.0534	4.0904	4.18712	4.2397	4.28113	4.32299	4.31004	4.30033	4.28461	4.27237	4.25785	4.24349	4.24899	4.24308	4.23819	4.23205	4.23448	4.23919	4.24903	4.26134	4.27175	4.30615	4.32787	4.36194	4.39313	4.40573	4.38759	4.38185	4.35998	4.34425	4.27219	4.16031	4.08784	4.00677	4.05619	4.1047	4.13889	4.173	4.19229	4.24374	4.3141	4.3982	4.47324	4.58483	4.68101	4.76518	4.84195	4.90855	4.90218	4.89676	4.88428	4.83487	4.77206	4.71795	4.64586	4.56357	4.48227	4.39591	4.31746	4.2607	4.21075	4.15759	4.11929	4.10186	4.09642	4.11597	4.12943	4.16519	4.21171	4.24842	4.29478	4.33611	4.36758	4.39649	4.34237	4.31779	4.24269	4.18504	4.15642	4.1574	4.19067	4.23367	4.28182	4.32048	4.33747	4.34652	4.33264	4.33162	4.36392	4.32403	4.33342	4.3523	4.38994	4.45146	4.52796	4.60736	4.6383	4.6812	4.7276	4.8228	4.82974	4.82146	4.81687	4.75216	4.65447	4.57328	4.506	4.46876	4.49292	4.51786	4.55225	4.56914	4.61301	4.66675	4.7344	4.7689	4.757	4.71247	4.64932	4.66243	4.6997	4.71778	4.72385	4.6941	4.61905	4.55789	4.5061	4.46319	4.41891	4.41283	4.41373	4.42028	4.36188	4.26122	4.14121	4.02633	4.23372	4.34742	4.36937	4.31014	4.51452	4.66894	4.74593	4.80178	4.78907	4.77487	4.75521	4.73026	4.69114	4.65013	4.59724	4.52528	4.45079	4.42083	4.39179	4.38502	4.37748	4.38583	4.39203	4.40472	4.43932	4.45186	4.4662	4.47838	4.49384	4.47786	4.42878	4.3986	4.49713	4.55128	4.54749	4.54477	4.53937	4.5381	4.53771	4.53809	4.53768	4.54295	4.54436	4.54224	4.53921	4.51484	4.52711	4.53268	4.54465	4.5434	4.51635	4.48328	4.45157	4.41792	4.38781	4.36402	4.33521	4.30998	4.30293	4.29233	4.29118	4.2871	4.29186	4.29424	4.22041	4.12739	3.99291	3.89532	3.76253	3.70714	3.6631	3.62162	3.67199	3.67734	3.70017	3.73731	3.76482	3.80415	3.83905	3.87907	3.9181	3.95065	3.94593	3.95695	3.98149	3.99397	4.01795	4.02804	4.03577	4.0269	4.06055	4.0581	4.06369	4.10304	4.14977	4.20809	4.26205	4.29681	4.30466	4.30463	4.28153	4.24997	4.12108	4.0198	3.92519	3.84096	3.78661	3.71452	3.67106	3.73528	3.79646	3.88173	3.95548	4.03315	4.11315	4.19172	4.26744	4.32895	4.40617	4.38517	4.35645	4.31836	4.25825	4.21035	4.15478	4.08114	4.03839	3.94161	3.93193	3.92781	3.92624	3.98172	4.03255	4.0685	4.07572	4.08583	4.12812	4.14859	4.17369	4.19674	4.21954	4.25117	4.24594	4.25572	4.25985	4.27163	4.27906	4.28741	4.29209	4.30072	4.29132	4.28495	4.29055	4.3034	4.38131	4.40781	4.40255	4.34328	4.30392	4.24092	4.17191	4.07683	4.02585	4.13761	4.53699	4.68211	4.76573	4.78647	4.74897	4.71357	4.6606	4.64579	4.64508	4.64779	4.64352	4.6406	4.63768	4.6392	4.64456	4.62716	4.63505	4.67114	4.6956	4.70631	4.72502	4.74405	4.76454	4.76847	4.77163	4.74346	4.69447	4.63949	4.58668	4.54032	4.50738	4.48633	4.48711	4.53342	4.62164	4.72894	4.77798	4.76774	4.76339	4.76817	4.79519	5.00773	5.10328	5.17645	5.25059	5.30857	5.36781	5.42123	5.4844	5.55188	5.62906	5.71184	5.7817	5.8447	5.91989	5.99955	6.09516	6.19355	6.30818	6.4265	6.56049	6.69854	6.84245	6.95409	7.08521	7.22815	7.39074	7.66799	7.95671	8.18791	8.42795	8.61424	8.74541	8.88315	9.04134	9.31746	9.62571	9.98859	10.4239	10.943	11.3306	11.7008	12.2154	12.7308	13.5342	14.4337	15.5196	16.8693	18.4138	20.1124	22.0836	24.5648	27.7222	35.3507	39.7873	40.3086	54.0389	63.1022	74.2231	92.5464	114.83	145.537	177.877	214.084	235.46	251.089	235.055	210.425	175.375	140.868	112.841	96.3799	69.9234	60.5012	52.4078	43.0392	36.1874	31.793	29.949	25.5953	22.0207	20.4988	19.2934	18.1361	17.2839	16.137	14.9002	13.8117	12.9518	12.1175	11.3511	10.6728	10.0852	9.58822	9.19864	8.90282	8.69791	8.55166	8.34317	8.11048	7.91988	7.71254	7.46198	7.23961	7.04745	6.90123	6.77685	6.68239	6.57155	6.53568	6.46348	6.26206	6.10111	5.88179	5.69263	5.53286	5.44277	5.38207	5.27537	5.17862	5.10268	5.05795	5.03605	5.03968	5.03391	5.04977	5.08676	5.11816	5.1455	5.16866	5.18785	5.20049	5.15893	5.09732	5.03743	4.9748	4.91851	4.85768	4.80386	4.74846	4.68423	4.65379	4.62759	4.60493	4.58905	4.57391	4.57629	4.57025	4.57473	4.57338	4.58584	4.59382	4.61091	4.66108	4.63925	4.61929	4.59661	4.56623	4.46724	4.40562	4.34422	4.23722	4.22363	4.20364	4.18091	4.20331	4.20946	4.27446	4.29888	4.32642	4.35223	4.31969	4.28814	4.30741	4.32634	4.3502	4.36565	4.38402	4.4015	4.37086	4.34073	4.30595	4.24311	4.18423	4.12884	4.06362	4.03054	4.00732	4.00149	4.00286	4.01176	4.01956	4.04008	4.04467	4.03041	4.01058	3.99406	3.97525	3.95464	3.93796	3.91219	3.82519	3.72729	3.62488	3.50158	3.64997	3.75033	3.89179	3.94494	4.00169	4.06527	4.13156	4.20567	4.28885	4.33928	4.32083	4.22826	4.04581	3.87099	3.7243	3.60895	3.52051	3.46207	3.39372	3.42544	3.46506	3.52023	3.58185	3.64947	3.7195	3.79541	3.86414	3.93163	3.97936	4.01124	4.02066	4.00028	3.95317	3.90175	3.77963	3.66137	3.59306	3.64488	3.58885	3.53603	3.49853	3.53926	3.59162	3.67132	3.79515	4.00196	4.08503	4.12982	4.09824	4.07031	4.02147	3.91625	3.73142	3.47842	3.46967	3.49199	3.52521	3.56864	3.63111	3.74401	3.92961	4.0019	4.00055	3.99934	4.00084	3.99418	3.95552	3.88009	3.83101	3.61548	3.59127	3.59984	3.67502	3.7433	3.79134	3.85174	3.88397	3.90069	3.88391	3.87067	3.86614	3.84181	3.80077	3.76289	3.71225	3.67533	3.60116	3.56159	3.54037	3.52998	3.52783	3.52771	3.56678	3.5839	3.58821	3.59031	3.59687	3.62368	3.64818	3.69199	3.74345	3.80274	3.86767	3.93156	3.9987	4.06275	4.13005	4.19373	4.2528	4.26331	4.23635	4.19698	4.17102	4.14189	4.11652	4.15098	4.16757	4.18942	4.1818	4.144	3.97976	3.79708	3.78647	3.7872	3.80799	3.82176	3.73881	3.65621	3.57647	3.50482	3.43724	3.38081	3.42417	3.43286	3.45039	3.50127	3.55273	3.67306	3.8227	3.98908	4.14941	4.157	4.14476	4.13173	4.09262	4.07842	4.09293	4.11412	4.13831	4.16369	4.16149	4.16561	4.17849	4.20229	4.22258	4.24835	4.29876	4.30753	4.31992	4.32621	4.33031	4.33437	4.30925	4.19361	4.18523	4.15051	4.18089	4.21635	4.23899	4.26971	4.28051	4.28099	4.29059	4.297	4.30569	4.31749	4.32669	4.33502	4.29458	4.18195	4.11401	4.07654	4.18285	4.23634	4.24278	4.25747	4.25541	4.23854	4.22916	4.19975	4.16913	4.13252	4.11496	4.08423	4.09535	4.08295	4.07373	4.01734	3.95887	3.91513	3.86818	3.84225	3.81102	3.79754	3.81267	3.81105	3.82775	3.84156	3.89961	3.98287	4.01852	4.03293	4.01573	4.00442	3.99471	3.9891	4.01381	4.02449	3.97387	3.90513	3.8285	3.73835	3.63876	3.6779	3.66591	3.68042	3.7401	3.83887	3.93424	4.01187	4.02305	3.99562	3.95443	3.91971	3.87239	3.85888	3.84967	3.84745	3.83428	3.84998	3.86474	3.91716	3.97248	4.01971	4.06858	4.11713	4.14922	4.17323	4.19661	4.21964	4.20327	4.20577	4.20009	4.20224	4.19584	4.16082	4.15871	4.15975	4.1572	4.15909	4.15155	4.12809	4.08978	4.05369	4.01887	3.98712	3.93174	3.84585	3.76741	3.74166	3.78169	3.82092	3.84493	3.84618	3.82669	3.77303	3.71428	3.6551	3.61135	3.58516	3.57904	3.59159	3.64525	3.74381	3.86541	3.96458	4.01351	4.06302	4.08513	4.07345	4.12204	4.16411	4.18263	4.16497	4.17559	4.13933	4.08055	4.00851	3.92306	3.8249	3.72729	3.59518	3.51721	3.528	3.53774	3.54676	3.55563	3.59667	3.79001	3.91721	4.02252	4.10168	4.14115	4.18	4.21399	4.22182	4.1848	4.13506	4.09148	4.06501	4.06457	4.08129	4.10645	4.15766	4.20355	4.25484	4.28643	4.29968	4.31704	4.32503	4.32789	4.31971	4.28549	4.24338	4.13667	4.04369	3.95612	3.87863	3.81715	3.75398	3.71772	3.69933	3.6865	3.68905	3.70197	3.72135	3.75302	3.78141	3.82216	3.84791	3.8763	3.8905	3.80729	3.79703	3.93372	4.12684	4.19886	4.2705	4.30716	4.21647	4.1639	4.06109	3.96209	3.89267	3.86502	3.84944	3.85257	3.91598	3.94793	3.95619	3.9925	4.07235	4.17852	4.19605	4.21928	4.16626	4.09395
20	0	5.36044	5.37305	5.45333	5.20833	4.97245	4.90346	4.72224	4.66814	4.74364	4.83398	4.93896	5.03949	5.11303	5.13545	5.15342	5.16089	5.01507	4.93387	4.88634	4.87735	4.85108	4.84753	4.84569	4.82609	4.83657	4.8632	4.86354	4.88883	4.89061	4.90462	4.92811	4.96689	4.98901	4.99997	4.99297	4.98468	4.98681	4.99507	4.98374	4.97554	4.93898	4.86807	4.78446	4.70749	4.60232	4.49887	4.43451	4.41252	4.40577	4.41629	4.4356	4.50568	4.54075	4.50873	4.47466	4.39342	4.28074	4.18457	4.06686	4.12681	4.21047	4.28901	4.39382	4.50428	4.56839	4.62191	4.69743	4.78968	4.81989	4.8602	4.873	4.85124	4.80178	4.74374	4.68298	4.62324	4.52335	4.47342	4.43256	4.39566	4.3605	4.3826	4.38656	4.39698	4.40188	4.41815	4.43436	4.45238	4.47295	4.49708	4.52113	4.55	4.5764	4.60855	4.63519	4.60443	4.58387	4.52427	4.52656	4.55258	4.63756	4.65424	4.69909	4.72431	4.76303	4.80175	4.83406	4.86772	4.89636	4.89158	4.78906	4.71302	4.62219	4.54656	4.45576	4.30569	4.28172	4.28893	4.36844	4.47633	4.49471	4.56432	4.6319	4.70204	4.76725	4.8218	4.90041	4.89122	4.87457	4.80466	4.7074	4.66983	4.63337	4.6052	4.57657	4.54218	4.51795	4.51339	4.53607	4.58264	4.60584	4.62647	4.63787	4.62617	4.51424	4.46441	4.41264	4.36862	4.3572	4.3643	4.42463	4.45027	4.45747	4.49458	4.52943	4.53378	4.53647	4.56097	4.55429	4.50996	4.47341	4.41538	4.37185	4.33243	4.26182	4.24161	4.19888	4.19987	4.22461	4.22987	4.24393	4.28013	4.30062	4.32423	4.36248	4.4179	4.50375	4.53156	4.53811	4.57372	4.60251	4.65573	4.6488	4.62879	4.62405	4.61759	4.61683	4.61855	4.62189	4.6099	4.61217	4.58881	4.56874	4.57148	4.55402	4.55376	4.56077	4.54808	4.54093	4.56014	4.6195	4.65663	4.71895	4.7911	4.85919	4.88258	4.91745	4.92373	4.89859	4.87861	4.87613	4.88295	4.89119	4.88621	4.86159	4.8264	4.72128	4.75209	4.8526	4.94925	5.03059	5.04409	5.04752	5.04446	5.02081	4.95812	4.91303	4.90672	4.90256	4.89101	4.88298	4.89709	4.93505	4.98254	4.97635	4.95679	4.95629	4.93844	4.90858	4.84778	4.82673	4.77955	4.76116	4.73418	4.73927	4.7624	4.78086	4.7608	4.74168	4.72317	4.70865	4.69245	4.67506	4.65912	4.58975	4.50145	4.45708	4.38833	4.36403	4.3641	4.39311	4.32085	4.28606	4.30904	4.36856	4.39234	4.45052	4.50899	4.57123	4.63295	4.67566	4.69097	4.69553	4.64956	4.598	4.5569	4.51628	4.47673	4.41672	4.37919	4.35001	4.32844	4.33353	4.30859	4.29704	4.30133	4.30806	4.31037	4.29155	4.26218	4.23036	4.19303	4.15235	4.09842	4.05053	4.01064	3.99426	3.99501	4.06255	4.14679	4.20905	4.24154	4.24588	4.2503	4.25554	4.24494	4.26125	4.24767	4.22707	4.20948	4.20612	4.2023	4.18503	4.17055	4.17013	4.17208	4.14248	4.11138	4.0814	4.07745	4.09734	4.1118	4.12189	4.12662	4.10886	4.10503	4.16117	4.17442	4.19232	4.2106	4.22703	4.24337	4.24423	4.24799	4.20017	4.15741	4.13147	4.12368	4.08108	4.07503	4.07334	4.03523	4.04131	4.07519	4.1407	4.25451	4.27799	4.3061	4.29302	4.27992	4.26546	4.25677	4.27761	4.28577	4.3063	4.3107	4.33365	4.35611	4.3697	4.26145	3.90344	3.86205	3.89726	3.97597	4.16705	4.3754	4.53244	4.65505	4.69902	4.6481	4.56275	4.46418	4.40924	4.33095	4.29742	4.2757	4.30473	4.35492	4.39341	4.421	4.44995	4.49596	4.5417	4.58642	4.61149	4.63796	4.65524	4.67792	4.66532	4.64708	4.61957	4.61703	4.61884	4.62257	4.61079	4.63052	4.63874	4.66918	4.68985	4.72229	4.73572	4.72348	4.6924	4.64452	4.64403	4.64466	4.65773	4.65541	4.62473	4.60735	4.58819	4.61244	4.60321	4.60282	4.6194	4.61167	4.59327	4.55836	4.52249	4.47871	4.45089	4.43902	4.42845	4.42377	4.41397	4.40642	4.41086	4.4244	4.5103	4.55553	4.60535	4.65432	4.70799	4.76149	4.81804	4.87597	4.93464	4.96737	5.01425	5.05881	5.1164	5.16409	5.20222	5.27651	5.3409	5.40423	5.47088	5.5306	5.57944	5.62111	5.71057	5.77531	5.82005	5.84008	5.83937	5.84038	5.85394	5.87694	5.90526	5.93896	5.98781	6.04826	6.11707	6.21385	6.42494	6.61923	6.79921	6.96783	7.13475	7.31451	7.50702	7.73456	7.98095	8.28612	8.59661	8.95721	9.31054	9.67362	10.0492	10.5016	10.9809	11.4898	12.1108	12.8049	13.4417	14.2313	15.0039	16.0819	17.2477	18.5894	20.1883	22.1389	24.5648	27.5474	31.5862	36.2511	41.8662	49.2744	56.11	67.3507	78.1648	92.1526	112.875	154.54	187.695	215.439	246.783	258.393	237.667	208.429	170.173	128.387	109.577	89.4967	70.2871	61.3636	52.0317	43.7827	37.4161	32.6245	29.6589	26.4572	23.6391	21.1924	18.9476	17.1286	15.7644	14.5371	13.3701	12.6436	11.8783	11.4267	10.9538	10.6953	10.5268	10.1431	9.80731	9.52085	9.20866	8.95186	8.64489	8.37319	8.13692	7.98114	7.79076	7.54736	7.31866	7.1203	6.94687	6.74877	6.68697	6.53252	6.38511	6.25724	6.16517	6.06215	6.02756	5.97917	5.93561	5.92705	5.91952	5.91602	5.9037	5.9011	5.90948	5.90847	5.87838	5.83277	5.75737	5.65832	5.58019	5.50145	5.42317	5.39366	5.3682	5.33142	5.30447	5.28047	5.28081	5.21358	5.15006	5.08209	5.02085	4.95125	4.8739	4.81348	4.71693	4.66844	4.65794	4.65903	4.65201	4.66607	4.70137	4.75998	4.8048	4.85524	4.87078	4.87956	4.87042	4.85508	4.81713	4.78763	4.75215	4.71493	4.64055	4.60892	4.5598	4.53625	4.51711	4.53221	4.55537	4.56649	4.55921	4.54549	4.51159	4.47733	4.44423	4.40855	4.3781	4.33056	4.31181	4.27278	4.21762	4.18866	4.15803	4.15741	4.14612	4.12853	4.13119	4.13648	4.15744	4.19133	4.05118	3.95729	3.87305	3.79596	3.74984	3.72776	4.03128	4.12908	4.26099	4.33869	4.36187	4.28991	4.23306	4.22839	4.21568	4.17327	4.10438	4.05876	4.05494	4.05299	4.07398	4.09566	4.11518	4.11822	4.12619	4.11224	4.10567	4.10995	4.063	3.99774	3.96676	3.85768	3.73669	3.63969	3.66685	3.70516	3.80744	3.91176	3.94092	3.96912	3.96831	3.92621	3.88035	3.84455	3.8424	3.88903	4.01616	4.08558	4.19738	4.25904	4.31932	4.33662	4.3521	4.33499	4.30715	4.30348	4.29573	4.29343	4.30383	4.305	4.31738	4.34486	4.35564	4.31392	4.25688	4.18682	4.10221	4.01414	3.92325	3.86673	3.80056	3.75057	3.71513	3.71186	3.7256	3.74862	3.76461	3.82812	3.88557	3.84823	3.80898	3.77637	3.74862	3.74741	3.7418	3.80455	3.8001	3.80006	3.7888	3.80647	3.74812	3.77736	3.79032	3.803	3.85678	3.88961	3.90807	3.89355	3.89568	3.8824	3.88362	3.85157	3.86881	3.87352	3.90279	3.9387	3.96199	3.96622	4.03584	4.06892	4.06229	4.00995	3.90185	3.79043	3.69881	3.64549	3.59475	3.63333	3.70665	3.84566	3.87398	3.90538	3.94122	3.98215	4.00099	4.0381	4.059	4.07127	4.03894	4.02459	4.04686	4.12866	4.14114	4.20964	4.25572	4.27301	4.29118	4.31748	4.34622	4.38281	4.39367	4.37877	4.33249	4.16692	4.09335	4.0091	3.93978	3.82857	3.77028	3.72525	3.70827	3.73674	3.75869	3.78852	3.82418	3.86212	3.90041	3.94047	3.98054	4.02402	4.06556	4.08922	4.1175	4.14344	4.16145	4.17534	4.19208	4.24213	4.29514	4.33957	4.34934	4.33491	4.35874	4.39755	4.40164	4.42042	4.44214	4.46716	4.46996	4.44398	4.40453	4.34986	4.30987	4.25475	4.22407	4.18696	4.19702	4.30403	4.29971	4.31201	4.27953	4.23699	4.21974	4.20991	4.19516	4.19815	4.20423	4.22562	4.24188	4.26191	4.30699	4.31433	4.30613	4.29656	4.25712	4.22286	4.16998	4.11736	4.04861	4.0028	3.93705	3.90651	3.93221	3.94905	3.97792	4.01623	4.08996	4.14582	4.18983	4.23458	4.28687	4.32369	4.33201	4.33791	4.34297	4.34844	4.32798	4.32523	4.32359	4.32844	4.34301	4.35863	4.39979	4.38033	4.34057	4.26156	4.21703	4.13906	4.08194	4.03577	4.00694	3.98663	4.01332	4.06572	4.12201	4.18371	4.20731	4.2136	4.218	4.22244	4.2421	4.22475	4.20745	4.22589	4.16514	4.09929	4.05062	3.99737	3.96134	3.93514	3.92253	3.91813	3.97384	4.00246	4.00813	4.02438	4.03441	4.0487	4.06741	4.08432	4.10735	4.12523	4.13462	4.16223	4.19245	4.16065	4.11345	4.07823	4.03947	3.98655	3.94168	3.92297	3.9422	3.96436	3.99414	4.04528	4.053	4.07553	4.08241	4.05403	4.03959	3.95214	3.86641	3.7928	3.7191	3.66273	3.60734	3.65038	3.6602	3.67939	3.69369	3.69767	3.74672	3.74122	3.76235	3.79629	3.84918	3.89729	3.93217	3.95836	4.01135	4.03586	4.03476	4.03862	4.01638	4.03362	4.05367	4.10464	4.15619	4.18332	4.17898	4.14811	4.12645	4.09363	4.08172	4.05411	4.03133	4.03057	4.01298	4.00344	3.9929	3.99725	4.00249	4.01524	4.02371	4.04417	4.03495	4.07055	4.10032	4.1432	4.18394	4.22703	4.26869	4.25022	4.19556	4.18729	4.1232	4.08498	4.05231	4.00579	3.96764	3.97102	3.98043	4.00117	4.01117	4.08765	4.14923	4.20181	4.25974	4.30928	4.21838	4.12715	4.05826	4.01356	3.98292	4.06711	4.0338	3.9955	3.96911	3.94359	3.96823	4.01973	4.07491	4.12264	4.16197	4.2152	4.25658	4.28733	4.3132	4.34427	4.34982	4.34121	4.34176	4.36002	4.33036	4.30875	4.2693	4.19173	4.08659	3.92925	3.83833	3.79669
20	20	4.40484	4.47772	4.52817	4.59961	4.65679	4.72204	4.77961	4.83576	4.86097	4.8418	4.82924	4.85092	4.92317	4.93473	4.93545	4.92926	4.90801	4.83796	4.81754	4.80725	4.79952	4.79709	4.79879	4.77077	4.78304	4.76893	4.75889	4.74699	4.73783	4.77536	4.79205	4.81237	4.82646	4.83227	4.79221	4.73523	4.68717	4.64701	4.66426	4.6566	4.69608	4.73752	4.78746	4.85136	4.90508	4.94182	4.9537	4.96428	4.9602	4.96635	4.96977	4.97377	4.9443	4.87939	4.80921	4.73816	4.61875	4.56728	4.55401	4.57849	4.72646	4.71875	4.74813	4.72436	4.70741	4.6881	4.68667	4.68123	4.6859	4.75136	4.83064	4.87874	4.89964	4.91568	4.92673	4.93203	4.92838	4.92847	4.89732	4.81165	4.7714	4.72483	4.69805	4.76452	4.82681	4.82824	4.81003	4.8399	4.84563	4.85726	4.86346	4.90253	4.93407	4.92928	4.92138	4.9114	4.89038	4.88542	4.86593	4.81638	4.75297	4.73341	4.73501	4.74595	4.78491	4.81973	4.83245	4.85111	4.87261	4.85723	4.84478	4.83307	4.79947	4.77151	4.74732	4.70803	4.6525	4.59755	4.54239	4.39541	4.38624	4.38596	4.38531	4.44383	4.47009	4.50498	4.54477	4.57714	4.61796	4.64554	4.66439	4.68379	4.7032	4.72382	4.65275	4.62413	4.6021	4.60294	4.60752	4.61225	4.61944	4.62575	4.63635	4.64394	4.64803	4.65252	4.65734	4.66306	4.66835	4.67483	4.68085	4.68801	4.69455	4.6936	4.69987	4.70525	4.71168	4.71756	4.7105	4.66857	4.62579	4.59094	4.56542	4.53597	4.53926	4.52241	4.52424	4.52421	4.53326	4.5416	4.55265	4.54064	4.53326	4.52552	4.52454	4.52145	4.50811	4.51863	4.52995	4.54527	4.55863	4.57762	4.59193	4.6133	4.65618	4.66685	4.68242	4.68555	4.693	4.69254	4.69025	4.74977	4.73871	4.76968	4.73279	4.5925	4.50895	4.38393	4.62412	4.91367	4.90988	4.91027	4.9116	4.9152	4.92187	4.95571	4.97243	4.94591	4.92013	4.89192	4.87842	4.86323	4.84933	4.8514	4.84741	4.84886	4.86821	4.89563	4.92081	4.95225	4.98186	5.01461	5.04661	5.08052	5.11103	5.13461	5.1565	5.14622	5.15367	5.14396	5.12019	5.07448	4.97446	4.82799	4.70501	4.57127	4.42748	4.4664	4.51576	4.55705	4.61622	4.67505	4.73599	4.7956	4.85947	4.91985	4.963	4.9917	4.99219	4.97647	4.9223	4.87696	4.8335	4.79653	4.74128	4.73893	4.74083	4.74276	4.78515	4.8193	4.8612	4.85521	4.82913	4.80429	4.77843	4.75463	4.72426	4.68161	4.64376	4.60496	4.56597	4.53613	4.50812	4.48852	4.5014	4.54197	4.56709	4.55211	4.53266	4.53166	4.52428	4.52382	4.52004	4.57365	4.63206	4.68767	4.67741	4.69639	4.6694	4.56797	4.49689	4.41743	4.42029	4.50455	4.57656	4.65666	4.70437	4.74964	4.79508	4.78055	4.74284	4.70003	4.65836	4.60729	4.55912	4.50603	4.47347	4.44333	4.42115	4.422	4.38968	4.39576	4.40445	4.41842	4.41481	4.40643	4.40715	4.39334	4.3813	4.37462	4.33165	4.29733	4.25569	4.2181	4.1773	4.13331	4.0971	4.06985	4.04076	4.02774	4.00919	4.04287	4.07819	4.15145	4.20578	4.25969	4.27287	4.29603	4.31229	4.33243	4.34992	4.3695	4.37725	4.40889	4.41438	4.43028	4.45099	4.47231	4.49561	4.51954	4.53553	4.54794	4.55722	4.52816	4.49651	4.46827	4.43677	4.40882	4.37911	4.37165	4.35363	4.32804	4.30891	4.29131	4.2721	4.26476	4.2539	4.25261	4.23797	4.24693	4.25207	4.26724	4.30462	4.34248	4.37546	4.41339	4.44964	4.4883	4.52638	4.56549	4.60489	4.64423	4.64712	4.69929	4.70848	4.72404	4.73517	4.75393	4.76802	4.78056	4.78879	4.79363	4.78571	4.77638	4.76668	4.7498	4.74053	4.73368	4.72628	4.7199	4.70902	4.71012	4.72534	4.77671	4.82011	4.81641	4.80302	4.78915	4.77521	4.76156	4.74596	4.73503	4.72183	4.71058	4.70283	4.69381	4.68667	4.68588	4.68296	4.67564	4.64094	4.58897	4.60609	4.62885	4.69837	4.75295	4.80881	4.84556	4.88855	4.93072	5.01993	5.09003	5.13476	5.16113	5.19403	5.22525	5.25469	5.28708	5.31543	5.34704	5.37997	5.41262	5.44623	5.48677	5.52659	5.55942	5.60663	5.65272	5.69937	5.77789	5.8261	5.86394	5.90062	5.94708	5.99284	6.03884	6.0927	6.14276	6.2019	6.25776	6.33563	6.41614	6.50592	6.60533	6.71151	6.85318	6.99837	7.09981	7.22674	7.39621	7.59854	7.8308	8.10002	8.40153	8.72538	9.05976	9.3981	9.75436	10.0466	10.3968	10.6876	11.055	11.4682	11.9867	12.6431	13.5806	14.4885	15.6514	16.6783	17.7787	19.0551	20.8211	23.3384	26.1731	30.4672	34.701	39.6815	45.1984	54.0126	61.6586	75.0543	90.8436	117.422	143.128	175.651	216.6	243.977	259.023	240.279	212.38	178.123	145.9	119.734	94.3762	78.6595	64.7466	53.1235	43.5627	38.0455	33.9208	29.8442	26.2884	23.6871	21.3601	19.5161	17.8311	16.4315	15.3954	14.5674	13.8267	13.0396	12.2769	11.6896	11.0925	10.5413	10.0406	9.59889	9.21789	8.9226	8.61493	8.35379	8.12004	7.95142	7.8216	7.73295	7.68018	7.53772	7.43689	7.36407	7.30162	7.2295	7.1252	7.03969	6.96234	6.90392	6.81577	6.68683	6.57533	6.45274	6.34757	6.22371	6.08281	5.95056	5.84996	5.67729	5.52336	5.37502	5.25366	5.13557	5.04761	5.01285	5.00984	5.03687	5.13282	5.23706	5.35936	5.4173	5.46611	5.40967	5.3302	5.24352	5.14565	5.04054	4.91473	4.79006	4.68238	4.60879	4.58359	4.57303	4.5726	4.58096	4.51744	4.48271	4.44624	4.42145	4.40972	4.39346	4.39709	4.39089	4.38242	4.37206	4.37507	4.37181	4.38626	4.3971	4.40582	4.41716	4.43002	4.44509	4.46089	4.4735	4.49418	4.51008	4.51725	4.53031	4.50345	4.47751	4.47071	4.46237	4.46045	4.46794	4.47024	4.46256	4.4565	4.45203	4.44961	4.44846	4.44989	4.45287	4.45799	4.46417	4.47086	4.47811	4.48477	4.49127	4.46744	4.42165	4.31561	4.33059	4.36835	4.41854	4.48583	4.58997	4.64952	4.64666	4.63288	4.62912	4.61322	4.59071	4.37377	4.47301	4.4113	4.36305	4.31543	4.24482	4.14329	4.10082	4.06366	4.06619	4.06237	4.09538	4.12361	4.15575	4.18311	4.20497	4.21325	4.21747	4.21691	4.21532	4.21446	4.20681	4.20222	4.17455	4.13654	4.1018	4.08742	4.06603	4.05345	4.03828	4.03033	4.01842	4.01409	4.00548	4.00328	3.9994	3.99851	3.99271	3.99683	3.98539	4.01696	4.06269	4.10382	4.10479	4.09037	4.0768	4.0648	4.05375	4.04247	4.03304	4.02328	4.05074	4.05094	4.05402	4.05602	4.05766	4.06064	4.06317	4.06525	4.06875	4.063	4.06542	4.08615	4.08656	4.09156	4.09399	4.10014	4.10459	4.1111	4.11694	4.12089	4.13128	4.12683	4.14613	4.16191	4.17889	4.20097	4.18675	4.16315	4.13948	4.13187	4.12695	4.14502	4.15586	4.16345	4.17826	4.1937	4.22922	4.21638	4.18746	4.18188	4.1914	4.19831	4.22379	4.25473	4.26316	4.28701	4.26907	4.23923	4.21473	4.19281	4.16791	4.12662	4.09788	4.07333	4.06177	4.04889	4.09592	4.12164	4.14717	4.18314	4.21356	4.23652	4.27677	4.29151	4.30445	4.30938	4.31563	4.29535	4.23494	4.16685	4.10503	4.02458	3.97799	4.07739	4.27059	4.38568	4.48183	4.47474	4.47596	4.47777	4.48421	4.47038	4.30262	4.16846	4.11258	4.08761	4.1909	4.23403	4.3704	4.38415	4.35781	4.35017	4.29925	4.29141	4.2792	4.28709	4.26461	4.1838	4.11557	4.03311	4.04371	4.04401	4.08606	4.14398	4.23583	4.30776	4.40095	4.45286	4.47772	4.5035	4.51127	4.46	4.43086	4.38829	4.33625	4.28416	4.31197	4.33404	4.40225	4.42432	4.36244	4.2595	4.20847	4.15999	4.11533	4.09034	4.14138	4.21903	4.30414	4.38771	4.46896	4.54288	4.55407	4.53799	4.51955	4.50311	4.45798	4.39462	4.48078	4.57803	4.58739	4.52222	4.47995	4.45443	4.42103	4.38629	4.38013	4.38011	4.37801	4.38559	4.39137	4.39962	4.40813	4.41703	4.38793	4.37422	4.35566	4.33957	4.34361	4.25784	4.20547	4.1871	4.23631	4.26049	4.27302	4.29207	4.34506	4.40588	4.40212	4.3776	4.37138	4.36644	4.37005	4.37338	4.37893	4.39514	4.36037	4.34999	4.3371	4.31414	4.30144	4.28787	4.27488	4.27215	4.26319	4.26961	4.27451	4.28552	4.28511	4.26722	4.24852	4.21606	4.24306	4.28495	4.33092	4.38182	4.43772	4.49943	4.54817	4.5765	4.54382	4.5174	4.47917	4.4347	4.38943	4.31885	4.21331	4.14278	4.08292	4.21436	4.14621	4.06926	4.00415	3.85332	3.57445	3.66273	4.22186	4.35752	4.32914	4.31209	4.28171	4.2586	4.2289	4.17374	4.11972	4.02563	4.05893	4.04614	4.06005	4.09697	4.15694	4.20684	4.26373	4.29259	4.35514	4.41717	4.48626	4.55154	4.59183	4.64921	4.55431	4.43529	4.31184	4.18643	4.05817	3.94546	3.80871	3.71171	3.69596	3.69925	3.71736	3.75125	3.7965	3.88039	3.91995	3.9708	4.01708	4.02052	4.05361	4.08531	4.09785	4.10307	4.12324	4.12879	4.13388	4.18865	4.24667	4.27739	4.27118	4.25174	4.23492	4.20831	4.19404	4.18752	4.19725	4.20852	4.23509	4.26738	4.29998	4.33695	4.36817	4.38807	4.39021	4.37504	4.31912	4.25402	4.18958	4.13453	4.0902	4.06811	4.06525	4.08474	4.14117	4.20578	4.25208	4.29657	4.33777	4.26017	4.18143	4.11368	4.07636	4.03952	4.04285	4.18446	4.29216	4.41314	4.51289	4.51389	4.46545	4.42075	4.3417	4.33734	4.30198	4.26892	4.24005	4.21511	4.19669	4.17991	4.16732	4.1582	4.15099	4.15016	4.14663	4.16091
