Acq. time (s)=	4
Accumulations=	3
Range=	Off
Autofocus=	At all XY pixels
SWIFT=	Off
AutoExposure=	Off
Spike filter=	Multiple accum.
Delay time (s)=	0
Binning=	1
Readout mode=	Signal
DeNoise=	Standard
ICS correction=	On
Dark correction=	Off
Inst. Process=	Off
Instrument=	LabRAM S3000
Detector=	Synapse
Objective=	x100
Grating=	1800
ND Filter=	25%
Laser (nm)=	632.81 
Spectro (cm-¹)=	521.228
Slit=	100.021
Hole=	199.981
Microscope=	Principal
StageXY=	Märzhauser
StageZ=	Märzhauser
Z (µm)=	-1.4
Project=	
Sample=	
Site=	
Title=	SOP_200nm_furu_p0
Remark=	
Date=	14.06.2019 10:16
Operator=	
Acquired=	14.06.2019 10:16:28
		358.285	358.609	358.934	359.26	359.585	359.909	360.235	360.56	360.886	361.21	361.535	361.859	362.185	362.51	362.834	363.16	363.485	363.809	364.135	364.459	364.784	365.108	365.434	365.758	366.083	366.407	366.733	367.057	367.381	367.705	368.03	368.355	368.68	369.004	369.328	369.652	369.978	370.302	370.626	370.95	371.274	371.598	371.923	372.248	372.572	372.896	373.22	373.544	373.868	374.192	374.516	374.84	375.164	375.49	375.813	376.137	376.461	376.785	377.109	377.433	377.757	378.081	378.404	378.728	379.052	379.376	379.699	380.023	380.347	380.671	380.994	381.318	381.642	381.965	382.288	382.611	382.935	383.258	383.582	383.906	384.229	384.553	384.876	385.2	385.522	385.845	386.169	386.492	386.816	387.139	387.463	387.785	388.108	388.431	388.755	389.078	389.402	389.723	390.047	390.37	390.693	391.015	391.338	391.662	391.985	392.307	392.63	392.953	393.276	393.598	393.921	394.244	394.566	394.889	395.212	395.535	395.857	396.18	396.503	396.825	397.148	397.471	397.792	398.115	398.437	398.76	399.083	399.404	399.727	400.049	400.372	400.694	401.016	401.339	401.66	401.983	402.304	402.627	402.95	403.271	403.594	403.915	404.238	404.559	404.882	405.203	405.526	405.847	406.17	406.491	406.814	407.135	407.456	407.778	408.1	408.422	408.743	409.066	409.387	409.708	410.03	410.351	410.674	410.995	411.316	411.638	411.959	412.282	412.602	412.923	413.246	413.567	413.888	414.21	414.531	414.852	415.174	415.495	415.815	416.136	416.458	416.779	417.1	417.421	417.743	418.064	418.384	418.705	419.027	419.348	419.668	419.989	420.311	420.632	420.952	421.273	421.593	421.914	422.236	422.556	422.877	423.197	423.518	423.838	424.16	424.481	424.801	425.121	425.442	425.762	426.083	426.403	426.723	427.044	427.365	427.686	428.006	428.326	428.647	428.967	429.287	429.607	429.927	430.248	430.568	430.888	431.208	431.528	431.848	432.169	432.489	432.809	433.129	433.449	433.769	434.088	434.408	434.728	435.048	435.368	435.688	436.008	436.327	436.647	436.967	437.287	437.606	437.926	438.245	438.565	438.885	439.205	439.523	439.843	440.163	440.483	440.802	441.121	441.44	441.76	442.08	442.4	442.718	443.037	443.357	443.677	443.995	444.315	444.634	444.954	445.272	445.591	445.911	446.229	446.549	446.868	447.186	447.506	447.825	448.143	448.463	448.782	449.1	449.419	449.739	450.057	450.376	450.695	451.013	451.333	451.65	451.97	452.288	452.607	452.926	453.244	453.563	453.881	454.2	454.518	454.837	455.155	455.474	455.792	456.111	456.428	456.748	457.065	457.384	457.702	458.021	458.338	458.658	458.975	459.294	459.612	459.929	460.248	460.566	460.884	461.202	461.519	461.838	462.156	462.475	462.792	463.109	463.428	463.746	464.063	464.382	464.699	465.016	465.335	465.652	465.97	466.288	466.606	466.923	467.242	467.559	467.876	468.193	468.512	468.829	469.146	469.463	469.782	470.099	470.416	470.733	471.05	471.369	471.686	472.003	472.32	472.637	472.954	473.272	473.589	473.906	474.223	474.54	474.857	475.174	475.492	475.809	476.126	476.442	476.759	477.076	477.393	477.71	478.026	478.343	478.66	478.977	479.293	479.61	479.928	480.245	480.562	480.878	481.195	481.512	481.828	482.145	482.461	482.777	483.093	483.41	483.726	484.043	484.359	484.676	484.992	485.309	485.625	485.942	486.258	486.575	486.889	487.206	487.522	487.839	488.155	488.471	488.788	489.104	489.419	489.735	490.051	490.368	490.684	490.999	491.315	491.631	491.947	492.264	492.578	492.895	493.211	493.527	493.842	494.158	494.474	494.79	495.104	495.421	495.737	496.051	496.367	496.683	496.998	497.314	497.63	497.944	498.26	498.576	498.891	499.206	499.522	499.837	500.153	500.469	500.783	501.099	501.413	501.729	502.043	502.359	502.675	502.989	503.305	503.619	503.935	504.249	504.565	504.879	505.195	505.509	505.825	506.139	506.454	506.769	507.084	507.398	507.714	508.028	508.343	508.658	508.973	509.287	509.601	509.917	510.231	510.546	510.86	511.174	511.489	511.803	512.119	512.433	512.747	513.062	513.376	513.69	514.005	514.319	514.633	514.948	515.262	515.576	515.891	516.204	516.518	516.832	517.147	517.461	517.775	518.088	518.403	518.717	519.031	519.344	519.659	519.973	520.287	520.6	520.914	521.229	521.542	521.856	522.169	522.483	522.797	523.111	523.425	523.738	524.052	524.365	524.679	524.992	525.305	525.62	525.934	526.247	526.56	526.874	527.187	527.5	527.814	528.127	528.44	528.753	529.067	529.38	529.693	530.006	530.32	530.633	530.946	531.259	531.572	531.885	532.198	532.512	532.825	533.138	533.451	533.764	534.077	534.39	534.702	535.015	535.328	535.641	535.953	536.266	536.579	536.892	537.204	537.517	537.83	538.142	538.455	538.768	539.08	539.392	539.705	540.018	540.331	540.642	540.955	541.268	541.58	541.893	542.204	542.517	542.83	543.141	543.454	543.766	544.079	544.39	544.703	545.015	545.327	545.639	545.952	546.263	546.575	546.888	547.199	547.511	547.824	548.135	548.447	548.76	549.071	549.383	549.694	550.007	550.319	550.63	550.942	551.253	551.565	551.876	552.189	552.5	552.812	553.123	553.435	553.746	554.058	554.369	554.681	554.992	555.304	555.615	555.927	556.237	556.55	556.86	557.172	557.483	557.795	558.106	558.416	558.728	559.039	559.351	559.662	559.972	560.284	560.595	560.905	561.217	561.528	561.838	562.15	562.46	562.771	563.083	563.393	563.704	564.015	564.326	564.636	564.947	565.258	565.569	565.879	566.189	566.501	566.811	567.122	567.432	567.743	568.054	568.364	568.674	568.984	569.296	569.606	569.916	570.226	570.536	570.847	571.158	571.468	571.778	572.088	572.398	572.708	573.018	573.329	573.639	573.95	574.26	574.57	574.88	575.19	575.5	575.81	576.12	576.429	576.739	577.049	577.359	577.669	577.979	578.289	578.598	578.908	579.218	579.528	579.837	580.147	580.457	580.767	581.076	581.386	581.694	582.004	582.314	582.623	582.933	583.242	583.552	583.862	584.171	584.479	584.789	585.098	585.408	585.718	586.027	586.335	586.645	586.954	587.263	587.573	587.881	588.19	588.5	588.809	589.119	589.426	589.736	590.045	590.354	590.662	590.972	591.281	591.589	591.898	592.207	592.515	592.824	593.134	593.441	593.751	594.06	594.367	594.677	594.986	595.294	595.603	595.912	596.219	596.528	596.836	597.145	597.454	597.762	598.071	598.378	598.687	598.995	599.304	599.611	599.92	600.228	600.537	600.846	601.153	601.462	601.77	602.077	602.386	602.693	603.002	603.309	603.618	603.926	604.234	604.542	604.85	605.158	605.465	605.774	606.081	606.39	606.697	607.004	607.313	607.62	607.927	608.236	608.543	608.85	609.159	609.466	609.773	610.081	610.389	610.696	611.004	611.311	611.618	611.925	612.234	612.541	612.848	613.155	613.463	613.77	614.077	614.384	614.691	614.999	615.306	615.613	615.92	616.227	616.535	616.842	617.149	617.456	617.762	618.069	618.376	618.684	618.991	619.298	619.604	619.911	620.218	620.524	620.831	621.138	621.444	621.751	622.058	622.366	622.672	622.979	623.286	623.592	623.899	624.205	624.512	624.818	625.125	625.431	625.738	626.044	626.349	626.656	626.962	627.269	627.575	627.881	628.188	628.494	628.8	629.107	629.413	629.719	630.024	630.331	630.637	630.943	631.25	631.556	631.861	632.167	632.473	632.779	633.085	633.392	633.696	634.003	634.309	634.615	634.919	635.226	635.532	635.838	636.142	636.448	636.754	637.06	637.365	637.671	637.977	638.282	638.588	638.894	639.198	639.504	639.81	640.114	640.42	640.726	641.031	641.337	641.642	641.947	642.253	642.557	642.863	643.169	643.473	643.779	644.083	644.389	644.693	644.999	645.305	645.609	645.914	646.219	646.524	646.829	647.134	647.438	647.744	648.048	648.354	648.658	648.962	649.268	649.572	649.877	650.181	650.487	650.791	651.095	651.4	651.704	652.01	652.314	652.618	652.923	653.227	653.533	653.836	654.14	654.446	654.75	655.054	655.357	655.663	655.967	656.27	656.576	656.879	657.183	657.488	657.792	658.096	658.4	658.705	659.009	659.312	659.616	659.92	660.225	660.529	660.832	661.136	661.44	661.745	662.048	662.352	662.655	662.959	663.263	663.566	663.871	664.175	664.478	664.782	665.085	665.389	665.692	665.996	666.299	666.602	666.906	667.209	667.514	667.817	668.121	668.424	668.728	669.031	669.334	669.638	669.941	670.244	670.547	670.851	671.154	671.456	671.759	672.062	672.365	672.669	672.972	673.275	673.578	673.881	674.184	674.487	674.791	675.092	675.395	675.698	676.002	676.305	676.608	676.911	677.212	677.515	677.818	678.121	678.424	678.726	679.029	679.332
-20	-20	6.48447	6.3173	6.08352	5.65551	5.54196	5.47309	5.41504	5.36606	5.32615	5.29049	5.2588	5.22865	5.20352	5.18688	5.1673	5.15608	5.14098	5.10882	5.09912	5.09001	5.08689	5.08459	5.08453	5.08225	5.09312	5.1068	5.12256	5.13209	5.13594	5.13781	5.14424	5.14658	5.16545	5.15826	5.14965	5.13838	5.12695	5.11215	5.09512	5.07736	5.05441	5.03407	5.01513	4.99746	4.97972	4.95649	4.94199	4.92647	4.90939	4.89462	4.88321	4.87732	4.87506	4.8755	4.87759	4.88053	4.9064	4.92387	4.90752	4.83826	4.71826	4.58261	4.42521	4.42885	4.43353	4.46139	4.50082	4.5505	4.60409	4.66821	4.72641	4.79646	4.90091	4.9434	4.96542	4.96144	4.95759	4.94778	4.93983	4.90811	4.88045	4.84501	4.79723	4.76266	4.72418	4.68741	4.65001	4.6172	4.57943	4.52832	4.51167	4.51649	4.51383	4.52153	4.52304	4.52494	4.53633	4.54053	4.54696	4.55261	4.56747	4.57404	4.57427	4.57742	4.57708	4.56728	4.5592	4.55167	4.54546	4.53747	4.52123	4.51252	4.50587	4.49917	4.49474	4.48984	4.46925	4.47386	4.47922	4.48742	4.49459	4.50683	4.51372	4.5305	4.54166	4.54176	4.56724	4.58713	4.61173	4.63491	4.67667	4.71552	4.75731	4.79115	4.81888	4.87149	4.88015	4.90282	4.88581	4.74647	4.65519	4.58383	4.51841	4.45147	4.39651	4.33824	4.29582	4.25136	4.2846	4.29031	4.30844	4.31814	4.33359	4.35183	4.37395	4.39979	4.42742	4.46062	4.49025	4.5255	4.5538	4.58973	4.61691	4.64011	4.62671	4.62208	4.61857	4.63847	4.7662	4.7978	4.82178	4.80493	4.70157	4.47521	4.14873	4.21156	4.34389	4.49992	4.63338	4.19477	4.12408	4.12237	4.146	4.13062	4.20752	4.30526	4.40612	4.51039	4.6167	4.72128	4.76981	4.74858	4.70889	4.70077	4.69042	4.68429	4.68132	4.71845	4.73481	4.69838	4.6552	4.62069	4.58168	4.55304	4.53394	4.55297	4.59049	4.62698	4.63675	4.60722	4.58486	4.57151	4.55681	4.56511	4.63691	4.71815	4.7171	4.71544	4.71233	4.66381	4.59497	4.5951	4.65074	4.68633	4.76394	4.83656	4.90328	4.95066	5.01979	5.06298	5.04097	4.95564	4.86117	4.78067	4.69164	4.62831	4.56947	4.52959	4.46797	4.49859	4.52385	4.56757	4.60624	4.62547	4.61593	4.60524	4.60615	4.61411	4.62553	4.63637	4.65374	4.66681	4.68113	4.69432	4.68312	4.65048	4.59269	4.57417	4.52627	4.48969	4.45052	4.56301	4.60574	4.61373	4.63154	4.64816	4.66265	4.67763	4.69152	4.70405	4.71732	4.71542	4.71922	4.68345	4.63827	4.59228	4.55052	4.50361	4.47207	4.42981	4.40018	4.37635	4.35293	4.33584	4.31912	4.30866	4.28637	4.28509	4.2901	4.28968	4.294	4.29334	4.28691	4.28273	4.27881	4.27818	4.2739	4.2773	4.28198	4.28881	4.29481	4.30404	4.31293	4.3241	4.33332	4.34149	4.36138	4.36588	4.35987	4.34219	4.30846	4.18812	4.06244	3.95058	3.86357	3.81743	3.79539	3.81177	3.8708	3.89545	3.99762	4.1	4.21374	4.32759	4.40977	4.4591	4.49271	4.50028	4.48394	4.46972	4.46887	4.45814	4.44122	4.45559	4.46207	4.47127	4.53109	4.56162	4.58694	4.61422	4.59254	4.5102	4.42782	4.33648	4.26815	4.18815	4.19635	4.19459	4.22234	4.24817	4.28357	4.28324	4.24443	4.21606	4.20438	4.22996	4.2449	4.24688	4.27822	4.30749	4.29633	4.24154	4.1747	4.10967	4.04905	3.99095	3.93601	3.8907	3.85222	3.81711	3.82498	3.83598	3.816	3.89754	3.99599	4.08811	4.19459	4.30026	4.40618	4.47739	4.51472	4.54574	4.52585	4.5005	4.47787	4.46248	4.44691	4.42809	4.40781	4.40939	4.42833	4.45136	4.47754	4.5006	4.52824	4.55671	4.56243	4.56509	4.54649	4.49824	4.44596	4.39544	4.35115	4.36073	4.327	4.35393	4.39688	4.44585	4.50733	4.57801	4.667	4.73088	4.75715	4.75564	4.75544	4.75765	4.75997	4.76611	4.77166	4.78193	4.79119	4.80518	4.81819	4.84932	4.87425	4.89821	4.92826	4.95414	4.99162	5.03865	5.08398	5.13539	5.16275	5.18845	5.20942	5.23323	5.25457	5.27693	5.29863	5.3191	5.34144	5.35538	5.36882	5.37602	5.39082	5.39227	5.38452	5.38629	5.3944	5.44242	5.50634	5.56638	5.62457	5.67794	5.72677	5.7635	5.79601	5.8402	5.8836	5.93768	5.99494	6.06262	6.13724	6.22069	6.31721	6.42453	6.54801	6.69063	6.97085	7.21121	7.48081	7.76184	8.07844	8.40081	8.71282	8.96104	9.2065	9.4595	9.7227	9.98941	10.2903	10.6211	11.1791	11.8681	12.5511	13.3396	14.2854	15.6086	16.9394	18.5943	20.2923	22.0899	24.3881	27.0099	30.1702	33.4955	39.9443	46.0781	53.4077	61.3947	73.737	97.195	119.023	147.669	187.748	211.512	239.485	238.318	227.23	189.264	147.846	119.31	102.03	78.784	64.4715	53.162	45.8453	40.3417	35.7636	32.0793	28.2261	23.6559	21.3673	19.5252	18.068	16.6332	15.5241	14.5849	13.5403	12.7991	12.2058	11.7435	11.3689	11.0258	10.5994	10.1674	9.59533	9.2277	8.97904	8.72182	8.43672	8.16426	7.88318	7.61361	7.35915	7.14778	6.96023	6.80343	6.63675	6.50157	6.39865	6.32409	6.24126	6.13918	6.04769	6.00376	5.96262	5.8761	5.81448	5.77462	5.73391	5.69707	5.66494	5.63796	5.59291	5.54908	5.50925	5.46412	5.41671	5.31657	5.19988	5.08725	5.00241	5.03531	5.14228	5.27931	5.34244	5.33074	5.31736	5.29967	5.29323	5.25406	5.216	5.11602	5.02631	4.91472	4.79796	4.65163	4.65817	4.68517	4.72076	4.78813	4.80731	4.78667	4.76486	4.75835	4.74294	4.7348	4.72175	4.71433	4.704	4.70357	4.70862	4.68563	4.63283	4.56117	4.4899	4.42063	4.35971	4.2964	4.27328	4.23779	4.19844	4.15407	4.1539	4.1533	4.16085	4.16748	4.18168	4.19506	4.2137	4.23259	4.2544	4.27803	4.30036	4.29856	4.29078	4.2758	4.2571	4.2368	4.22521	4.18913	4.14724	4.11334	4.07493	4.03989	4.00054	3.96408	3.92649	3.86781	3.81647	3.78768	3.73536	3.75672	3.81287	3.78311	3.76001	3.72204	3.74066	3.75739	3.86274	3.91816	3.99476	4.06331	4.12108	4.17825	4.18926	4.17539	4.15272	4.136	4.05529	4.01006	3.97387	3.94072	3.91007	3.9201	3.91581	3.88154	3.85559	3.82757	3.8099	3.78885	3.79043	3.8	3.78319	3.77109	3.76085	3.76881	3.77891	3.80312	3.82416	3.83254	3.83898	3.84098	3.84867	3.84421	3.85297	3.86193	3.87358	3.88748	3.90185	3.91635	3.93142	3.94695	3.96264	3.97881	3.99501	4.01139	4.02797	4.04798	4.06804	4.08551	4.10049	4.11249	4.12222	4.13132	4.13808	4.1469	4.15378	4.17176	4.17909	4.17719	4.17067	4.16829	4.16635	4.19382	4.20281	4.2114	4.22385	4.23684	4.25074	4.24106	4.20249	4.16576	4.12723	4.09339	4.06474	4.03166	4.00347	3.97194	3.95285	3.93114	3.89403	3.84025	3.82788	3.81144	3.80317	3.79907	3.79425	3.89246	3.91972	3.9589	3.98464	4.05476	4.05219	4.0472	4.03895	4.02176	3.99868	3.91426	3.87555	3.82324	3.73531	3.7537	3.77707	3.80137	3.86731	3.92647	3.98885	4.03876	4.0892	4.13008	4.17018	4.20648	4.23679	4.26502	4.26346	4.26752	4.27346	4.27182	4.2732	4.27587	4.27407	4.27629	4.27261	4.27098	4.27575	4.26122	4.23623	4.2137	4.1865	4.15696	4.12861	4.09886	4.07062	4.04355	4.01656	3.98691	3.95398	3.93731	3.88187	3.79965	3.71413	3.77292	3.80048	3.82065	3.88943	3.94335	3.96935	3.96455	3.89961	3.79478	3.63883	4.03847	4.25301	4.27996	4.31028	4.32979	4.30936	4.30562	4.25827	4.21447	4.13277	4.12583	4.12612	4.12457	4.11781	4.08366	4.05906	4.01554	3.97504	3.97382	3.98842	4.00816	4.09165	4.16964	4.21618	4.2712	4.32076	4.36061	4.37113	4.37392	4.39047	4.38822	4.33141	4.28225	4.23063	4.17178	4.11843	4.06436	4.0425	4.02688	4.08138	4.11312	4.14794	4.17412	4.19559	4.21382	4.21311	4.21227	4.20378	4.19832	4.17143	4.11711	3.98445	3.86906	3.75848	3.69491	3.85468	3.88543	3.94289	4.07132	4.18457	4.27235	4.34456	4.38979	4.40867	4.40973	4.37886	4.32411	4.26733	4.22826	4.21584	4.22941	4.23355	4.26557	4.33126	4.36498	4.34804	4.26102	4.16087	4.04174	3.92745	3.99396	4.0598	4.13396	4.2945	4.34501	4.32374	4.30531	4.2862	4.28081	4.27992	4.23751	4.22372	4.32747	4.46621	4.36183	4.24828	4.07521	3.95528	4.02839	4.02758	4.00161	3.91036	3.80941	3.76041	3.84623	3.86302	3.88387	3.91024	3.91794	3.92258	3.91204	3.86824	3.81994	3.77444	3.73596	3.69559	3.66556	3.64695	3.65255	3.69303	3.7563	3.95796	4.108	4.17279	4.20018	4.23407	4.26232	4.29759	4.3229	4.35065	4.37572	4.42375	4.42693	4.37267	4.25893	4.04965	3.82506	3.81262	3.86582	3.91737	3.9864	4.01961	4.03991	4.06132	4.07033	4.08085	4.07999	4.07587	4.07311	4.06871	4.06416	4.06458	4.06071	4.06193	4.05953	4.06282	4.06246	4.06747	4.06956	4.06612	4.05052	4.06862	4.0832	4.10564	4.12419	4.14965	4.17208	4.19847	4.22507	4.25734	4.31088	4.31269	4.30934	4.30177	4.29783	4.28341	4.15114	4.13657	4.11296	4.10328	4.09024	4.0895	4.08556	4.09649	4.10541	4.19771	4.20943	4.22309	4.22934	4.23468	4.23939	4.2379	4.2413	4.23348	4.23679	4.22456	4.19271	4.18345	4.16015	4.19263	4.21718	4.25997	4.29416	4.33	4.35509	4.37842	4.40014	4.40566	4.39228	4.36955	4.34542	4.30604	4.27735	4.25275	4.22209	4.15031	4.07302	3.96964	3.85663	3.9946	4.09062
-20	0	5.74683	5.75763	5.71366	5.64238	5.49958	5.40338	5.32948	5.27305	5.21979	5.18275	5.12785	5.07387	5.01754	5.06372	5.10882	5.09552	5.00077	4.96278	4.94505	4.93343	4.92971	4.94159	4.94234	4.96065	4.99102	5.02734	5.04379	5.07911	5.10192	5.12846	5.15104	5.16851	5.19776	5.21893	5.23753	5.22005	5.19424	5.16516	5.13802	5.11452	5.08533	5.05935	5.02647	5.02407	4.9783	4.96992	4.93191	4.89936	4.87226	4.95797	4.99068	4.98502	4.94017	4.87136	4.74043	4.58995	4.49139	4.41705	4.41391	4.57432	4.66413	4.7489	4.82693	4.8638	5.0191	5.07805	5.1186	5.2399	5.21235	5.15654	4.97999	4.71486	4.41929	4.32908	4.21588	4.37804	4.74437	4.82047	4.8679	4.92943	4.9722	4.99675	5.02324	5.03772	5.05578	5.06488	5.0751	5.08022	5.08781	5.09112	4.9995	4.96809	5.00348	5.02774	4.98869	4.98597	5.00734	5.0252	5.0353	5.05856	5.0813	5.07101	5.03848	5.00726	4.98129	4.96132	4.93573	4.94399	4.95941	4.98253	5.09955	5.13528	5.12769	5.10889	5.09659	5.07064	5.04828	4.99833	4.95162	4.92784	4.92526	4.90641	4.90095	4.89339	4.86464	4.88894	4.85577	4.83875	4.81358	4.79681	4.80263	4.81468	4.81174	4.81413	4.80627	4.7956	4.79295	4.80562	4.82031	4.82872	4.8324	4.85229	4.87341	4.87126	4.89814	4.92321	4.92738	4.94317	4.97696	5.03014	5.08828	5.12849	5.16438	5.19545	5.22186	5.19773	5.18777	5.16989	5.14705	5.11866	5.08466	5.04592	5.00882	4.96951	4.96733	4.9613	4.96029	4.95815	4.95817	4.95557	4.93957	4.93017	4.92669	4.92731	4.88857	4.84823	4.82298	4.80055	4.79356	4.80337	4.79415	4.79319	4.7982	4.80414	4.80699	4.80677	4.80038	4.78184	4.75245	4.68132	4.65193	4.67108	4.71482	4.76748	4.78856	4.75672	4.6549	4.71039	4.83409	4.94979	4.98913	4.97431	5.03822	5.03671	4.98163	4.92812	4.76357	4.71591	4.71967	4.75545	4.75232	4.79357	4.87507	4.9349	4.99103	5.0429	5.09073	5.13186	5.11231	5.0781	5.07253	5.02994	5.00179	4.97952	4.9495	4.88563	4.85411	4.81905	4.85743	4.93846	5.01696	4.96791	4.91807	4.8618	4.84437	4.85173	4.8433	4.84798	4.90078	5.00841	5.12618	5.23415	5.2036	5.10258	4.94245	4.83501	4.73019	4.68442	4.6219	4.6399	4.67004	4.71653	4.74886	4.78151	4.82809	4.85312	4.88518	4.9386	4.97261	4.97532	4.98805	4.97805	4.98441	4.92273	4.80767	4.81834	4.82795	4.87722	4.91901	4.93948	4.95143	4.96895	4.95354	4.99584	5.0462	5.10086	5.18156	5.21895	5.21579	5.19576	5.1261	5.09856	5.03742	4.98061	4.91752	4.81911	4.73106	4.65536	4.58787	4.53204	4.47031	4.42983	4.34261	4.25713	4.16574	4.10108	4.04924	4.034	4.10591	4.19504	4.35107	4.4965	4.62897	4.6935	4.7528	4.78592	4.85567	4.9241	4.98296	5.03414	5.06056	5.07865	5.04188	4.98953	4.92962	4.87057	4.82175	4.76403	4.72391	4.67348	4.66169	4.64299	4.6224	4.58574	4.58164	4.56147	4.54548	4.53279	4.53775	4.52697	4.49082	4.45291	4.43417	4.38225	4.33597	4.32657	4.31775	4.2913	4.28556	4.31073	4.33892	4.38191	4.43412	4.48203	4.5542	4.63344	4.69362	4.6805	4.68534	4.68674	4.70144	4.71004	4.71673	4.72536	4.72713	4.72458	4.70936	4.7022	4.70036	4.69788	4.69797	4.70325	4.66721	4.60655	4.63181	4.6539	4.67543	4.70641	4.73909	4.76647	4.77673	4.78075	4.78936	4.79098	4.79734	4.79785	4.80263	4.80344	4.80742	4.80953	4.81352	4.81773	4.82256	4.82945	4.83592	4.84596	4.85577	4.87039	4.8858	4.90417	4.9234	4.90346	4.8322	4.78694	4.74806	4.84012	4.74722	4.70618	4.78738	4.90943	4.95375	4.97907	4.99052	4.96252	4.92171	4.78454	4.71161	4.67446	4.68373	4.62935	4.61311	4.63094	4.65446	4.69561	4.72869	4.82337	4.89716	4.96969	5.05747	5.15039	5.24751	5.12258	4.99031	4.74998	5.23721	5.43563	5.52056	5.55425	5.58485	5.57533	5.56334	5.54832	5.52256	5.4934	5.43205	5.37465	5.32343	5.29088	5.24367	5.21118	5.17744	5.21497	5.29674	5.43624	5.5989	5.61401	5.58576	5.55218	5.50887	5.43845	5.37908	5.34289	5.37675	5.45564	5.5729	5.74933	5.93672	6.13064	6.33294	6.48214	6.52158	6.59858	6.73261	6.86254	6.96123	7.05429	7.1532	7.25731	7.389	7.5426	7.68625	7.8817	8.11945	8.39112	8.68847	8.95458	9.35595	9.72091	10.2111	10.7191	11.3394	11.9438	12.5293	13.2372	14.074	14.9266	15.8187	16.6121	17.313	17.3198	20.3889	22.3596	23.9687	26.3162	30.1712	34.7291	39.9168	46.5488	54.9082	68.7666	84.5612	104.115	124.655	149.713	186.661	219.737	249.422	245.863	228.085	191.797	153.528	126.417	100.559	82.6761	66.0148	56.6091	48.3758	42.6101	37.478	31.2929	22.9217	24.5051	22.5258	20.6522	18.2902	16.3883	14.9142	14.2044	13.3379	12.5913	11.9657	11.4407	11.0526	10.697	10.2294	9.7747	9.35623	8.96261	8.60421	8.2651	7.95789	7.67304	7.46019	7.25474	7.16759	7.11166	7.06976	7.06276	7.05599	6.99927	6.9022	6.75312	6.65593	6.54853	6.46072	6.36681	6.28343	6.18437	6.07257	5.98369	5.90092	5.82	5.73323	5.66668	5.62766	5.59943	5.58098	5.5551	5.53871	5.54908	5.56791	5.58822	5.60972	5.63201	5.64497	5.65106	5.65129	5.61265	5.58062	5.5437	5.50747	5.46357	5.41126	5.36656	5.31904	5.25832	5.19273	5.14297	5.13464	5.11576	5.11184	5.12243	5.14219	5.17032	5.20124	5.20103	5.11908	4.99288	4.87715	4.77501	4.63422	4.53999	4.45813	4.43048	4.42104	4.46885	4.5754	4.7094	4.71149	4.67555	4.62843	4.56055	4.50325	4.42829	4.38305	4.35772	4.34397	4.31822	4.2569	4.22305	4.19247	4.19392	4.2071	4.26882	4.36642	4.43495	4.44993	4.4658	4.47661	4.48898	4.48027	4.48411	4.48463	4.4864	4.48559	4.4312	4.14065	4.16003	4.09278	4.03539	4.0948	4.16022	4.23999	4.18787	4.1693	4.20632	4.17772	4.20532	4.22197	4.2495	4.31132	4.3122	4.28759	4.25582	4.21237	4.17838	4.16326	4.16653	4.17457	4.17375	4.19657	4.20956	4.2356	4.23311	4.25073	4.25287	4.27692	4.29561	4.30592	4.31391	4.32341	4.28299	4.22034	4.17391	4.14278	4.11922	4.11022	4.09992	4.07994	4.05848	4.01335	3.97789	4.01497	4.08489	4.19891	4.29997	4.34372	4.34813	4.31744	4.28991	4.26293	4.23682	4.21425	4.19	4.20665	4.20105	4.19245	4.19952	4.1993	4.19421	4.16538	4.14419	4.11978	4.1128	4.13248	4.14222	4.15716	4.17574	4.19156	4.20812	4.22311	4.25058	4.28073	4.30959	4.33942	4.36702	4.39699	4.4259	4.45455	4.48168	4.50879	4.52538	4.55644	4.46733	4.37772	4.27456	4.20231	4.14866	4.09774	4.05042	4.02257	3.99531	3.99167	3.99597	4.01495	3.98517	3.88492	3.78662	3.69458	3.60897	3.5324	3.42274	3.46476	3.51736	3.57639	3.64425	3.7233	3.79349	3.88861	3.96917	4.05547	4.16595	4.24888	4.31155	4.37274	4.38952	4.41663	4.43635	4.44999	4.45922	4.46545	4.46562	4.44569	4.42517	4.40284	4.38047	4.35341	4.30707	4.2807	4.26358	4.24202	4.21433	4.20903	4.20099	4.18356	4.19269	4.222	4.22189	4.25462	4.28553	4.33006	4.34612	4.35543	4.31919	4.27058	4.22047	4.21708	4.20949	4.22002	4.21401	4.21095	4.20906	4.1946	4.16952	4.14416	4.11297	4.08457	4.06469	4.03997	4.00744	4.00434	4.00029	4.00519	4.01265	4.02532	4.14028	4.15944	4.18581	4.19914	4.18345	4.15366	4.14056	4.13933	4.11272	4.11615	4.1287	4.14041	4.11917	4.10244	4.08431	4.07042	4.08023	4.09946	4.08133	4.07272	4.0574	4.04534	4.03259	4.01636	4.01006	3.99708	3.99028	3.98828	3.96601	3.99472	3.8268	4.07451	4.11734	4.16841	4.22033	4.32508	4.37971	4.43806	4.48372	4.52812	4.57616	4.58796	4.57996	4.52927	4.43922	4.35124	4.25751	4.15891	4.06506	3.96875	3.89174	3.81145	3.7329	3.66831	3.74446	3.80415	3.87218	3.9788	4.05689	4.13411	4.20767	4.281	4.35199	4.41756	4.4826	4.51986	4.53341	4.54113	4.57645	4.61924	4.63346	4.63403	4.63106	4.6305	4.62591	4.62278	4.6185	4.61011	4.60976	4.58419	4.57155	4.55691	4.5473	4.51672	4.49347	4.50722	4.51976	4.50609	4.51135	4.51235	4.49262	4.48487	4.46504	4.45757	4.47074	4.48353	4.50806	4.51036	4.51092	4.51277	4.51494	4.50681	4.50114	4.49769	4.49546	4.52594	4.53679	4.5555	4.57586	4.59037	4.60155	4.61407	4.6235	4.63257	4.6391	4.64381	4.64597	4.63765	4.62113	4.57492	4.56679	4.55817	4.54959	4.53825	4.51845	4.50546	4.49263	4.48353	4.45399	4.42589	4.39284	4.27318	4.21244	4.18242	4.17381	4.15844	4.15855	4.19312	4.17939	4.15846	4.1411	4.12336	4.11108	4.09647	4.11831	4.1048	4.09169	4.07879	4.0669	4.05503	4.0463	4.036	4.02667	4.01883	4.01085	4.00694	4.00178	3.99819	3.99748	3.9729	3.99626	4.02922	4.06338	4.10382	4.15162	4.25282	4.30709	4.37679	4.43021	4.51194	4.61735	4.6219	4.61858	4.59605	4.59036	4.53728	4.53255	4.52762	4.50155	4.47693	4.4589	4.44083	4.40803	4.37622	4.34849	4.31412	4.29399	4.29331	4.27629	4.26756	4.26929	4.26103	4.25197	4.24382	4.23513	4.22671	4.21787	4.20889	4.19942	4.18953	4.17895	4.16802	4.14513	4.11303	4.08595	4.05502	4.03682	4.02862	4.01266	3.99975	3.96745	3.93917	3.90566	3.8757	3.84573	3.82014	3.80368	3.81441	4.11029
-20	20	5.13129	5.0875	5.15581	5.19626	5.11078	5.07597	5.1326	5.20711	5.27767	5.35425	5.40158	5.39204	5.38074	5.40646	5.42676	5.39077	5.36444	5.3597	5.35238	5.26748	5.15281	5.03412	4.89056	4.72574	4.56758	4.43581	4.27042	4.28108	4.3029	4.37166	4.45939	4.53944	4.6111	4.69193	4.73016	4.78088	4.76675	4.71756	4.69831	4.68906	4.70354	4.75318	4.78029	4.828	4.87818	4.9077	4.93421	4.94523	4.94473	4.89162	4.81762	4.77079	4.69905	4.62524	4.598	4.58227	4.52775	4.51293	4.54233	4.56971	4.64676	4.76768	4.81693	4.82978	4.84547	4.87771	4.85971	4.85139	4.81142	4.71319	4.6496	4.61784	4.59809	4.56301	4.53109	4.49165	4.4739	4.38638	4.31778	4.28674	4.33379	4.38161	4.42079	4.45351	4.49792	4.53328	4.62644	4.71122	4.76728	4.80178	4.78831	4.80231	4.79462	4.73159	4.65462	4.64268	4.63154	4.62581	4.69401	4.71165	4.73779	4.76117	4.79093	4.81335	4.81367	4.87664	4.88857	4.92392	4.89166	4.53942	4.47305	4.47475	4.46208	4.47838	4.5185	4.54659	4.51039	4.48202	4.45383	4.46118	4.46931	4.46651	4.46761	4.4706	4.47529	4.48285	4.49139	4.50671	4.50802	4.49883	4.50217	4.539	4.57686	4.60953	4.63476	4.64473	4.62986	4.63548	4.61968	4.60563	4.59071	4.60476	4.62886	4.56017	4.48932	4.42481	4.39238	4.38579	4.37325	4.36804	4.40316	4.42739	4.4307	4.45776	4.50715	4.55303	4.59817	4.64459	4.66631	4.66033	4.63285	4.60957	4.58212	4.55247	4.52965	4.51192	4.49655	4.53581	4.5402	4.55442	4.5645	4.58071	4.57801	4.5724	4.57236	4.56977	4.54087	4.54301	4.65708	4.69299	4.70822	4.72197	4.73679	4.75001	4.76385	4.77537	4.77798	4.78697	4.79228	4.79547	4.79913	4.79799	4.79837	4.77466	4.74793	4.73452	4.70826	4.70265	4.72159	4.70838	4.68984	4.70001	4.70998	4.71082	4.72854	4.71945	4.70984	4.70194	4.67799	4.63981	4.62202	4.61762	4.61456	4.61081	4.61614	4.6136	4.63652	4.67132	4.54868	4.53033	4.55049	4.55147	4.63325	4.71409	4.73443	4.73724	4.73318	4.74423	4.7912	4.80171	4.77901	4.76358	4.72257	4.64895	4.64025	4.55608	4.47379	4.42138	4.3604	4.38075	4.41437	4.5722	4.68506	4.77346	4.76973	4.81307	4.90114	4.8756	4.84805	4.79147	4.73583	4.68074	4.61224	4.53376	4.46729	4.4031	4.35038	4.33626	4.32752	4.35274	4.34465	4.34417	4.3414	4.34896	4.33263	4.33473	4.3558	4.38194	4.41337	4.44715	4.48473	4.52198	4.54359	4.49562	4.47125	4.46749	4.44894	4.45133	4.44797	4.48533	4.52278	4.55372	4.57571	4.59861	4.6182	4.61108	4.56851	4.45585	4.42684	4.39128	4.39666	4.38585	4.39047	4.4201	4.43746	4.50391	4.54281	4.57596	4.58263	4.60945	4.56406	4.49727	4.45585	4.40174	4.32135	4.23687	4.20961	4.18953	4.17718	4.18782	4.21035	4.18888	4.17429	4.15709	4.1557	4.1442	4.12749	4.16603	4.22535	4.2813	4.34293	4.40731	4.48831	4.54145	4.54371	4.53008	4.52962	4.48657	4.50948	4.53721	4.53735	4.51182	4.49977	4.45971	4.39997	4.35301	4.32263	4.30189	4.29695	4.33334	4.34866	4.40814	4.48792	4.59568	4.68118	4.67907	4.72135	4.71044	4.69924	4.66631	4.60737	4.54982	4.50335	4.44503	4.37977	4.37645	4.39706	4.3776	4.36458	4.36	4.37108	4.38809	4.40057	4.45204	4.53319	4.58109	4.6312	4.63825	4.59758	4.55814	4.50125	4.46229	4.40936	4.35713	4.36832	4.37547	4.40237	4.47344	4.52755	4.54457	4.5444	4.56353	4.60373	4.672	4.70204	4.69752	4.66667	4.61022	4.57844	4.55013	4.52084	4.51221	4.51955	4.55141	4.60487	4.67377	4.67515	4.67206	4.67817	4.68386	4.71482	4.73848	4.77034	4.79856	4.82254	4.81039	4.7356	4.62025	4.5145	4.45955	4.42019	4.40394	4.42808	4.53837	4.63135	4.73866	4.78646	4.83493	4.88631	4.99659	5.07415	5.15448	5.17323	5.21975	5.1677	5.14596	5.12477	5.07434	5.07876	5.08603	5.09142	5.07431	5.09894	5.16132	5.1666	5.14254	5.1405	5.13503	5.1187	5.13674	5.11466	5.11774	5.21794	5.2836	5.39426	5.47196	5.53065	5.56986	5.61495	5.63756	5.63995	5.65969	5.69225	5.7626	5.8191	5.89419	5.95322	6.07729	6.25504	6.47925	6.56957	6.672	6.70886	6.76036	6.83015	6.85336	6.92008	6.95698	7.04383	7.15244	7.3016	7.52977	7.78886	8.09058	8.45529	8.85603	9.22218	9.59014	9.99271	10.3194	10.6809	11.0677	11.4772	11.9373	12.4493	13.2882	14.2006	15.3575	16.8338	18.4513	20.3939	22.7214	25.4372	28.2721	31.5778	35.5984	40.7736	46.7518	54.1488	64.6251	82.4818	94.2112	120.314	147.501	186.78	220.185	242.982	243.819	212.154	177.456	154.93	118.257	96.3064	78.3105	65.3672	54.2014	45.21	37.0992	32.0523	29.224	27.2814	25.1126	21.7289	20.0271	18.7393	17.8108	16.6569	15.2948	14.2031	13.1405	12.2835	11.6001	10.9584	10.4983	10.0578	9.79263	9.40633	8.97005	8.62022	8.26618	7.9895	7.75389	7.54031	7.36837	7.22661	6.96838	6.72186	6.60449	6.54231	6.46021	6.43805	6.40721	6.3635	6.30257	6.08706	5.98682	5.9046	5.83562	5.76409	5.73821	5.7193	5.71035	5.72031	5.75388	5.78607	5.8106	5.78722	5.75677	5.72213	5.66845	5.57944	5.47163	5.37656	5.2812	5.20161	5.12414	5.01725	4.94112	4.9265	4.93684	4.94218	4.94477	4.97612	5.00091	4.98353	4.96126	4.91733	4.88658	4.87752	4.79845	4.76974	4.75175	4.73151	4.7168	4.71178	4.69988	4.62736	4.5634	4.4945	4.45037	4.4336	4.43461	4.41432	4.42456	4.44426	4.46768	4.53045	4.55197	4.57267	4.58294	4.59255	4.61174	4.61964	4.62191	4.58091	4.58617	4.56879	4.56222	4.52519	4.50697	4.51132	4.4989	4.49047	4.51553	4.56055	4.60383	4.66749	4.66215	4.6653	4.65628	4.65009	4.63089	4.59628	4.54143	4.5491	4.48573	4.42374	4.33315	4.15002	3.99647	3.85484	3.75798	3.70574	3.86027	3.99766	4.08784	4.07342	4.01744	3.96995	3.93453	3.94633	3.95255	3.96231	3.98401	4.04739	4.06349	4.09468	4.13478	4.1874	4.138	4.10865	4.04833	4.05351	4.06049	4.07553	4.09136	4.11403	4.09882	4.0929	4.10066	4.07821	4.02989	3.98178	3.9892	4.03665	4.04699	4.06297	4.08675	4.12186	4.11195	4.08759	4.08344	4.07567	4.06543	4.05479	4.02473	4.02862	4.08165	4.1071	4.16147	4.20183	4.13233	4.03451	3.91323	3.84799	3.74982	3.73804	3.76091	3.78683	3.84748	3.90432	3.91653	3.92536	3.92464	3.91804	3.8923	3.8702	3.84711	3.85218	3.86393	3.86785	3.8817	3.90458	3.94937	4.00091	4.07545	4.13514	4.20167	4.22322	4.22289	4.21071	4.19759	4.16235	4.12746	4.05578	3.98414	3.96428	3.90729	3.84097	3.83285	3.83199	3.85608	3.89531	3.93702	3.96424	3.98046	3.96813	3.96553	3.95282	3.93584	3.93779	3.91784	3.89503	3.85068	3.83998	3.87369	3.88264	3.86898	3.89951	3.93894	3.97471	4.01537	4.0226	4.03015	3.9054	3.77366	3.59473	3.4494	3.35348	3.34854	3.61967	3.70022	3.77628	3.86606	3.97278	4.08611	4.09699	4.03118	3.96058	3.92077	3.88629	3.85783	3.87805	3.89023	3.92076	3.98429	4.07958	4.13055	4.12807	4.12644	4.13085	4.1485	4.15857	4.14148	4.11705	4.08134	4.04196	4.02774	4.02426	4.05959	4.07906	4.10733	4.14695	4.18896	4.2294	4.25584	4.28165	4.31756	4.36281	4.37602	4.36754	4.34598	4.34125	4.32736	4.35365	4.35153	4.37993	4.42087	4.48831	4.51058	4.60416	4.63418	4.62814	4.62539	4.61878	4.59174	4.5168	4.43088	4.51143	4.50505	4.47904	4.46625	4.46672	4.45423	4.39136	4.33535	4.28168	4.27145	4.26696	4.35435	4.42094	4.4439	4.42656	4.37906	4.34356	4.25956	4.21496	4.2545	4.31892	4.33097	4.34835	4.32623	4.33288	4.32022	4.2604	4.21675	4.18698	4.1694	4.1584	4.15105	4.18899	4.22853	4.2465	4.25846	4.27072	4.26909	4.26809	4.27939	4.24637	4.16608	4.12236	4.09889	4.1173	4.10635	4.09313	4.12554	4.22795	4.27148	4.28032	4.225	4.25424	4.37638	4.57249	4.67047	4.70103	4.71411	4.71682	4.69276	4.66833	4.65567	4.62185	4.55346	4.48066	4.39709	4.32266	4.26601	4.19387	4.163	4.13128	4.14807	4.13453	4.10392	4.04888	3.99734	3.99552	4.03073	4.06837	4.14021	4.2315	4.30504	4.31909	4.34515	4.35165	4.33672	4.36384	4.38463	4.3743	4.38957	4.34821	4.33243	4.30015	4.2516	4.21302	4.20217	4.17747	4.17067	4.16749	4.15592	4.1565	4.17477	4.21284	4.25225	4.29539	4.35249	4.3918	4.39859	4.39146	4.39604	4.40839	4.41859	4.40244	4.3893	4.39114	4.36586	4.36626	4.35333	4.34787	4.33524	4.38008	4.40367	4.45633	4.4945	4.50531	4.56579	4.59132	4.64281	4.63094	4.65084	4.63059	4.55658	4.47009	4.43055	4.40869	4.38199	4.39172	4.3538	4.30551	4.25648	4.21118	4.16714	4.12619	4.06238	4.03952	4.02883	4.03877	4.04345	4.04578	4.04999	4.06029	4.07134	4.08787	4.1039	4.11891	4.1387	4.16899	4.1861	4.19826	4.21391	4.22272	4.23656	4.24415	4.25613	4.2597	4.24143	4.21214	4.21036	4.20637	4.20713	4.2165	4.21343	4.21607	4.23681	4.25468	4.27802	4.30116	4.32661	4.35471	4.33542	4.29584	4.24763	4.21731	4.18992	4.18047	4.20401	4.20056	4.21178	4.19667	4.19225	4.17949	4.16972	4.1605	4.11708	4.11296	4.12564	4.17908	4.17244	4.16091	4.11082	4.04405	4.192	4.20455	4.24123	4.2773	4.31671
0	-20	4.36715	4.4493	4.56096	4.65075	4.73404	4.77563	4.73622	4.68793	4.63373	4.66431	4.70611	4.74013	4.78861	4.82813	4.86205	4.90738	4.91748	4.90522	4.89863	4.88986	4.88448	4.88454	4.89906	4.89748	4.91983	4.92808	4.86883	4.8171	4.79381	4.75422	4.72866	4.70251	4.69212	4.66332	4.63855	4.61335	4.58014	4.49615	4.47148	4.61287	4.68408	4.73238	4.80443	4.88517	4.96736	4.97933	4.98548	4.93432	4.95112	4.93549	4.95458	4.94665	4.9925	4.97205	4.93228	4.93493	4.94381	4.89449	4.8289	4.77325	4.70233	4.5785	4.5201	4.47042	4.462	4.45335	4.48972	4.50329	4.46813	4.48182	4.47661	4.45542	4.48645	4.58181	4.64085	4.71858	4.73052	4.74007	4.75051	4.7839	4.79564	4.79104	4.76184	4.79469	4.72102	4.42787	4.34555	4.3144	4.3328	4.37365	4.43752	4.5402	4.48737	4.45673	4.42286	4.42679	4.44226	4.47418	4.52155	4.57304	4.63276	4.70856	4.76565	4.82308	4.87087	4.84748	4.86502	4.87371	4.8786	4.88873	4.83834	4.83127	4.82758	4.86471	4.82185	4.77224	4.76148	4.73701	4.67705	4.62418	4.58894	4.54878	4.5309	4.51044	4.53228	4.55438	4.48057	4.39751	4.33354	4.33628	4.33424	4.32298	4.37381	4.33662	4.29653	4.28441	4.2528	4.23478	4.23513	4.24295	4.2604	4.27345	4.2644	4.28283	4.33128	4.37606	4.44048	4.4333	4.40375	4.33761	4.32169	4.31086	4.29425	4.29152	4.32025	4.33915	4.3559	4.38815	4.39182	4.35486	4.31297	4.26189	4.2606	4.28323	4.29516	4.25456	4.2408	4.23666	4.27106	4.28863	4.32484	4.3572	4.43375	4.50716	4.58165	4.58448	4.48616	4.39991	4.3279	4.25663	4.22378	4.20876	4.23074	4.26062	4.29948	4.35815	4.39108	4.42865	4.43818	4.44443	4.43192	4.42474	4.40486	4.34203	4.2744	4.21472	4.16037	4.11146	4.10557	4.11438	4.19243	4.23733	4.34134	4.45393	4.52797	4.58563	4.58771	4.63343	4.68521	4.76181	4.83503	4.82814	4.79087	4.80551	4.74329	4.72637	4.69521	4.67006	4.64997	4.55422	4.52827	4.55824	4.60959	4.66033	4.70357	4.72003	4.75858	4.78074	4.79687	4.75761	4.70407	4.67233	4.61666	4.58134	4.51638	4.46163	4.41811	4.3994	4.37718	4.32932	4.37484	4.51167	4.54894	4.48821	4.47401	4.54014	4.59919	4.62824	4.63451	4.63177	4.6193	4.61269	4.60152	4.574	4.55882	4.51973	4.4976	4.44914	4.3883	4.35777	4.40746	4.43313	4.48076	4.49005	4.49737	4.52429	4.55541	4.57592	4.52942	4.5097	4.47399	4.46836	4.47364	4.46772	4.45952	4.4384	4.39263	4.34367	4.29949	4.25991	4.23092	4.21065	4.03047	3.98817	4.00547	4.08607	4.21206	4.31334	4.40926	4.47827	4.50588	4.45955	4.31556	4.01945	3.66333	4.34409	4.42047	4.36611	4.32376	4.29606	4.27872	4.25413	4.25596	4.26222	4.24876	4.21431	4.16589	4.12675	4.10973	4.1232	4.12396	4.09667	4.04244	4.09789	4.18012	4.19129	4.15859	4.12112	4.01007	3.97743	3.96504	3.9957	4.01681	4.06745	4.15083	4.12546	4.18287	4.16938	4.13537	4.15987	4.22109	4.26193	4.23008	4.13669	4.12346	4.1107	4.09709	4.10501	4.12189	4.15691	4.18085	4.26437	4.33745	4.33564	4.29691	4.26569	4.23217	4.19005	4.21378	4.20296	4.2359	4.24296	4.25066	4.21325	4.18434	4.18459	4.20189	4.29886	4.36962	4.42544	4.40827	4.3904	4.37207	4.34766	4.32145	4.25962	4.22471	4.18668	4.14978	4.12314	4.12835	4.15807	4.20115	4.2481	4.30603	4.35752	4.43577	4.48515	4.54806	4.57821	4.57109	4.53363	4.47593	4.42361	4.36684	4.32142	4.25545	4.20059	4.1808	4.17204	4.16627	4.18321	4.17365	4.06814	3.98671	3.93157	3.95159	4.01404	4.13479	4.35089	4.47395	4.50433	4.45796	4.40756	4.32749	4.27028	4.22571	4.19907	4.20996	4.24639	4.28264	4.30169	4.34154	4.36233	4.3287	4.28787	4.25037	4.25936	4.31927	4.3818	4.49396	4.55634	4.62142	4.69521	4.75549	4.81878	4.88729	4.95231	5.04848	5.0425	5.03232	4.98864	4.99302	4.97909	5.05561	5.10253	5.14831	5.18494	5.2285	5.18411	5.13949	5.1032	5.06437	5.02217	4.99919	5.02815	5.07605	5.14107	5.26933	5.3652	5.48493	5.50266	5.54187	5.54942	5.59319	5.67273	5.78447	5.83849	5.90619	5.96036	6.06969	6.19761	6.32361	6.45737	6.57187	6.70747	6.86575	7.04321	7.26895	7.49583	7.77348	8.11788	8.43734	8.66566	8.91442	9.17071	9.43502	9.70307	10.0775	10.491	10.8565	11.1976	11.7087	12.3431	12.607	13.425	14.3619	15.3338	16.3032	17.4194	18.5197	19.3879	19.7237	26.0175	32.6084	35.8905	41.4749	41.7912	54.3204	64.5083	76.6969	96.3891	119.322	141.117	184.93	212.245	232.246	243.543	224.145	187.023	153.815	120.239	98.4521	75.9468	65.8399	53.9944	48.4467	38.5527	33.7957	29.2604	26.4223	24.1766	22.1243	19.6384	17.9503	16.4305	15.2625	14.2211	13.4853	12.6931	12.2319	11.6033	11.0518	10.4847	10.1926	9.8274	9.62338	9.352	9.11177	8.74557	8.42966	8.13614	7.84822	7.55645	7.28033	7.10069	6.97875	6.8225	6.73055	6.63505	6.53851	6.42087	6.31025	6.22787	6.13517	6.0526	5.98787	5.93047	5.87221	5.81726	5.77421	5.72875	5.67715	5.65444	5.63917	5.6298	5.60824	5.59645	5.59058	5.52457	5.44653	5.34278	5.22456	5.09306	4.97902	4.93155	4.89279	4.83296	4.76575	4.7441	4.75414	4.75977	4.71886	4.69049	4.66976	4.65004	4.64309	4.6109	4.60703	4.60388	4.56519	4.53095	4.50938	4.4686	4.40634	4.45595	4.39886	4.34231	4.27574	4.21485	4.15579	4.03528	3.98405	3.95489	3.94883	3.96272	3.97486	3.98214	4.00421	4.03759	4.00813	3.91455	3.84575	3.78593	3.73466	3.73161	3.82386	3.9127	4.01615	4.12601	4.25092	4.33405	4.40598	4.44451	4.44097	4.44138	4.40646	4.35362	4.26935	4.19668	4.16887	4.10966	4.05614	4.04925	4.04136	4.08608	4.15751	4.17371	4.1901	4.20181	4.21395	4.25182	4.25833	4.28719	4.30565	4.20865	4.07171	3.9173	3.73112	3.68131	3.6617	3.64053	3.71604	3.80927	3.89595	3.97894	4.09263	4.1105	4.09454	4.06656	4.05081	4.0428	4.04358	4.04462	4.05394	4.05857	4.07077	4.07724	4.07924	4.08994	4.10763	4.12739	4.1355	4.13012	4.11875	4.11342	4.10075	4.08594	4.02621	4.00544	3.97624	3.94436	3.88515	3.8211	3.75347	3.70357	3.6552	3.60993	3.60762	3.63517	3.66174	3.70648	3.74651	3.84298	3.85082	3.88513	3.91653	3.91633	3.96385	3.97258	3.99401	4.023	4.00835	3.96442	3.90855	3.79846	3.69275	3.59234	3.52662	3.48775	3.49557	3.51616	3.53415	3.57594	3.63372	3.73414	3.78732	3.82315	3.86601	3.93778	3.94884	3.94207	3.92344	3.94924	3.94474	3.87944	3.79446	3.74886	3.72167	3.78665	3.99025	4.04631	4.09001	4.11562	4.13258	4.15486	4.1515	3.96702	3.90847	3.87513	3.83292	3.80448	3.80824	3.80494	3.82823	3.81728	3.81519	3.78972	3.71075	3.65147	3.60865	3.55341	3.65119	3.72882	3.8447	3.92243	4.01552	4.00837	4.03326	4.07631	4.09604	4.07118	4.05242	4.04555	4.04193	4.00544	3.91834	3.88644	3.86922	3.83629	3.80025	3.82022	3.83776	3.82063	3.81732	3.80917	3.84624	3.89357	3.88878	3.88634	3.88589	3.8048	3.84448	3.91128	3.97658	4.07126	4.12929	4.1964	4.25307	4.28997	4.3257	4.31713	4.2903	4.26815	4.24216	4.21734	4.21391	4.14605	4.03621	3.98956	3.93013	3.87596	3.89065	3.95493	3.97227	3.97935	4.01795	4.05477	4.06407	4.04602	4.02126	3.98136	3.9551	3.96414	3.99512	4.05218	4.05519	4.0664	4.10129	4.11062	4.11449	4.10818	4.13703	4.21388	4.18965	4.22435	4.18979	4.13549	4.08412	4.02685	4.05986	4.06374	4.09131	4.09197	4.10837	4.12951	4.15142	4.18928	4.27264	4.31323	4.21343	4.15079	4.10277	4.05932	4.01207	3.98175	3.95485	3.94652	3.94905	3.98865	4.00919	4.02381	4.0526	4.10544	4.16898	4.12111	4.11251	4.13009	4.15662	4.19894	4.2083	4.21149	4.20761	4.2109	4.20587	4.21784	4.21003	4.19338	4.15626	4.12167	4.08232	4.05098	4.03038	4.02688	4.02012	4.02175	4.02379	4.01605	3.99915	3.883	3.85103	3.82766	3.8206	3.8237	3.8108	3.82109	3.80143	3.79926	3.82201	3.87532	3.90753	3.98864	4.00842	4.07621	4.05532	4.07924	4.08075	4.07728	4.0677	4.07337	4.07907	4.09793	4.12424	4.13177	4.08863	4.00256	4.01128	4.23668	4.27958	4.21985	4.21839	4.26785	4.17865	4.11459	4.0464	4.01161	4.01338	4.0559	4.13874	4.32653	4.38578	4.40329	4.41498	4.44127	4.41677	4.41672	4.40599	4.4135	4.36627	4.30927	4.25337	4.2163	4.14802	4.14103	4.14333	4.14779	4.16697	4.17215	4.11214	4.03596	3.97456	3.90595	3.82893	3.79238	3.75816	3.75381	3.75959	3.76489	3.79096	3.83587	3.89039	3.93494	4.00932	4.05894	4.11134	4.15162	4.16925	4.17132	4.18578	4.20068	4.20503	4.19963	4.15494	4.11725	4.1019	4.09755	4.07064	4.05947	4.04905	4.05585	4.1088	4.15562	4.21687	4.27118	4.25011	4.22949	4.22265	4.23004	4.19096	4.14792	4.07638	4.0432	3.99787	4.01523	4.02962	3.99416	3.97852	3.94685	3.86549	3.79084	3.75065	3.71745	3.71865	3.74182	3.79615	3.84436	3.89308	3.97335	4.07125	4.17597	4.19465	4.24685	4.25488	4.21518	4.19354	4.16212	4.13524	4.11205	4.09221	4.04545	4.02123	3.98801	4.00334	3.99266	4.03693	4.01843	4.01033	3.9977	3.97831	3.95712	3.99515	4.04061	4.10087	4.13743
0	0	4.93318	4.93433	4.96564	4.94243	4.91798	4.91007	4.88806	4.87046	4.83019	4.81455	4.83045	4.86513	4.89045	4.88957	4.8916	4.89975	4.88925	4.7342	4.67778	4.78542	4.92307	5.06563	5.19342	5.21895	5.16788	5.07841	4.97868	4.89804	4.80313	4.67903	4.64065	4.61713	4.64274	4.6589	4.62732	4.59284	4.51125	4.4376	4.45061	4.50005	4.55836	4.63041	4.70888	4.7874	4.86783	4.94875	4.98782	5.03118	5.04629	5.0204	4.97478	4.92383	4.88308	4.82781	4.77116	4.72638	4.68616	4.6533	4.69093	4.72744	4.75315	4.76392	4.78149	4.78425	4.76261	4.71395	4.67838	4.67046	4.6497	4.64002	4.58635	4.53719	4.4856	4.42854	4.36413	4.29785	4.25409	4.20325	4.18645	4.19066	4.22043	4.4137	4.54771	4.66922	4.7244	4.77551	4.84427	4.92741	4.90564	4.95685	4.99939	5.04552	5.05729	5.05006	5.03691	5.0233	5.00268	4.97934	4.94511	4.89231	4.83697	4.80912	4.78303	4.72208	4.66856	4.61734	4.56264	4.55091	4.54608	4.57435	4.60274	4.63449	4.69264	4.70194	4.71556	4.71257	4.65538	4.55565	4.5159	4.46912	4.41482	4.35406	4.29977	4.26893	4.24287	4.2342	4.29219	4.35836	4.42105	4.38247	4.34682	4.3233	4.33045	4.31954	4.32919	4.34637	4.36707	4.39016	4.41299	4.43807	4.46115	4.48753	4.51722	4.51118	4.53181	4.54845	4.59601	4.64562	4.68751	4.71062	4.74063	4.77038	4.7736	4.77009	4.75589	4.74283	4.7278	4.70356	4.69031	4.66853	4.652	4.63517	4.61114	4.58769	4.55017	4.50819	4.45622	4.39708	4.33317	4.27176	4.57738	4.64381	4.63729	4.62917	4.57908	4.87294	4.34301	4.09223	3.88718	3.81123	3.81784	3.97883	4.39798	4.6183	4.56448	4.51704	4.34557	4.22085	4.23235	4.32401	4.48496	4.85234	5.01583	5.00306	4.79108	4.42369	4.31982	4.29731	4.29002	4.28095	4.27736	4.27225	4.26412	4.25378	4.25044	4.24948	4.2509	4.25361	4.26417	4.2737	4.29243	4.37049	4.44144	4.52945	4.61005	4.70089	4.7488	4.78829	4.83099	4.87393	4.91184	4.95719	4.96466	4.92983	4.90584	4.87767	4.84864	4.82788	4.7915	4.6885	4.66825	4.65136	4.63697	4.71959	4.7561	4.77336	4.78388	4.78233	4.76983	4.7897	4.83955	4.84106	4.88313	4.90993	4.83451	4.76091	4.69345	4.62397	4.55181	4.45088	4.41808	4.38334	4.36157	4.3372	4.38262	4.40863	4.41895	4.43826	4.45775	4.47441	4.49743	4.51121	4.53332	4.54299	4.55442	4.54031	4.53432	4.54491	4.5541	4.56112	4.54889	4.50362	4.44775	4.39969	4.35173	4.30712	4.26645	4.25589	4.29874	4.33374	4.38533	4.43879	4.49081	4.50234	4.51191	4.49244	4.44495	4.38139	4.33386	4.29777	4.24634	4.16128	4.14281	4.24999	4.3001	4.36098	4.41651	4.46268	4.30411	4.26224	4.23207	4.20583	4.20569	4.24894	4.2541	4.2466	4.22063	4.1817	4.13674	4.11791	4.12724	4.15517	4.18552	4.23637	4.29445	4.32403	4.24966	4.11014	3.94608	3.78262	3.61034	3.45499	3.32228	3.44178	3.69188	3.76578	3.65673	3.68825	3.74295	3.81822	3.91475	4.00617	4.09648	4.14034	4.18161	4.20402	4.16092	4.18716	4.21213	4.24489	4.27213	4.29746	4.32675	4.35386	4.38638	4.41496	4.42909	4.41031	4.38738	4.39738	4.42421	4.46599	4.50426	4.54775	4.5834	4.61694	4.62375	4.59242	4.60265	4.62067	4.61195	4.59985	4.56842	4.51431	4.41673	4.24442	4.09947	3.98234	3.98099	4.02717	4.10874	4.21375	4.41918	4.3867	4.34512	4.31251	4.22157	4.15017	4.12107	4.24909	4.3966	4.45331	4.49846	4.51908	4.51605	4.48711	4.44524	4.32508	4.18736	4.07204	4.00829	3.97848	3.9505	4.01601	4.08746	4.17657	4.26886	4.36454	4.45742	4.54683	4.57822	4.58728	4.60483	4.5853	4.57257	4.55322	4.52794	4.48091	4.43568	4.39861	4.36081	4.34016	4.31792	4.34864	4.37415	4.41061	4.47044	4.52352	4.62011	4.72584	4.8553	4.9821	5.055	5.08889	5.10758	5.11515	5.11338	5.12302	5.16675	5.2168	5.10519	4.96487	4.83381	4.75657	4.69052	4.62028	4.57517	4.58338	4.659	4.80777	5.06082	5.36051	5.59958	5.68783	5.73486	5.74304	5.67415	5.34985	5.17042	5.15647	5.21617	5.29063	5.43575	5.59522	5.75919	5.92345	6.08259	6.21543	6.3531	6.46552	6.5879	6.68783	6.75937	6.84631	6.89765	6.8746	6.97983	7.10112	7.25617	7.44621	7.69717	7.89171	8.12205	8.37724	8.66014	8.98065	9.31387	9.64046	10.0083	10.4048	10.8553	11.3517	11.8952	12.5043	13.2222	14.0699	15.0324	16.1024	17.2752	18.5814	19.9434	20.668	23.5607	26.2438	31.1461	35.2951	39.9659	47.9708	57.6578	67.4312	84.4512	98.5417	123.87	164.894	194.716	233.827	250.461	246.271	221.757	184.932	156.77	125.5	101.858	83.4101	66.0548	54.1633	44.8698	42.2319	31.9496	30.044	27.1535	24.7896	22.6179	20.9511	19.218	17.5984	16.2229	15.232	14.2808	13.4132	12.6072	11.8882	11.3045	10.804	10.3114	9.8642	9.45776	9.11184	8.79867	8.5122	8.23939	8.02537	7.82477	7.64212	7.47102	7.31553	7.17069	7.0522	6.91919	6.79723	6.67244	6.556	6.44209	6.33642	6.23759	6.1407	6.04728	5.95655	5.87298	5.79279	5.71952	5.64543	5.57212	5.52315	5.4612	5.42804	5.4002	5.38138	5.36356	5.37873	5.3762	5.39573	5.39351	5.38427	5.3802	5.37291	5.36178	5.34957	5.28267	5.19198	5.16028	5.15856	5.1664	5.18697	5.20868	5.23774	5.28968	5.30081	5.27217	5.23164	5.19473	5.13152	5.05066	4.97225	4.89518	4.80218	4.70659	4.63012	4.6053	4.55586	4.56735	4.6298	4.65712	4.70382	4.67464	4.66776	4.65808	4.66932	4.63026	4.49493	4.36269	4.24043	4.12835	4.02829	3.95218	3.86003	3.90432	3.9352	3.98231	4.0351	4.08747	4.15156	4.21081	4.27549	4.34563	4.33899	4.30762	4.26916	4.24037	4.18565	4.1312	4.08968	4.04292	3.99025	3.93312	3.90646	3.88189	3.8825	3.87796	3.81225	3.78089	3.75163	3.78768	3.81558	3.83913	3.87546	3.91574	3.95325	4.00932	4.06078	4.1051	4.15798	4.19809	4.21245	4.22438	4.23254	4.24533	4.21661	4.24618	4.2522	4.25501	4.24371	4.21906	4.18024	4.16071	4.11693	4.07557	4.03791	4.05699	4.05067	4.04143	4.03689	4.0335	4.02449	4.03084	4.02235	3.99341	3.96092	3.93572	3.90627	3.88551	3.86081	3.84396	3.85742	3.85959	3.88338	3.8963	3.91503	3.93225	3.95431	3.97519	3.99993	4.02381	4.0529	4.079	4.11344	4.14588	4.17918	4.21532	4.20731	4.176	4.13002	4.10545	4.1262	4.15066	4.15904	4.15702	4.16989	4.18147	4.14179	4.09029	4.06614	4.0654	4.11395	4.13109	4.15551	4.17783	4.20101	4.28762	4.33227	4.37401	4.4039	4.43517	4.45797	4.43212	4.33111	4.25768	4.18847	4.10814	4.0293	3.95272	3.87909	3.80812	3.7386	3.6806	3.62566	3.59658	3.55208	3.559	3.62289	3.67513	3.74092	3.80433	3.87966	3.95209	3.95402	3.96622	3.97179	3.98065	3.98834	4.00138	4.00706	4.02635	4.04188	4.06538	4.08585	4.11334	4.13994	4.14536	4.16488	4.18471	4.26948	4.30942	4.34191	4.37031	4.24198	4.03322	3.89501	3.77281	3.76814	3.79607	3.85455	3.9364	3.99987	4.08884	4.18069	4.29224	4.41252	4.49931	4.51311	4.4905	4.42867	4.28855	4.06965	4.10941	4.45155	4.27242	4.30277	4.34434	4.38748	4.40904	4.429	4.45253	4.47025	4.48546	4.47919	4.4722	4.46589	4.45947	4.45419	4.45061	4.44978	4.44932	4.44849	4.44775	4.44745	4.44794	4.44833	4.45018	4.42597	4.39178	4.36121	4.32841	4.30114	4.27082	4.24704	4.21937	4.19715	4.17581	4.15923	4.14934	4.15682	4.15177	4.16376	4.17311	4.18539	4.19515	4.21328	4.23154	4.24967	4.26899	4.29362	4.31505	4.34549	4.35516	4.39386	4.43891	4.48236	4.52767	4.50988	4.46502	4.45685	4.48399	4.5096	4.54616	4.58389	4.54483	4.47945	4.38782	4.2736	4.18074	4.10152	4.02666	3.99695	4.06658	4.2023	4.36936	4.53813	4.5004	4.48067	4.48266	4.49559	4.50844	4.5344	4.5637	4.53974	4.5011	4.46111	4.43449	4.40364	4.38725	4.36433	4.31311	4.32159	4.31866	4.30238	4.36413	4.32898	4.28292	4.2625	4.24	4.25096	4.27583	4.34478	4.41363	4.44455	4.49164	4.50003	4.52371	4.52095	4.52022	4.49499	4.44939	4.39595	4.35173	4.32565	4.29433	4.26875	4.24014	4.2467	4.24759	4.22965	4.18329	4.16014	4.1392	4.11179	4.09286	4.07402	4.0608	4.04665	4.03896	4.02823	4.01697	3.98794	4.00045	3.99725	4.02589	4.05395	4.09121	4.12733	4.1698	4.1948	4.21947	4.23485	4.31193	4.33263	4.34121	4.34843	4.34933	4.35249	4.34943	4.34901	4.34385	4.34064	4.3276	4.29858	4.27789	4.2587	4.24208	4.23024	4.20515	4.16826	4.17316	4.18234	4.19495	4.2056	4.23408	4.16248	4.18067	4.19548	4.21467	4.22535	4.23095	4.23702	4.23262	4.27431	4.28204	4.29944	4.33977	4.36554	4.38193	4.38609	4.33937	4.30435	4.27696	4.22508	4.23264	4.24092	4.27029	4.30692	4.31751	4.30307	4.29623	4.28576	4.28576	4.33297	4.33614	4.33459	4.33292	4.32985	4.32873	4.32451	4.30829	4.27613	4.26166	4.24762	4.23399	4.22437	4.22138	4.19815	4.20888	4.22204	4.2341	4.25194	4.27076	4.28886	4.31122	4.33352	4.37077	4.39667	4.40172	4.3812	4.36029	4.33813	4.31556	4.29595	4.23401	4.21043	4.18542	4.17114	4.15307	4.14985	4.14346	4.15605	4.1692	4.19685	4.2347	4.24928	4.21449	4.15496	4.11059	4.048	3.90197	3.79458
0	20	4.54789	4.74902	4.89472	4.88702	4.8723	4.85342	4.80476	4.79435	4.7769	4.78857	4.81007	4.83068	4.85755	4.88247	4.91044	4.93659	4.96058	4.98487	5.00813	5.04026	5.04742	5.05473	5.05613	5.05638	5.05234	5.03338	5.02135	5.00045	4.97093	4.94795	4.91923	4.88763	4.85326	4.82235	4.79687	4.76307	4.7434	4.72443	4.73916	4.75029	4.8007	4.85979	4.91188	4.95967	4.99913	5.03254	5.06241	5.05756	4.99543	4.93943	4.8405	4.73524	4.59925	4.4742	4.44635	4.44798	4.48476	4.49126	4.53015	4.58414	4.64452	4.66782	4.68817	4.70408	4.72407	4.73779	4.74043	4.70915	4.67957	4.65582	4.63455	4.62055	4.60795	4.60397	4.5935	4.58684	4.56646	4.55245	4.54436	4.54058	4.54227	4.54912	4.56712	4.61565	4.64444	4.6685	4.69147	4.71244	4.7242	4.71481	4.71512	4.71877	4.71849	4.70845	4.68799	4.6826	4.67629	4.67087	4.66663	4.66572	4.6725	4.69787	4.66852	4.59608	4.58908	4.44854	4.33975	4.22784	4.27255	4.32782	4.39652	4.47008	4.44307	4.39212	4.39162	4.40771	4.44248	4.48701	4.55435	4.63901	4.88747	4.90332	4.91735	4.89516	4.70105	4.79631	4.77638	4.57821	4.58045	4.59014	4.60781	4.62841	4.64919	4.6439	4.64785	4.64938	4.6588	4.66704	4.65895	4.61457	4.57202	4.53161	4.496	4.53945	4.52651	4.51883	4.51216	4.51313	4.51781	4.46056	4.40997	4.37772	4.36989	4.45248	4.57177	4.76073	4.77428	4.68058	4.58346	4.49558	4.38987	4.39771	4.42966	4.47568	4.54415	4.61291	4.62611	4.62407	4.62754	4.63292	4.62327	4.63954	4.65916	4.66522	4.67327	4.6789	4.68587	4.69159	4.69707	4.70244	4.70605	4.71053	4.7004	4.69738	4.68687	4.68542	4.67688	4.67767	4.66518	4.66509	4.66843	4.67553	4.68431	4.69669	4.71092	4.72831	4.74772	4.78326	4.79344	4.81912	4.83199	4.84328	4.85364	4.86157	4.86837	4.87206	4.87422	4.85435	4.83302	4.81942	4.79635	4.76703	4.72954	4.66766	4.51946	4.54273	4.6345	4.76829	4.78929	4.77887	4.79085	4.81081	4.83724	4.8629	4.87982	4.91145	4.95014	4.9791	5.00785	5.03571	5.06018	5.08453	5.10389	5.12387	5.10909	5.08158	5.0521	5.01673	4.98116	4.94169	4.90791	4.86886	4.83661	4.74168	4.71392	4.699	4.70098	4.70634	4.71789	4.73391	4.75054	4.74247	4.70414	4.65346	4.62379	4.60054	4.63022	4.63987	4.65557	4.67905	4.71015	4.7143	4.70944	4.70944	4.69931	4.69367	4.66491	4.64114	4.61405	4.58338	4.55228	4.52984	4.49964	4.47336	4.44948	4.45076	4.46326	4.49305	4.52219	4.54767	4.58733	4.57342	4.5508	4.55584	4.55077	4.55817	4.58534	4.63807	4.76767	4.84408	4.78409	4.72522	4.66993	4.61328	4.54904	4.48931	4.42129	4.34292	4.17093	4.04553	3.94872	3.88819	3.8716	3.89885	3.9492	4.09721	4.26391	4.40595	4.49984	4.59319	4.67641	4.68746	4.65488	4.63379	4.60319	4.56894	4.52358	4.49044	4.43222	4.40758	4.38921	4.37542	4.37522	4.38931	4.40408	4.41547	4.42272	4.42615	4.42903	4.43324	4.43869	4.44415	4.45143	4.45865	4.46599	4.47376	4.48307	4.49101	4.49816	4.51154	4.52005	4.52607	4.53043	4.5353	4.52711	4.49668	4.45395	4.42903	4.39622	4.36927	4.33436	4.31347	4.29334	4.27693	4.32702	4.37753	4.42821	4.46013	4.49542	4.52051	4.50179	4.48316	4.46397	4.44642	4.4321	4.41639	4.41358	4.39203	4.36356	4.38355	4.40345	4.47182	4.53082	4.55472	4.56625	4.58109	4.59459	4.57526	4.51467	4.52871	4.48272	4.40714	4.33099	4.26088	4.20937	4.30442	4.41699	4.53514	4.59278	4.70726	4.8113	4.92141	5.02505	5.12567	5.10949	4.96059	4.88386	4.81005	4.74852	4.64495	4.61999	4.64199	4.68992	4.74797	4.79976	4.8404	4.85448	4.86492	4.8813	4.89471	4.90584	4.90632	4.91502	4.92493	4.94227	4.96201	4.98568	5.01379	5.04515	5.08157	5.12016	5.16402	5.20934	5.23396	5.22096	5.20021	5.18236	5.16061	5.13887	5.11676	5.09981	5.08088	5.06086	5.05075	5.0465	5.05018	5.07917	5.09809	5.13185	5.18373	5.23112	5.27989	5.33967	5.40338	5.47554	5.57177	5.64112	5.53084	5.4081	5.41253	5.63512	5.80932	5.89055	5.95322	6.00421	6.09637	6.19948	6.29916	6.38318	6.47325	6.50879	6.48957	6.49859	6.5206	6.55344	6.65235	6.7674	6.88071	7.08066	7.30046	7.54302	7.81153	8.09147	8.40101	8.70192	9.03094	9.38383	9.70071	9.96204	10.2573	10.6698	11.147	11.7468	12.5093	13.2314	13.9625	14.6932	15.4899	16.4899	17.7745	19.2206	21.0528	23.3621	25.976	28.9824	33.1024	40.3555	46.606	53.0375	61.564	73.4447	95.594	118.854	148.775	181.497	211.46	232.07	233.251	206.31	184.025	147.566	114.379	97.2821	76.3843	61.0735	51.5371	42.6254	38.5686	33.1337	28.1135	26.7192	24.2523	21.4397	20.633	19.1961	17.2717	16.1412	14.8312	13.7405	12.8766	11.9761	11.2592	10.6726	10.155	9.70021	9.30071	8.92244	8.62841	8.36305	8.11134	7.89248	7.68629	7.50442	7.34086	7.17297	7.05073	6.94759	6.8563	6.78298	6.72262	6.6784	6.65292	6.6683	6.62797	6.4988	6.36987	6.23529	6.10012	5.96643	5.81953	5.66786	5.48635	5.35116	5.25855	5.20219	5.18594	5.18233	5.17644	5.16752	5.15191	5.12579	5.12407	5.14581	5.14997	5.15189	5.13722	5.1567	5.19176	5.21511	5.18871	5.16612	5.1385	5.11295	5.05799	4.9756	4.92312	4.86151	4.83927	4.81263	4.79514	4.78799	4.78354	4.76693	4.76994	4.77285	4.7757	4.77649	4.77651	4.76542	4.74025	4.71713	4.69147	4.66755	4.64283	4.6195	4.59526	4.57222	4.54976	4.52699	4.50448	4.48358	4.46395	4.4466	4.42775	4.41267	4.40767	4.401	4.40427	4.43145	4.43623	4.44386	4.44952	4.45594	4.46188	4.46191	4.4425	4.41882	4.39911	4.37682	4.36434	4.3486	4.33955	4.3276	4.3222	4.31712	4.3156	4.31834	4.32007	4.30148	4.25276	4.20731	4.16011	4.11601	4.05966	3.99688	4.00132	4.02708	4.05101	4.07966	4.06555	4.0874	4.11251	4.13289	4.17683	4.23572	4.30687	4.33693	4.3727	4.40198	4.43592	4.45194	4.48014	4.47026	4.4208	4.37561	4.32192	4.26296	4.20385	4.15059	4.09982	4.06493	4.05741	4.09264	4.10291	4.13073	4.16256	4.15767	4.15133	4.13676	4.12783	4.08722	4.06482	4.04709	4.0327	4.01702	4.03451	4.06033	4.10322	4.14666	4.18322	4.20852	4.22305	4.239	4.29632	4.31783	4.32485	4.28523	4.25979	4.23059	4.20557	4.1801	4.15569	4.13554	4.12417	4.09103	4.07691	4.093	4.11434	4.14877	4.17155	4.18106	4.16003	4.09072	4.02209	3.95273	3.89203	3.82424	3.82101	3.83194	3.96531	4.09426	4.15125	4.20675	4.26061	4.2859	4.27146	4.2325	4.20211	4.17623	4.15178	4.15505	4.15467	4.16011	4.16801	4.18249	4.20259	4.23009	4.25992	4.29284	4.27374	4.24933	4.21534	4.18726	4.14071	4.11628	4.09968	4.05079	4.0109	3.97135	3.939	3.90704	3.89491	3.93791	3.99434	4.05146	4.08425	4.08395	4.09377	4.15278	4.17991	4.21051	4.24699	4.27906	4.31478	4.35438	4.38399	4.41872	4.45192	4.47374	4.49624	4.49213	4.49316	4.49614	4.49373	4.48423	4.45041	4.42087	4.39279	4.40446	4.41827	4.3959	4.3718	4.34696	4.31975	4.2959	4.26996	4.24878	4.22843	4.21508	4.2024	4.23036	4.24741	4.2713	4.29696	4.31752	4.35873	4.36224	4.36888	4.38093	4.39627	4.41459	4.43611	4.44956	4.46779	4.48562	4.50883	4.48897	4.44058	4.38819	4.32738	4.26808	4.18436	4.25428	4.19716	4.20589	4.21907	4.24331	4.26654	4.27163	4.30996	4.34788	4.39752	4.44247	4.48713	4.5283	4.57921	4.58982	4.59991	4.60076	4.582	4.54228	4.49973	4.45679	4.41006	4.37267	4.32431	4.31951	4.31234	4.34858	4.37569	4.37944	4.4041	4.41113	4.42043	4.42841	4.41707	4.40797	4.39961	4.39318	4.39196	4.4164	4.41968	4.39675	4.34951	4.33791	4.32732	4.31962	4.31199	4.32017	4.31989	4.32753	4.33825	4.34825	4.3641	4.41112	4.42087	4.42823	4.43872	4.4459	4.44632	4.45209	4.45662	4.49662	4.51548	4.50921	4.50211	4.4923	4.48102	4.46809	4.44249	4.40743	4.36807	4.34182	4.3175	4.27109	4.24322	4.16465	4.15587	4.21589	4.23376	4.24015	4.24291	4.24883	4.25212	4.26266	4.26207	4.28011	4.28629	4.3029	4.32152	4.33773	4.3555	4.37154	4.38997	4.40541	4.42375	4.43489	4.41907	4.40257	4.38794	4.35798	4.33915	4.32353	4.31074	4.29714	4.2884	4.25911	4.25934	4.25636	4.2631	4.26937	4.27839	4.28734	4.30101	4.30078	4.27399	4.2495	4.22453	4.19975	4.177	4.15878	4.13033	4.13633	4.18339	4.21775	4.25182	4.28447	4.3241	4.35554	4.3877	4.41792	4.43361	4.437	4.43636	4.40974	4.39209	4.38215	4.35939	4.33707	4.31426	4.29083	4.26705	4.24336	4.22016	4.19767	4.17649	4.15661	4.13873	4.12318	4.10865	4.09977	4.09212	4.09365	4.07703	4.06335	4.04712	4.11704	4.15201	4.18761	4.22789	4.26243	4.30648	4.3471	4.38429	4.40284	4.38282	4.38293	4.37659	4.32762	4.2845	4.25361	4.23226	4.19193	4.23723	4.34158	4.4194	4.52462	4.62307	4.61936	4.60394	4.59605	4.59099	4.58052	4.57294	4.56149	4.54921	4.53267	4.51337	4.50342	4.47518	4.44611	4.40396	4.36329	4.24407	4.11598	4.01625	3.91037	3.81646	3.70481	4.42542	4.39424	4.23916	4.02913	3.9909	4.07274	4.16428	4.0963	4.13597	4.15587	4.26857	4.32029	4.2501	3.9235	3.61185
20	-20	4.70801	4.97537	5.25063	5.27105	5.28296	5.28748	5.28559	5.27092	5.25522	5.15464	5.24668	5.12324	5.13115	5.1057	5.15214	5.14553	5.10774	4.87346	4.92576	4.98015	4.95126	4.94904	4.9778	4.70023	4.71342	4.71022	4.70419	4.73085	4.79846	4.86254	4.92609	4.97195	5.0417	5.14416	5.17494	5.16531	5.15941	5.14926	5.14258	5.13267	5.12522	5.11156	5.07532	5.04039	5.00401	4.9789	4.95269	4.90788	4.86591	4.82186	4.83113	4.83385	4.90596	4.91132	4.87495	4.8196	4.74026	4.71796	4.70475	4.69656	4.69814	4.71079	4.72414	4.68972	4.6841	4.68825	4.6939	4.72423	4.74317	4.7836	4.83251	4.88008	4.90785	4.92531	4.94197	4.96007	4.97821	4.99537	5.00299	5.00156	5.0006	4.99511	4.99379	4.9933	4.95516	4.89873	4.84058	4.78983	4.75633	4.71526	4.69688	4.6775	4.65409	4.65048	4.63795	4.63313	4.62068	4.58687	4.52888	4.50104	4.50688	4.49825	4.49476	4.47355	4.49215	4.51155	4.51744	4.51507	4.52722	4.53231	4.53804	4.54169	4.55141	4.55724	4.56561	4.57368	4.58077	4.59062	4.60443	4.6106	4.6119	4.62181	4.62187	4.62289	4.62387	4.62822	4.63047	4.6355	4.63706	4.63913	4.62918	4.60863	4.59778	4.58796	4.57892	4.58762	4.63154	4.64003	4.73077	4.79654	4.85655	4.87783	4.89681	4.91342	4.90923	4.90686	4.9063	4.91338	4.89234	4.8637	4.83448	4.81728	4.7873	4.74694	4.706	4.66353	4.52911	4.42939	4.35106	4.32107	4.27064	4.28287	4.35549	4.48812	4.6117	4.79691	4.78498	4.74826	4.71669	4.68278	4.64367	4.60456	4.56739	4.53231	4.4983	4.46768	4.44458	4.42705	4.43761	4.44983	4.46741	4.48062	4.52223	4.56582	4.60855	4.64761	4.65147	4.65707	4.60606	4.61653	4.65961	4.70731	4.7584	4.81508	4.80741	4.77572	4.74263	4.72372	4.70771	4.69871	4.72195	4.7403	4.7776	4.79644	4.74831	4.41617	4.08145	4.02745	4.05752	4.73065	4.7956	4.74943	4.70763	4.66184	4.62358	4.58893	4.55737	4.5201	4.50111	4.47637	4.47991	4.50633	4.53559	4.56306	4.60324	4.6383	4.68013	4.71921	4.76231	4.80306	4.84632	4.89154	4.93372	4.98074	5.01163	5.00384	5.0066	4.97657	4.94626	4.91566	4.88154	4.81904	4.76501	4.70799	4.62424	4.5494	4.52093	4.50053	4.48302	4.50679	4.56016	4.58547	4.60514	4.61773	4.62922	4.64224	4.65626	4.67048	4.68607	4.70069	4.71706	4.73228	4.74933	4.76373	4.77951	4.77479	4.7741	4.76763	4.76639	4.75731	4.7536	4.75654	4.75691	4.7518	4.75463	4.74933	4.74309	4.73496	4.72404	4.71169	4.69621	4.67621	4.6538	4.63924	4.61199	4.58986	4.54429	4.52175	4.5001	4.47751	4.4572	4.43618	4.41862	4.3996	4.38423	4.36853	4.36825	4.35745	4.34751	4.33845	4.33045	4.32513	4.3268	4.33434	4.31943	4.32864	4.32081	4.32866	4.3358	4.34597	4.35561	4.36683	4.37621	4.38515	4.39369	4.40071	4.40986	4.41739	4.4248	4.43019	4.43622	4.44269	4.44602	4.45174	4.43314	4.41058	4.36692	4.3528	4.34601	4.33537	4.32802	4.32215	4.31879	4.31903	4.31999	4.35084	4.36493	4.37681	4.37838	4.37102	4.35945	4.34321	4.33261	4.3219	4.31254	4.30246	4.29398	4.28547	4.2796	4.27347	4.27108	4.26908	4.26691	4.27516	4.28072	4.28326	4.30232	4.3268	4.35303	4.38682	4.45576	4.4945	4.53086	4.56376	4.60034	4.6473	4.66841	4.68972	4.70951	4.72478	4.70504	4.70193	4.7047	4.67651	4.69109	4.70578	4.72306	4.73686	4.75588	4.77245	4.78803	4.81532	4.82718	4.83704	4.82244	4.8092	4.79305	4.78028	4.76503	4.75409	4.7416	4.70759	4.67579	4.67525	4.66588	4.65942	4.65835	4.66344	4.66737	4.67738	4.68703	4.70112	4.71578	4.72261	4.7279	4.73388	4.732	4.73091	4.73214	4.73327	4.73752	4.74654	4.7551	4.76284	4.78166	4.79429	4.81	4.80725	4.81198	4.80766	4.7928	4.81999	4.85778	4.92106	4.97165	5.00289	5.02221	5.03997	5.05665	5.07214	5.07202	4.88142	4.95068	4.94423	4.95093	4.96272	5.0014	5.04794	5.1162	5.24059	5.27233	5.31369	5.36132	5.4169	5.48156	5.56193	5.61468	5.66916	5.72857	5.76267	5.81451	5.87427	5.92727	5.99356	6.06924	6.13369	6.22167	6.31962	6.40604	6.50892	6.62107	6.7451	6.87966	7.02219	7.1515	7.28906	7.43378	7.58649	7.7242	7.86633	8.01279	8.16672	8.33339	8.53378	8.84541	9.07312	9.37708	9.66906	9.99297	10.3849	10.8056	11.2751	11.8137	12.4093	13.0833	13.9558	15.0234	16.3199	17.6747	19.1624	20.8572	22.817	24.8036	27.7459	31.0111	35.0595	42.1513	48.3992	54.2772	67.9232	78.7638	102.906	129.195	156.954	191.327	221.381	254.618	253.994	235.43	197.544	161.357	131.748	107.296	84.8964	71.5466	59.8788	50.191	35.9026	35.5926	30.9489	27.4755	25.0196	23.0219	20.967	19.3127	17.7495	16.3814	15.1727	14.1697	13.1637	12.3702	11.6706	11.0881	10.5174	10.0481	9.70502	9.41096	9.17049	8.95922	8.75333	8.59595	8.43219	8.25821	8.08815	7.88889	7.67032	7.44079	7.23585	7.0499	6.89357	6.75255	6.59525	6.43067	6.31793	6.26893	6.28254	6.36639	6.32683	6.28911	6.22545	6.16096	6.09781	5.86396	5.78034	5.91531	5.86903	5.8274	5.70271	5.57382	5.45048	5.33674	5.23598	5.14286	5.06697	4.98618	4.93601	4.88262	4.84414	4.7995	4.80882	4.76843	4.72742	4.69098	4.69629	4.69692	4.73736	4.79099	4.85915	4.89488	4.9013	4.88738	4.88198	4.88444	4.88992	4.90549	4.92172	4.89885	4.8398	4.77586	4.71085	4.63504	4.58823	4.53891	4.50467	4.46975	4.46462	4.45954	4.45749	4.45393	4.45306	4.45073	4.45098	4.44958	4.45067	4.44998	4.45276	4.42709	4.38865	4.34122	4.31764	4.28781	4.30503	4.36445	4.41131	4.45579	4.45403	4.44127	4.43001	4.41574	4.40068	4.38482	4.36745	4.35066	4.33213	4.31621	4.29831	4.2832	4.25613	4.22093	4.23435	4.23381	4.22379	4.21945	4.21286	4.21947	4.23179	4.25058	4.28977	4.3242	4.36082	4.39877	4.35692	4.30595	4.27687	4.25014	4.23101	4.25163	4.27013	4.29395	4.32114	4.34851	4.37542	4.40437	4.42425	4.43352	4.40527	4.37983	4.34594	4.29708	4.22897	4.24468	4.24422	4.25839	4.29532	4.32256	4.33273	4.32889	4.3247	4.3187	4.31177	4.22982	4.16483	4.11054	4.07019	4.03726	4.01411	3.99563	3.97103	3.95862	3.96923	3.97927	4.01523	4.11672	4.15413	4.19928	4.23594	4.27537	4.31051	4.30161	4.29034	4.285	4.27764	4.27509	4.2303	4.17919	4.12201	4.07001	4.03224	4.08429	4.11705	4.15695	4.20461	4.25538	4.29465	4.30234	4.30276	4.30464	4.30509	4.30854	4.29096	4.26192	4.23048	4.19878	4.16856	4.13687	4.10807	4.05726	4.06188	4.06842	4.08233	4.08558	4.08492	4.09153	4.08725	4.09689	4.08427	4.07089	4.05487	4.0444	4.02724	4.00237	3.97994	3.97261	3.94022	3.9426	3.94607	3.98908	4.01336	4.0449	4.07572	4.10584	4.14602	4.194	4.21961	4.23012	4.24266	4.22469	4.22178	4.21927	4.22465	4.21657	4.21158	4.20543	4.19858	4.19403	4.18677	4.17157	4.16777	4.17089	4.17017	4.18092	4.19019	4.19858	4.21024	4.21134	4.20995	4.20502	4.23114	4.25599	4.28694	4.31345	4.35051	4.38236	4.40943	4.43817	4.47047	4.49324	4.52065	4.5428	4.56404	4.56186	4.56158	4.51164	4.49722	4.4799	4.4587	4.44164	4.42818	4.41627	4.40457	4.38855	4.37928	4.36438	4.37149	4.36557	4.36003	4.35326	4.3449	4.34149	4.33184	4.33098	4.31727	4.30921	4.31202	4.33343	4.33705	4.34039	4.34709	4.35159	4.3587	4.37957	4.37261	4.37397	4.36359	4.35254	4.33642	4.32188	4.30254	4.27934	4.26038	4.21162	4.18588	4.16332	4.14288	4.12059	4.15585	4.15341	4.16472	4.1879	4.20639	4.22318	4.23806	4.25144	4.26491	4.27538	4.2943	4.28442	4.26531	4.24967	4.18826	4.1479	4.10812	4.06834	4.03248	4.00377	3.98966	3.97472	4.01783	4.05099	4.09985	4.14932	4.21196	4.27738	4.34789	4.41546	4.46587	4.48359	4.50695	4.51065	4.4407	4.24515	3.9644	3.86553	3.80258	3.76768	3.76491	3.81953	3.95818	4.11124	4.31881	4.33412	4.31972	4.30884	4.32561	4.33904	4.35346	4.31122	4.26823	4.22947	4.18903	4.15196	4.12253	4.1201	4.13176	4.18973	4.21616	4.23721	4.2595	4.29224	4.32679	4.35904	4.3797	4.39639	4.41036	4.42437	4.45612	4.45026	4.42027	4.39814	4.38216	4.37136	4.37006	4.38051	4.39966	4.40805	4.41355	4.39707	4.4057	4.39035	4.37288	4.35639	4.33659	4.31788	4.29611	4.27778	4.25629	4.23979	4.21674	4.19144	4.18655	4.18486	4.18508	4.23199	4.25172	4.26611	4.28689	4.30187	4.32153	4.33938	4.35199	4.3544	4.35692	4.36242	4.36755	4.37214	4.35421	4.33209	4.31321	4.29647	4.20563	4.14839	4.11376	4.09757	4.104	4.11782	4.12279	4.13739	4.16671	4.24947	4.31204	4.36649	4.41774	4.477	4.53832	4.59008	4.63423	4.66784	4.5046	4.27457	4.0731	3.93765	3.92306	4.11845	4.13057	4.14464	4.12454	4.16441	4.15769	4.17456	4.20673	4.24989	4.29038	4.31784	4.34268	4.36668	4.41698	4.44748	4.54622	4.52781	4.49316	4.32867	4.12248	4.03352	4.06968	4.03166	4.21311	4.37212	4.46745	4.53194	4.56262	4.53743	4.56473	4.57548	4.60224	4.61302	4.59242	4.57648	4.55735	4.54266	4.52501	4.51138	4.49725	4.48196	4.46778	4.42692	4.38224	4.33441	4.28592	4.234	4.19249	4.14752	4.11783	4.0858	4.25548
20	0	5.30502	5.34355	5.37395	5.38098	5.41388	5.43594	5.4584	5.48557	5.4025	5.33329	5.25634	5.14024	5.00688	4.91916	4.86649	4.84169	4.82083	4.825	4.86312	4.89035	4.93737	5.00997	5.10927	5.16256	5.24848	5.25805	5.23035	5.21403	5.18831	5.15999	5.12259	5.1083	5.10101	5.10027	5.04746	4.94777	4.90071	4.85028	4.82271	4.79699	4.78297	4.79029	4.78099	4.7853	4.83559	4.89648	4.88119	4.87754	4.8884	4.86558	4.8591	4.87753	4.89446	4.8897	4.85997	4.85956	4.86556	4.84464	4.83103	4.83977	4.87206	4.93545	4.99461	5.07587	5.08616	5.05437	5.0709	5.10442	5.14248	5.18358	5.18657	5.13178	5.07494	5.02869	4.97238	4.92958	4.89348	4.86426	4.84071	4.8476	5.09206	5.08316	5.0524	4.99752	4.95237	4.97763	5.03043	5.10579	5.1411	5.1659	5.172	5.18166	5.14796	5.0787	4.98728	4.91876	4.84687	4.79149	4.71565	4.69026	4.61279	4.62117	4.65487	4.77228	4.89501	5.01542	5.10031	5.12831	5.1389	5.15758	5.0983	4.97783	4.81713	4.64977	4.5418	4.52983	4.61073	4.59911	4.58443	4.60073	4.61105	4.6445	4.7017	4.7904	4.83674	4.87077	4.91573	4.88676	4.86666	4.85244	4.83827	4.86525	4.82354	4.7217	4.65022	4.57176	4.51689	4.46587	4.44225	4.44016	4.4467	4.47193	4.49547	4.55443	4.61893	4.64487	4.65531	4.67915	4.64512	4.64007	4.67108	4.70204	4.77089	4.83496	4.94227	5.00414	5.01412	5.01743	5.03935	5.0578	5.02859	4.96013	4.88181	4.73399	4.64946	4.5795	4.55354	4.55242	4.59387	4.85008	4.89187	4.91793	4.9675	4.99011	4.98733	4.86742	4.77924	4.72659	4.69552	4.71668	4.72049	4.72748	4.77235	4.98252	5.01058	4.93076	4.86644	4.81182	4.84427	4.83085	4.87774	4.89285	4.87765	4.86762	4.87667	4.91596	4.89379	4.84845	4.77942	4.73225	4.7071	4.68371	4.67866	4.6579	4.66057	4.69763	4.72038	4.79452	4.79328	4.70618	4.54428	4.61111	4.70496	4.87677	4.9286	4.95322	4.98104	5.00147	5.01531	4.98029	4.77897	4.6837	4.66054	4.72036	4.68814	4.83805	4.93408	4.95346	4.92444	4.89508	4.86277	4.84372	4.82663	4.77611	4.74411	4.72205	4.70386	4.71055	4.7074	4.6748	4.66922	4.71766	4.7453	4.79809	4.83316	4.90453	4.93653	4.97541	4.9997	5.02543	5.03759	5.04046	5.02334	5.03062	4.98839	4.95298	4.87057	4.82254	4.78354	4.73948	4.72138	4.68443	4.48719	4.41737	4.37593	4.37407	4.3304	4.36816	4.42056	4.5489	4.63709	4.7045	4.76761	4.78202	4.73269	4.68584	4.6666	4.6512	4.65377	4.63656	4.62012	4.59999	4.59368	4.57714	4.58035	4.60901	4.59361	4.60339	4.63793	4.67758	4.72296	4.73678	4.73849	4.76139	4.82114	4.88257	4.92058	4.89006	4.8644	4.83309	4.78333	4.71362	4.64721	4.60307	4.61244	4.57779	4.55774	4.50932	4.45905	4.42407	4.39375	4.34235	4.30316	4.29827	4.2415	4.25749	4.30493	4.36613	4.43132	4.50444	4.54421	4.50894	4.53654	4.54894	4.57198	4.61812	4.61688	4.53789	4.53912	4.53673	4.53442	4.51366	4.55051	4.52323	4.49075	4.35797	4.26462	4.22877	4.22001	4.24721	4.24292	4.22019	4.19671	4.15852	4.1978	4.26977	4.2451	4.33095	4.32089	4.38187	4.46807	4.47034	4.43285	4.3599	4.31881	4.35664	4.41887	4.53652	4.61406	4.67322	4.70264	4.68811	4.66001	4.68461	4.73576	4.74162	4.66583	4.62745	4.59557	4.54688	4.51616	4.50274	4.50933	4.45626	4.41628	4.40413	4.40036	4.42009	4.47158	4.53514	4.60723	4.68215	4.76818	4.80424	4.80155	4.7667	4.70055	4.6747	4.6121	4.52881	4.45288	4.45604	4.46472	4.44294	4.4356	4.45124	4.48179	4.47234	4.5363	4.62914	4.70961	4.81403	4.84846	4.83768	4.87537	4.91209	4.90371	4.88289	4.86195	4.88084	4.89274	4.90973	4.92621	4.93592	4.92716	4.95316	4.949	4.91167	4.9022	4.88545	4.87725	4.86043	4.8725	4.92843	4.97158	4.9635	5.03304	5.10785	5.08334	5.06708	5.04	4.98077	4.63564	4.60194	4.59932	4.80954	5.01703	5.21759	5.42659	5.58306	5.75008	5.87636	5.90001	5.72591	5.51043	5.41336	5.30035	5.34761	5.48204	5.621	5.75334	5.69758	5.68502	5.73915	5.85743	6.00198	6.24883	6.06613	6.04825	5.95595	6.28465	6.68588	7.07212	7.36045	7.51777	7.61811	7.69692	7.78588	7.85556	7.90012	7.96558	8.11958	8.30676	8.64299	8.92869	9.26657	9.59056	9.92	10.2155	10.5855	11.0831	11.6054	12.2849	12.9684	13.9791	14.7912	15.9179	17.0709	18.0443	19.2858	20.5571	22.5175	24.8514	27.7939	32.3734	37.1332	42.6666	48.7393	54.8479	65.2251	79.053	105.084	122.272	159.281	189.296	221.649	241.073	244.926	229.207	187.927	153.952	122.725	98.3188	78.2209	66.8864	56.2405	48.0012	39.5902	34.404	30.5367	24.9712	23.6072	21.6314	20.3289	18.8467	17.4809	16.0357	14.3065	13.8364	12.9062	12.1285	11.492	10.9927	10.6473	10.3492	10.0787	9.71612	9.38202	9.05064	8.70894	8.4616	8.20275	8.01954	7.88187	7.78134	7.71134	7.4749	7.17427	6.97463	6.78041	6.64539	6.50476	6.44608	6.4429	6.56108	6.49588	6.38511	6.27805	6.0385	5.96411	5.92597	5.87125	5.83677	5.71668	5.63366	5.57298	5.43306	5.26272	5.18409	5.1388	5.10173	5.01271	4.91393	4.84815	4.81947	4.83342	4.81243	4.78028	4.79828	4.81061	4.84654	4.88834	4.91856	4.95467	4.85801	4.83042	4.80477	4.8247	4.84848	4.86659	4.8698	4.89225	4.95891	5.02451	5.06921	5.12923	5.11579	5.04836	4.98301	4.9314	4.86911	4.761	4.70636	4.68852	4.67832	4.70255	4.74168	4.74617	4.71256	4.66352	4.6367	4.64245	4.61961	4.59226	4.55383	4.45806	4.39206	4.34864	4.35908	4.35767	4.35089	4.35404	4.34267	4.37442	4.4221	4.39795	4.39929	4.45822	4.5293	4.59169	4.60438	4.58732	4.58421	4.54529	4.50191	4.47045	4.44022	4.39675	4.38834	4.34346	4.32824	4.33641	4.3345	4.34506	4.32774	4.31404	4.29396	4.30478	4.27513	4.23059	4.2161	4.18196	4.13793	4.12251	4.16301	4.19035	4.21327	4.25452	4.30301	4.3047	4.30636	4.31319	4.34128	4.34368	4.32431	4.30837	4.20476	4.19154	4.22178	4.22869	4.26789	4.31155	4.36331	4.43393	4.40378	4.36984	4.32412	4.28693	4.26934	4.25928	4.28878	4.19428	4.0311	3.9251	3.86715	3.80573	3.715	3.68808	3.72768	3.91806	4.15918	4.2008	4.16835	4.08249	4.03625	3.99295	3.93564	3.88898	3.84843	3.81543	3.78188	3.73818	3.72217	3.75396	3.82994	3.87782	3.90481	3.9524	4.01955	4.10759	4.14152	4.25417	4.35241	4.33212	4.30985	4.24971	4.17636	4.08895	3.98544	3.96279	3.98919	4.05549	4.15859	4.18566	4.1659	4.14243	4.12854	4.16177	4.14831	4.17899	4.17652	4.27793	4.37829	4.41273	4.44237	4.46918	4.48781	4.4709	4.42313	4.36494	4.30367	4.22236	4.1598	4.19864	4.17895	4.28711	4.28196	4.28768	4.27244	4.30491	4.31308	4.28619	4.29364	4.31903	4.35651	4.39876	4.40745	4.37236	4.32893	4.2956	4.257	4.23356	4.24553	4.24089	4.22705	4.13092	4.0442	3.88173	3.57056	3.55291	3.68402	4.02337	4.40709	4.43793	4.46043	4.4736	4.37866	4.34477	4.35801	4.38242	4.38666	4.38215	4.3792	4.40114	4.4173	4.43272	4.44611	4.4395	4.44675	4.44768	4.45792	4.49122	4.54523	4.55246	4.50141	4.44834	4.3752	4.29224	4.15265	4.11037	4.02849	3.97592	3.96012	4.01749	4.03689	4.07926	4.1246	4.12513	4.19445	4.22188	4.18328	4.22616	4.26738	4.326	4.35823	4.38256	4.39218	4.39784	4.40273	4.44748	4.39428	4.36426	4.32439	4.26112	4.1692	4.05581	3.98536	3.94841	4.00412	4.06489	4.2095	4.31104	4.3475	4.3285	4.29292	4.25916	4.32623	4.3022	4.27833	4.24728	4.23192	4.20725	4.17195	4.18796	4.15698	4.23654	4.31324	4.37315	4.46013	4.53939	4.53995	4.52243	4.53116	4.52458	4.52731	4.4644	4.46661	4.4136	4.35404	4.32185	4.29158	4.35887	4.40363	4.46315	4.52696	4.6146	4.64186	4.63655	4.66716	4.67615	4.66894	4.63112	4.60086	4.54852	4.45803	4.41178	4.37721	4.3694	4.33986	4.32606	4.32319	4.3263	4.35847	4.35751	4.34128	4.35672	4.38021	4.39818	4.43767	4.42145	4.38341	4.30714	4.28633	4.28823	4.29237	4.30793	4.31821	4.365	4.41234	4.51458	4.58907	4.68822	4.73247	4.7659	4.79004	4.79983	4.77238	4.75021	4.60878	4.44302	4.35343	4.21744	4.10692	4.03107	4.03986	4.0365	4.06741	4.10554	4.12999	4.138	4.16603	4.18883	4.21198	4.28411	4.31076	4.35262	4.39244	4.43831	4.48412	4.51291	4.48703	4.4645	4.44879	4.42669	4.34715	4.25239	4.16435	4.04833	4.01541	4.00379	4.06713	4.11656	4.15812	4.155	4.17495	4.23242	4.27309	4.30304	4.32244	4.34269	4.34775	4.32462	4.32046	4.3388	4.34205	4.36489	4.34891	4.28673	4.23949	4.215	4.20997	4.22041	4.25157	4.29671	4.3241	4.38028	4.44915	4.44905	4.45923	4.46585	4.50889	4.51182	4.53296	4.43411	4.30405	4.22718	4.22506	4.27595	4.28975	4.31886	4.33215	4.34548	4.32312	4.26677	4.25978	4.23586	4.27361	4.29727	4.32635	4.34425	4.37643	4.3961	4.41798	4.45541	4.50057	4.55225	4.58784	4.5853	4.55962	4.51221	4.42902	4.3268	4.2013	4.13834	4.02628	3.98899	3.95639	3.98587	4.00377	4.10402	4.27475	4.40681	4.47755	4.4717	4.39338	4.32722	4.26871	4.21959	4.21908	4.17147	4.16906	4.05251	3.95374	4.36274
20	20	5.2496	5.74531	6.01919	6.0391	5.75942	5.66973	5.65643	5.74482	5.54232	5.15927	4.79308	4.71171	4.65495	4.6391	4.79666	4.87716	4.90538	4.95847	5.03669	5.09476	5.16914	5.23073	5.2731	5.28514	5.27658	5.27207	5.22598	5.14221	5.07654	5.02005	4.99432	4.9989	4.96761	4.95469	4.94371	4.93575	4.90186	4.86438	4.82904	4.79677	4.82824	4.816	4.8028	4.80323	4.7977	4.82403	4.8087	4.80017	4.79198	4.79534	4.78107	4.75716	4.74528	4.74011	4.7329	4.71465	4.69249	4.67133	4.6488	4.63115	4.64282	4.6396	4.62917	4.65361	4.68673	4.72729	4.76738	4.81945	4.86838	4.89324	4.878	4.869	4.90743	4.87803	4.75809	4.65537	4.62517	4.58449	4.60734	4.59844	4.67107	4.8043	4.92158	5.01564	5.02251	5.01088	4.91179	4.92764	4.97145	5.03133	5.09498	5.07235	5.06435	4.95545	4.86515	4.79014	4.73367	4.73365	4.69529	4.74028	4.78501	4.88072	4.91325	4.93342	4.9688	5.08762	5.09426	5.07252	5.0481	5.01718	4.92366	4.80736	4.71701	4.61914	4.507	4.4535	4.38633	4.31354	4.27969	4.23734	4.23839	4.28079	4.32014	4.36588	4.43977	4.49906	4.53717	4.59023	4.64735	4.69532	4.70666	4.75118	4.77798	4.77918	4.79093	4.79198	4.75202	4.73281	4.7143	4.69767	4.68607	4.69019	4.66538	4.65326	4.68266	4.71945	4.77137	4.79787	4.81966	4.84738	4.90673	4.9162	4.86885	4.81988	4.75302	4.75451	4.7371	4.74994	4.78072	4.78594	4.7809	4.83515	4.7258	4.58365	4.47558	4.46877	4.47765	4.48935	4.52633	4.57987	4.60196	4.61632	4.61357	4.62563	4.62878	4.6055	4.60568	4.60561	4.58695	4.59295	4.58444	4.58075	4.5702	4.60325	4.63704	4.65553	4.64	4.61081	4.58521	4.58683	4.56714	4.51017	4.46199	4.4347	4.3939	4.33454	4.33447	4.35539	4.39562	4.44422	4.5048	4.58188	4.68826	4.8197	4.95331	5.06408	5.13171	5.20125	5.27004	5.34444	5.41826	5.38704	5.28043	5.19955	5.1582	5.181	5.2341	5.38274	5.3342	5.25332	5.16956	5.08346	5.07818	5.07065	5.10358	5.04768	4.98544	4.91594	4.86958	4.84386	4.81919	4.76808	4.78193	4.83294	4.88895	4.91015	4.91585	4.93641	4.94656	4.92476	4.95974	4.97709	4.98878	4.99707	4.97024	4.95182	4.92552	4.88641	4.85403	4.82707	4.77424	4.74327	4.72442	4.71112	4.68575	4.6401	4.57631	4.51322	4.52413	4.48808	4.51494	4.63708	4.65401	4.62558	4.64268	4.64577	4.62695	4.59938	4.58764	4.55934	4.52766	4.4801	4.45325	4.43134	4.41802	4.41905	4.41446	4.45753	4.49465	4.51327	4.52389	4.50379	4.47893	4.45914	4.44245	4.4278	4.40819	4.40352	4.42153	4.40963	4.39815	4.40892	4.46678	4.50482	4.52614	4.53186	4.50564	4.5079	4.44279	4.32745	4.21051	4.09286	4.04078	4.13527	4.08992	4.04738	4.01459	3.99239	3.97674	3.95956	3.97586	4.00518	4.00074	3.98153	3.96872	3.97127	3.99097	4.02031	4.03785	4.05919	4.04682	4.03721	4.07973	4.11951	4.13602	4.14371	4.17571	4.19097	4.20952	4.24348	4.28861	4.32451	4.35435	4.36804	4.38781	4.36815	4.3272	4.2999	4.28147	4.2828	4.28541	4.28519	4.27839	4.23946	4.24503	4.25322	4.25765	4.26045	4.28514	4.37368	4.4743	4.55301	4.63878	4.71518	4.72202	4.76962	4.77143	4.7668	4.65911	4.43442	4.3542	4.33687	4.32299	4.24622	4.1637	4.12647	4.15037	4.28322	4.28974	4.29782	4.28857	4.29939	4.3791	4.48278	4.5748	4.66106	4.72227	4.74457	4.72651	4.68075	4.64685	4.58271	4.5268	4.49532	4.51675	4.52807	4.57909	4.60573	4.56795	4.57615	4.59066	4.60994	4.64324	4.65928	4.67834	4.69593	4.72856	4.68773	4.66394	4.62607	4.61069	4.58008	4.55699	4.56148	4.58123	4.61239	4.66969	4.6978	4.7479	4.7959	4.84081	4.82039	4.81156	4.76645	4.72809	4.69295	4.80943	4.81439	4.83724	4.85364	4.86324	4.88489	4.92646	4.94076	4.96043	4.9789	5.00411	4.99194	4.99577	4.96254	4.92482	4.8944	4.85649	4.84162	4.8345	4.82527	4.84456	4.86203	4.90641	4.96104	5.04491	5.14049	5.23752	5.31284	5.35898	5.3593	5.40624	5.44663	5.45908	5.50746	5.56436	5.57265	5.54906	5.5534	5.60016	5.66544	5.75082	5.8172	5.90018	6.01558	6.13654	6.23135	6.30374	6.36071	6.45473	6.63485	6.79175	6.92054	7.04042	7.19854	7.40375	7.66405	7.97483	8.33641	8.7201	9.11317	9.41855	9.69713	9.92619	10.2174	10.5935	11.0333	11.496	12.1516	12.8096	13.8753	14.9856	16.2862	17.6755	19.0521	20.8255	22.7945	24.9061	26.7808	27.7125	34.1093	39.4369	47.6424	55.988	67.007	76.9232	97.115	129.957	149.604	181.554	216.213	231.105	249.36	228.415	197.191	157.897	125.957	100.721	83.0043	68.2006	58.1269	47.2308	39.2066	33.7281	30.7904	27.8332	25.2899	22.3714	20.6497	19.1078	17.5395	16.185	14.843	13.7517	12.7257	11.9071	11.0787	10.5223	9.98042	9.65784	9.374	9.18574	8.89244	8.70075	8.54988	8.3961	8.24405	8.04298	7.93345	7.80444	7.65787	7.50199	7.37008	7.24014	7.10527	7.01455	6.88283	6.85218	6.77866	6.6957	6.61691	6.50041	6.3589	6.17263	5.95011	5.82794	5.64415	5.37915	5.23638	5.1643	5.10222	5.06399	4.97964	4.95447	4.98593	5.09007	5.20981	5.31579	5.37256	5.371	5.37259	5.4131	5.47449	5.45456	5.43506	5.39789	5.38315	5.36059	5.34313	5.35218	5.32399	5.28459	5.22839	5.21383	5.1428	5.05656	4.93477	4.81258	4.72197	4.62486	4.57189	4.56569	4.57826	4.59213	4.63927	4.64224	4.6582	4.73367	4.7496	4.7284	4.68625	4.6506	4.58272	4.56095	4.48413	4.35703	4.25219	4.15857	4.09462	4.06382	4.01349	4.01273	4.01524	4.0404	4.18399	4.24962	4.32793	4.37195	4.39493	4.41548	4.40579	4.39123	4.34504	4.27317	4.24523	4.19483	4.17255	4.14167	4.15617	4.14057	4.14808	4.12809	4.05794	4.00926	4.00539	3.99204	4.01308	4.05812	4.10411	4.08451	4.06202	4.11572	4.16129	4.11596	4.11746	4.11971	4.15783	4.20335	4.21013	4.28436	4.3393	4.34968	4.2743	4.2003	4.12641	4.06125	3.99009	4.00763	4.05031	4.09194	4.13096	4.18637	4.2002	4.2112	4.21104	4.23453	4.22221	4.18452	4.15001	4.1545	4.17429	4.18914	4.20909	4.21091	4.2254	4.23106	4.24397	4.24209	4.22078	4.2277	4.2349	4.26583	4.28185	4.27931	4.27078	4.26941	4.26148	4.25833	4.26954	4.25142	4.23133	4.21514	4.20481	4.25456	4.3066	4.3158	4.30755	4.31877	4.27924	4.21059	4.17955	4.11373	4.07735	4.05515	4.05215	4.10914	4.14951	4.1838	4.22073	4.19611	4.14641	4.13254	4.1349	4.13968	4.13915	4.13057	4.16955	4.18922	4.17896	4.12698	4.03375	3.9307	3.87531	3.89428	3.94341	4.01759	4.09039	4.17137	4.21341	4.24372	4.24471	4.23463	4.23814	4.24258	4.22472	4.21294	4.19232	4.19756	4.15416	4.1073	4.07414	4.07919	4.0736	4.07796	4.06861	4.09466	4.1241	4.177	4.24008	4.30177	4.33523	4.32236	4.32133	4.20138	4.16049	4.13239	4.11626	4.10475	4.11339	4.15747	4.15801	4.21286	4.23846	4.24334	4.24337	4.18935	4.1686	4.15267	4.06883	4.01439	3.90329	3.86234	3.81857	3.82156	3.85167	3.89218	3.94688	4.00231	4.06964	4.1409	4.20426	4.28429	4.30885	4.33374	4.37162	4.34003	4.3092	4.27597	4.23991	4.17799	4.08346	4.03917	4.00173	3.99596	4.01012	4.01254	4.02084	4.05512	4.13585	4.24179	4.33935	4.42647	4.47096	4.51476	4.52863	4.53462	4.54316	4.51998	4.50495	4.47007	4.45833	4.4874	4.5044	4.50781	4.46449	4.41961	4.40227	4.39701	4.41205	4.45397	4.44446	4.41379	4.3897	4.37704	4.40841	4.37581	4.34667	4.3099	4.2862	4.25714	4.25474	4.20955	4.19879	4.18481	4.24444	4.32039	4.36302	4.35878	4.35138	4.32611	4.2904	4.30324	4.2908	4.27449	4.23654	4.22226	4.23206	4.24928	4.23766	4.21725	4.20976	4.17061	4.1302	4.09062	4.06076	4.01481	3.9611	3.91586	3.93997	3.93167	4.00949	4.08048	4.1701	4.20279	4.17079	4.10166	4.09638	4.08602	4.10726	4.15558	4.17106	4.20301	4.22357	4.24167	4.27208	4.27916	4.26204	4.23768	4.2375	4.24897	4.29169	4.33292	4.36452	4.40322	4.36634	4.34099	4.274	4.20781	4.14252	4.07569	4.00122	3.99464	4.01116	4.01708	3.99375	3.99762	4.02573	4.03395	4.01899	4.03604	4.05361	4.06769	4.12155	4.1314	4.12484	4.09197	4.05213	4.02285	3.9233	3.89991	3.89429	3.91154	3.93922	3.97309	4.00984	4.09536	4.14152	4.19194	4.23517	4.28635	4.30602	4.31981	4.34381	4.36118	4.32864	4.33469	4.32741	4.32388	4.29559	4.27246	4.21853	4.17131	4.11909	4.07171	4.0918	4.1749	4.27057	4.29624	4.22292	4.17902	4.1667	4.18798	4.20315	4.18997	4.18852	4.27659	4.30372	4.32324	4.33419	4.35712	4.35879	4.37052	4.36693	4.35406	4.33273	4.31611	4.30655	4.28332	4.26795	4.26377	4.22653	4.18428	4.14311	4.12594	4.10845	4.10613	4.11928	4.12217	4.1357	4.23847	4.26557	4.30663	4.35772	4.42718	4.47666	4.46516	4.43407	4.38257	4.33445	4.33506	4.3448	4.36887	4.43062	4.50682	4.54809	4.51424	4.45547	4.38204	4.32422	4.27033	4.21417	4.19198	4.17922	4.22676	4.27016	4.32183	4.3947	4.46025	4.48175	4.50336	4.4458	4.42142	4.40547	4.38772	4.37904	4.34735	4.33956	4.3258	4.36308	4.33363	4.28543	4.27217	4.26021	4.15573	3.99101	3.8486	3.72035	3.59884	3.41382
