Acq. time (s)=	4
Accumulations=	3
Range=	Off
Autofocus=	At all XY pixels
SWIFT=	Off
AutoExposure=	Off
Spike filter=	Multiple accum.
Delay time (s)=	0
Binning=	1
Readout mode=	Signal
DeNoise=	Standard
ICS correction=	On
Dark correction=	Off
Inst. Process=	Off
Instrument=	LabRAM S3000
Detector=	Synapse
Objective=	x100
Grating=	1800
ND Filter=	25%
Laser (nm)=	632.81 
Spectro (cm-¹)=	521.228
Slit=	100.021
Hole=	199.981
Microscope=	Principal
StageXY=	Märzhauser
StageZ=	Märzhauser
Z (µm)=	-877.9
Project=	
Sample=	
Site=	
Title=	SOP_200nm_furu_p0.5
Remark=	
Date=	14.06.2019 12:09
Operator=	
Acquired=	14.06.2019 12:09:41
		358.285	358.609	358.934	359.26	359.585	359.909	360.235	360.56	360.886	361.21	361.535	361.859	362.185	362.51	362.834	363.16	363.485	363.809	364.135	364.459	364.784	365.108	365.434	365.758	366.083	366.407	366.733	367.057	367.381	367.705	368.03	368.355	368.68	369.004	369.328	369.652	369.978	370.302	370.626	370.95	371.274	371.598	371.923	372.248	372.572	372.896	373.22	373.544	373.868	374.192	374.516	374.84	375.164	375.49	375.813	376.137	376.461	376.785	377.109	377.433	377.757	378.081	378.404	378.728	379.052	379.376	379.699	380.023	380.347	380.671	380.994	381.318	381.642	381.965	382.288	382.611	382.935	383.258	383.582	383.906	384.229	384.553	384.876	385.2	385.522	385.845	386.169	386.492	386.816	387.139	387.463	387.785	388.108	388.431	388.755	389.078	389.402	389.723	390.047	390.37	390.693	391.015	391.338	391.662	391.985	392.307	392.63	392.953	393.276	393.598	393.921	394.244	394.566	394.889	395.212	395.535	395.857	396.18	396.503	396.825	397.148	397.471	397.792	398.115	398.437	398.76	399.083	399.404	399.727	400.049	400.372	400.694	401.016	401.339	401.66	401.983	402.304	402.627	402.95	403.271	403.594	403.915	404.238	404.559	404.882	405.203	405.526	405.847	406.17	406.491	406.814	407.135	407.456	407.778	408.1	408.422	408.743	409.066	409.387	409.708	410.03	410.351	410.674	410.995	411.316	411.638	411.959	412.282	412.602	412.923	413.246	413.567	413.888	414.21	414.531	414.852	415.174	415.495	415.815	416.136	416.458	416.779	417.1	417.421	417.743	418.064	418.384	418.705	419.027	419.348	419.668	419.989	420.311	420.632	420.952	421.273	421.593	421.914	422.236	422.556	422.877	423.197	423.518	423.838	424.16	424.481	424.801	425.121	425.442	425.762	426.083	426.403	426.723	427.044	427.365	427.686	428.006	428.326	428.647	428.967	429.287	429.607	429.927	430.248	430.568	430.888	431.208	431.528	431.848	432.169	432.489	432.809	433.129	433.449	433.769	434.088	434.408	434.728	435.048	435.368	435.688	436.008	436.327	436.647	436.967	437.287	437.606	437.926	438.245	438.565	438.885	439.205	439.523	439.843	440.163	440.483	440.802	441.121	441.44	441.76	442.08	442.4	442.718	443.037	443.357	443.677	443.995	444.315	444.634	444.954	445.272	445.591	445.911	446.229	446.549	446.868	447.186	447.506	447.825	448.143	448.463	448.782	449.1	449.419	449.739	450.057	450.376	450.695	451.013	451.333	451.65	451.97	452.288	452.607	452.926	453.244	453.563	453.881	454.2	454.518	454.837	455.155	455.474	455.792	456.111	456.428	456.748	457.065	457.384	457.702	458.021	458.338	458.658	458.975	459.294	459.612	459.929	460.248	460.566	460.884	461.202	461.519	461.838	462.156	462.475	462.792	463.109	463.428	463.746	464.063	464.382	464.699	465.016	465.335	465.652	465.97	466.288	466.606	466.923	467.242	467.559	467.876	468.193	468.512	468.829	469.146	469.463	469.782	470.099	470.416	470.733	471.05	471.369	471.686	472.003	472.32	472.637	472.954	473.272	473.589	473.906	474.223	474.54	474.857	475.174	475.492	475.809	476.126	476.442	476.759	477.076	477.393	477.71	478.026	478.343	478.66	478.977	479.293	479.61	479.928	480.245	480.562	480.878	481.195	481.512	481.828	482.145	482.461	482.777	483.093	483.41	483.726	484.043	484.359	484.676	484.992	485.309	485.625	485.942	486.258	486.575	486.889	487.206	487.522	487.839	488.155	488.471	488.788	489.104	489.419	489.735	490.051	490.368	490.684	490.999	491.315	491.631	491.947	492.264	492.578	492.895	493.211	493.527	493.842	494.158	494.474	494.79	495.104	495.421	495.737	496.051	496.367	496.683	496.998	497.314	497.63	497.944	498.26	498.576	498.891	499.206	499.522	499.837	500.153	500.469	500.783	501.099	501.413	501.729	502.043	502.359	502.675	502.989	503.305	503.619	503.935	504.249	504.565	504.879	505.195	505.509	505.825	506.139	506.454	506.769	507.084	507.398	507.714	508.028	508.343	508.658	508.973	509.287	509.601	509.917	510.231	510.546	510.86	511.174	511.489	511.803	512.119	512.433	512.747	513.062	513.376	513.69	514.005	514.319	514.633	514.948	515.262	515.576	515.891	516.204	516.518	516.832	517.147	517.461	517.775	518.088	518.403	518.717	519.031	519.344	519.659	519.973	520.287	520.6	520.914	521.229	521.542	521.856	522.169	522.483	522.797	523.111	523.425	523.738	524.052	524.365	524.679	524.992	525.305	525.62	525.934	526.247	526.56	526.874	527.187	527.5	527.814	528.127	528.44	528.753	529.067	529.38	529.693	530.006	530.32	530.633	530.946	531.259	531.572	531.885	532.198	532.512	532.825	533.138	533.451	533.764	534.077	534.39	534.702	535.015	535.328	535.641	535.953	536.266	536.579	536.892	537.204	537.517	537.83	538.142	538.455	538.768	539.08	539.392	539.705	540.018	540.331	540.642	540.955	541.268	541.58	541.893	542.204	542.517	542.83	543.141	543.454	543.766	544.079	544.39	544.703	545.015	545.327	545.639	545.952	546.263	546.575	546.888	547.199	547.511	547.824	548.135	548.447	548.76	549.071	549.383	549.694	550.007	550.319	550.63	550.942	551.253	551.565	551.876	552.189	552.5	552.812	553.123	553.435	553.746	554.058	554.369	554.681	554.992	555.304	555.615	555.927	556.237	556.55	556.86	557.172	557.483	557.795	558.106	558.416	558.728	559.039	559.351	559.662	559.972	560.284	560.595	560.905	561.217	561.528	561.838	562.15	562.46	562.771	563.083	563.393	563.704	564.015	564.326	564.636	564.947	565.258	565.569	565.879	566.189	566.501	566.811	567.122	567.432	567.743	568.054	568.364	568.674	568.984	569.296	569.606	569.916	570.226	570.536	570.847	571.158	571.468	571.778	572.088	572.398	572.708	573.018	573.329	573.639	573.95	574.26	574.57	574.88	575.19	575.5	575.81	576.12	576.429	576.739	577.049	577.359	577.669	577.979	578.289	578.598	578.908	579.218	579.528	579.837	580.147	580.457	580.767	581.076	581.386	581.694	582.004	582.314	582.623	582.933	583.242	583.552	583.862	584.171	584.479	584.789	585.098	585.408	585.718	586.027	586.335	586.645	586.954	587.263	587.573	587.881	588.19	588.5	588.809	589.119	589.426	589.736	590.045	590.354	590.662	590.972	591.281	591.589	591.898	592.207	592.515	592.824	593.134	593.441	593.751	594.06	594.367	594.677	594.986	595.294	595.603	595.912	596.219	596.528	596.836	597.145	597.454	597.762	598.071	598.378	598.687	598.995	599.304	599.611	599.92	600.228	600.537	600.846	601.153	601.462	601.77	602.077	602.386	602.693	603.002	603.309	603.618	603.926	604.234	604.542	604.85	605.158	605.465	605.774	606.081	606.39	606.697	607.004	607.313	607.62	607.927	608.236	608.543	608.85	609.159	609.466	609.773	610.081	610.389	610.696	611.004	611.311	611.618	611.925	612.234	612.541	612.848	613.155	613.463	613.77	614.077	614.384	614.691	614.999	615.306	615.613	615.92	616.227	616.535	616.842	617.149	617.456	617.762	618.069	618.376	618.684	618.991	619.298	619.604	619.911	620.218	620.524	620.831	621.138	621.444	621.751	622.058	622.366	622.672	622.979	623.286	623.592	623.899	624.205	624.512	624.818	625.125	625.431	625.738	626.044	626.349	626.656	626.962	627.269	627.575	627.881	628.188	628.494	628.8	629.107	629.413	629.719	630.024	630.331	630.637	630.943	631.25	631.556	631.861	632.167	632.473	632.779	633.085	633.392	633.696	634.003	634.309	634.615	634.919	635.226	635.532	635.838	636.142	636.448	636.754	637.06	637.365	637.671	637.977	638.282	638.588	638.894	639.198	639.504	639.81	640.114	640.42	640.726	641.031	641.337	641.642	641.947	642.253	642.557	642.863	643.169	643.473	643.779	644.083	644.389	644.693	644.999	645.305	645.609	645.914	646.219	646.524	646.829	647.134	647.438	647.744	648.048	648.354	648.658	648.962	649.268	649.572	649.877	650.181	650.487	650.791	651.095	651.4	651.704	652.01	652.314	652.618	652.923	653.227	653.533	653.836	654.14	654.446	654.75	655.054	655.357	655.663	655.967	656.27	656.576	656.879	657.183	657.488	657.792	658.096	658.4	658.705	659.009	659.312	659.616	659.92	660.225	660.529	660.832	661.136	661.44	661.745	662.048	662.352	662.655	662.959	663.263	663.566	663.871	664.175	664.478	664.782	665.085	665.389	665.692	665.996	666.299	666.602	666.906	667.209	667.514	667.817	668.121	668.424	668.728	669.031	669.334	669.638	669.941	670.244	670.547	670.851	671.154	671.456	671.759	672.062	672.365	672.669	672.972	673.275	673.578	673.881	674.184	674.487	674.791	675.092	675.395	675.698	676.002	676.305	676.608	676.911	677.212	677.515	677.818	678.121	678.424	678.726	679.029	679.332
-20	-20	3.39499	3.53888	3.59168	3.53357	3.52931	3.87806	3.98049	4.09071	4.1227	4.15915	4.12339	4.08681	4.04332	3.99998	3.95618	3.91613	3.87802	3.82943	3.79738	3.76946	3.7761	3.74139	3.7842	3.80021	3.83289	3.86054	3.90073	3.93364	3.96199	3.93105	3.90052	3.86949	3.84322	3.81636	3.79239	3.77528	3.75621	3.74838	3.73669	3.73158	3.69424	3.70566	3.64522	3.64818	3.69243	3.73372	3.78268	3.83926	3.89592	3.95794	4.01037	4.07175	4.12367	4.17642	4.21979	4.26057	4.31342	4.28942	4.29051	4.28622	4.23561	4.19684	4.14746	4.08234	4.00995	3.95901	3.90247	3.89993	3.85143	3.82398	3.82245	3.8301	3.83598	3.83866	3.83668	3.81935	3.78313	3.67979	3.60881	3.5745	3.66583	3.67416	3.68699	3.69325	3.6687	3.64977	3.64163	3.64442	3.65612	3.66497	3.67969	3.69495	3.72368	3.75095	3.77508	3.81294	3.83947	3.87308	3.89839	3.92374	3.94843	3.97051	3.98303	3.99618	4.00701	4.00434	4.00389	3.99545	3.97549	3.94161	3.87754	3.81417	3.76031	3.65132	3.64026	3.62824	3.62052	3.62011	3.69578	3.65753	3.6407	3.66256	3.73537	3.78377	3.84837	3.89941	3.9609	4.00006	4.01575	4.01984	4.01044	3.99753	3.988	3.97815	3.96878	3.9563	3.94433	3.9349	3.90994	3.86552	3.83756	3.85175	3.87211	3.88209	3.88251	3.88127	3.88644	3.88452	3.91126	3.92632	3.93939	3.95085	3.96552	3.93269	3.90552	3.86679	3.83266	3.77788	3.69409	3.62489	3.5771	3.53984	3.51965	3.51214	3.54704	3.67189	3.74147	3.80886	3.88755	3.9549	4.01472	4.0535	4.02893	4.01618	3.98403	3.96085	3.89915	3.84928	3.84105	3.81429	3.81238	3.80181	3.82345	3.86303	3.88436	3.92372	3.96585	4.00863	4.02608	4.09654	4.11561	4.14488	4.13427	4.10451	4.05164	4.04802	4.02168	3.95246	3.90519	3.85398	3.84043	3.83588	3.83264	3.84639	3.87324	3.89905	3.92835	3.95438	3.99447	4.01999	4.04764	4.08768	4.09751	4.1027	4.08737	4.083	4.08486	4.07878	4.07096	4.07185	4.06988	4.07885	4.07878	4.08573	4.08889	4.12072	4.14616	4.16377	4.17854	4.187	4.1174	4.0266	4.06646	4.11867	4.21507	4.2244	4.2358	4.24602	4.22568	4.2147	4.24169	4.23548	4.25977	4.28796	4.31813	4.30817	4.29746	4.26429	4.2036	4.17692	4.14898	4.14166	4.06382	4.06177	4.07948	4.113	4.17315	4.22066	4.25653	4.2219	4.12751	4.0102	3.87428	3.72902	3.59263	3.48007	3.40315	3.34504	3.35917	3.37345	3.43467	3.51171	3.59394	3.63566	3.62052	3.55577	3.50548	3.4886	3.54138	3.62609	3.7286	3.79007	3.80592	3.81887	3.83102	3.80666	3.79861	3.79691	3.7938	3.78496	3.79493	3.81215	3.83157	3.84534	3.86915	3.89773	3.87727	3.89721	3.91158	3.94989	4.0108	4.04338	4.10559	4.13742	4.19816	4.15576	4.09529	4.0325	3.96021	3.86443	3.74347	3.68542	3.66616	3.62864	3.64137	3.65391	3.67082	3.6916	3.68684	3.6762	3.64938	3.66571	3.65668	3.64897	3.66516	3.683	3.69816	3.72291	3.74944	3.77241	3.8042	3.82718	3.80499	3.79361	3.74253	3.72211	3.69831	3.67608	3.657	3.63429	3.61811	3.60148	3.60625	3.6068	3.60616	3.59278	3.57714	3.56457	3.55193	3.53037	3.50238	3.47071	3.46009	3.46109	3.45855	3.45771	3.46343	3.4727	3.4891	3.47971	3.48346	3.55961	3.65588	3.7548	3.84012	3.949	4.07581	4.10956	4.13588	4.1412	4.13512	4.12108	4.11721	4.10607	4.03278	3.9359	3.85403	3.78477	3.70997	3.65973	3.63636	3.65263	3.73815	3.77445	3.80931	3.81318	3.81773	3.80245	3.79391	3.78409	3.74385	3.69768	3.66534	3.63084	3.58128	3.52815	3.48997	3.47301	3.47799	3.50775	3.6259	3.75388	3.8338	3.88311	3.92553	3.95369	3.98055	3.98475	3.98695	3.98465	3.98112	3.97498	3.96558	3.95724	3.94234	3.9287	3.90956	3.89334	3.90205	3.91221	3.92395	3.94938	3.98161	4.01577	4.05744	4.09672	4.14668	4.18335	4.22847	4.2849	4.31217	4.34058	4.36673	4.361	4.37064	4.37618	4.38685	4.3985	4.40648	4.41204	4.42302	4.45825	4.491	4.56142	4.59056	4.64315	4.69998	4.72844	4.75572	4.78844	4.81407	4.86102	4.90514	4.92232	4.91639	4.92568	4.97852	5.03118	5.09655	5.18162	5.28649	5.44732	5.62531	5.82334	6.06596	6.34924	6.62335	6.83835	7.06263	7.2902	7.42297	7.68741	7.85305	8.16989	8.39355	8.84354	9.23493	9.56015	10.1376	10.6431	11.6371	12.643	13.8807	15.3191	17.2322	19.4294	22.104	25.3827	29.6361	35.1544	43.6347	52.1606	64.0176	78.7789	99.9578	115.74	135.881	132.101	120.977	106.4	84.5298	67.2342	52.4609	47.121	37.818	31.8483	27.1798	22.8672	19.0376	18.2879	16.2437	14.5894	13.0662	11.9932	11.1065	10.3668	9.75038	9.24063	8.81746	8.42536	8.11234	7.62043	7.25219	6.98714	6.75276	6.52014	6.3262	6.18497	6.06412	5.96236	5.90109	5.85385	5.81151	5.76451	5.67152	5.52859	5.37313	5.21048	5.0474	4.90655	4.7594	4.64327	4.51155	4.43962	4.34896	4.3098	4.32454	4.33383	4.34061	4.33933	4.32733	4.3334	4.30126	4.26407	4.23491	4.2305	4.23233	4.19645	4.17121	4.1371	4.10002	4.10361	4.08942	4.07686	4.06283	4.05207	4.03871	4.02934	4.0365	4.04958	4.04883	4.03668	4.02671	4.01195	3.99791	3.97851	3.94948	3.93051	3.91503	3.89903	3.88307	3.8726	3.86042	3.8526	3.84549	3.84025	3.81935	3.78823	3.75979	3.73779	3.7077	3.69746	3.68099	3.69672	3.72953	3.76644	3.81569	3.87853	3.909	3.91015	3.91174	3.91122	3.89333	3.8893	3.88474	3.87922	3.87328	3.86687	3.86079	3.85414	3.84821	3.81279	3.77925	3.75889	3.73478	3.73172	3.72001	3.71592	3.71925	3.71771	3.71539	3.73086	3.74532	3.7631	3.80175	3.83272	3.85935	3.88282	3.906	3.92506	3.93877	3.93011	3.92784	3.86578	3.81765	3.77	3.7091	3.62853	3.53966	3.45469	3.36212	3.2834	3.20763	3.18511	3.17304	3.1794	3.19635	3.28837	3.37969	3.45874	3.53608	3.60622	3.6572	3.67133	3.60441	3.49544	3.38646	3.24262	3.20732	3.18666	3.21733	3.24413	3.27336	3.31511	3.34347	3.39966	3.42161	3.37597	3.32863	3.28819	3.22667	3.21765	3.24021	3.2747	3.31581	3.35839	3.41532	3.46453	3.46638	3.49067	3.5288	3.54532	3.56676	3.58529	3.57729	3.54298	3.50007	3.45507	3.4068	3.36049	3.3262	3.35995	3.48411	3.51745	3.50107	3.48148	3.50222	3.48677	3.44381	3.35801	3.28117	3.18899	3.1186	3.11024	3.16841	3.20384	3.23924	3.28519	3.33268	3.38022	3.42918	3.47952	3.52675	3.57698	3.62139	3.65631	3.6698	3.68272	3.67882	3.67596	3.67888	3.67716	3.67927	3.6686	3.64813	3.61286	3.58337	3.55317	3.52823	3.50612	3.4898	3.49057	3.49339	3.49651	3.48957	3.52019	3.54573	3.58359	3.62497	3.65083	3.59517	3.55215	3.50217	3.46897	3.43286	3.40678	3.38546	3.37171	3.47363	3.50845	3.5145	3.53177	3.52748	3.53635	3.5257	3.52539	3.45134	3.4115	3.39738	3.38461	3.39569	3.45026	3.46992	3.48233	3.4999	3.51079	3.5278	3.54216	3.53259	3.27714	3.33294	3.47458	3.54342	3.53577	3.5642	3.59322	3.62394	3.65884	3.61449	3.49503	3.4306	3.40494	3.34072	3.34745	3.37151	3.39893	3.43326	3.47219	3.51013	3.55667	3.60102	3.64059	3.67467	3.69177	3.72504	3.68661	3.6499	3.58688	3.55182	3.51874	3.48495	3.4244	3.38591	3.34348	3.31785	3.29615	3.28151	3.26882	3.38415	3.48437	3.60091	3.72702	3.80979	3.86625	3.87992	3.87807	3.86603	3.82716	3.80488	3.76331	3.69143	3.65836	3.62513	3.59341	3.59797	3.5915	3.60566	3.61584	3.59981	3.59929	3.63191	3.65862	3.65524	3.63883	3.62774	3.61083	3.59797	3.55786	3.51982	3.49637	3.48149	3.49597	3.51948	3.54514	3.57278	3.60724	3.63789	3.67665	3.69443	3.70555	3.71523	3.71579	3.71416	3.70974	3.70427	3.68866	3.67622	3.6389	3.65386	3.64286	3.62904	3.59591	3.57815	3.56224	3.58094	3.5688	3.56092	3.54702	3.49361	3.45171	3.40716	3.37095	3.3391	3.28521	3.3222	3.36757	3.40244	3.45322	3.50139	3.55127	3.57712	3.5831	3.56489	3.54586	3.5261	3.50839	3.4903	3.47406	3.45909	3.44589	3.43238	3.42079	3.39558	3.40722	3.41704	3.45778	3.48149	3.50307	3.5225	3.54848	3.5755	3.62434	3.62444	3.59615	3.57036	3.53549	3.49895	3.45965	3.42298	3.38681	3.35804	3.33807	3.35537	3.36123	3.35027	3.3482	3.36239	3.3672	3.38709	3.41199	3.43217	3.45976	3.48286	3.51343	3.49088	3.35615	3.26681	3.29951	3.35721	3.39617	3.44338	3.49402	3.55491	3.62148	3.57334	3.57478	3.54733	3.50367	3.47504	3.43583	3.4141	3.40022	3.39015	3.37891	3.38376	3.44797	3.48375	3.52713	3.63456	3.67406	3.69356	3.71252	3.72951	3.74055	3.75459	3.74871	3.75666	3.74198	3.6829	3.63199	3.57647	3.51741	3.46949	3.44076	3.37319	3.34855	3.33168	3.34684	3.38822	3.54022	3.67626	3.75628	3.85541	3.92584	3.94215	3.95023	3.91857	3.89897	3.83377	3.78571	3.73864	3.68879	3.66067	3.64295	3.62216	3.64425	3.64994	3.66224	3.67232	3.68361	3.69118	3.7167	3.70033	3.6808	3.65299	3.60839	3.56298	3.51872	3.47088	3.41367	3.35432	3.31942	3.30332	3.34731	3.37421	3.40724	3.44143	3.46605	3.48371	3.50352	3.52359	3.54765	3.56312	3.58201	3.55688	3.4998	3.47524	3.46497	3.45307	3.47518	3.49369	3.49214	3.4623	3.45514
-20	0	4.05498	4.17383	4.20887	4.12311	4.10174	4.09623	4.06513	4.09036	3.9086	3.75135	3.63635	3.56043	3.53335	3.54297	3.58087	3.5848	3.62713	3.67842	3.7088	3.73941	3.77941	3.83963	3.89015	3.89159	3.87698	3.83154	3.78638	3.72359	3.64671	3.62349	3.62273	3.61925	3.60917	3.63441	3.68104	3.67539	3.69901	3.69431	3.68609	3.69168	3.71426	3.72081	3.74613	3.67511	3.60526	3.55233	3.60206	3.65034	3.73779	3.84806	3.91308	3.97472	4.03978	4.00094	3.93628	3.89793	3.86438	3.82732	3.78878	3.7431	3.76426	3.75412	3.75908	3.7325	3.67806	3.61301	3.59253	3.54496	3.53951	3.54059	3.55258	3.56811	3.59925	3.6633	3.70559	3.73904	3.76098	3.77269	3.82324	3.84606	3.89603	3.9072	3.92002	3.95946	3.98985	4.00092	4.00034	4.00376	4.00972	3.98366	3.93429	3.90093	3.85636	3.78413	3.76113	3.79176	3.8593	3.91062	3.90442	3.88173	3.88001	3.87494	3.89199	3.89361	3.89249	3.83214	3.76932	3.76692	3.76449	3.78751	3.84391	3.85672	3.88134	3.90771	3.94515	3.8365	3.84443	3.87097	3.89391	3.91375	3.93368	3.94201	3.92584	3.85753	3.71655	3.67775	3.73178	3.64824	3.54795	3.5248	3.53392	3.49049	3.52061	3.56175	3.60379	3.63215	3.68226	3.74707	3.75456	3.90492	4.00959	4.02485	3.97623	3.96665	3.85908	3.6918	3.56442	3.44581	3.37313	3.32485	3.37261	3.44028	3.53279	3.6316	3.72352	3.3372	3.33553	3.37135	3.46658	3.57138	3.67638	3.78699	3.85909	4.00178	4.11973	4.1861	4.21533	4.14303	4.08933	4.03982	3.98753	3.96729	3.95951	3.97181	3.95166	3.91104	3.85913	3.80412	3.7602	3.71171	3.61755	3.55628	3.53522	3.52767	3.47593	3.4482	3.47147	3.49902	3.50202	3.52408	3.55033	3.58126	3.68498	3.83421	3.91422	3.99797	3.96165	3.92193	3.88104	3.84397	3.80834	3.78477	3.7316	3.74352	3.76037	3.77697	3.83589	3.83949	3.82802	3.80669	3.79525	3.79324	3.81304	3.83133	3.82966	3.81821	3.81295	3.82509	3.84036	3.85409	3.86433	3.86335	3.88191	3.89746	3.90638	3.91426	3.92542	3.92117	3.91639	3.87541	3.85775	3.83525	3.83267	3.82687	3.79567	3.76915	3.77966	3.76568	3.71697	3.67728	3.69795	3.70882	3.73308	3.77111	3.78456	3.83505	3.88985	3.91516	3.95801	4.00587	4.07649	4.10417	4.07683	4.01374	3.8321	3.68668	3.62043	3.50913	3.42507	3.37027	3.35427	3.37724	3.40986	3.46528	3.58762	3.71314	3.76574	3.79611	3.78713	3.75014	3.69877	3.60466	3.46993	3.37778	3.37659	3.35772	3.29681	3.26301	3.26391	3.29772	3.37731	3.47862	3.55841	3.64774	3.7193	3.79973	3.83047	3.8781	3.89885	3.91081	3.92038	3.88946	3.84107	3.78707	3.71755	3.63177	3.53182	3.466	3.41907	3.39173	3.33807	3.30981	3.34294	3.37987	3.46268	3.52476	3.61017	3.7017	3.81196	3.89698	3.9222	3.92729	3.94818	3.97551	3.96617	3.95215	3.93414	3.91215	3.85129	3.82189	3.8043	3.77077	3.73971	3.71008	3.71078	3.65901	3.60266	3.5892	3.57825	3.57254	3.57247	3.5726	3.57801	3.58571	3.58844	3.56694	3.57979	3.62743	3.69049	3.72742	3.793	3.82248	3.83669	3.838	3.82334	3.806	3.78834	3.78004	3.72249	3.67245	3.61969	3.56467	3.53662	3.51138	3.51849	3.54324	3.51386	3.4988	3.46455	3.45119	3.47035	3.49205	3.54548	3.59908	3.64452	3.67273	3.69312	3.74003	3.76121	3.73758	3.69941	3.69849	3.76122	3.76031	3.71725	3.68025	3.6508	3.62873	3.56673	3.58044	3.55261	3.51763	3.4947	3.47639	3.52437	3.56852	3.61727	3.67876	3.74516	3.7907	3.82671	3.86451	3.90706	3.90272	3.94499	3.95969	3.97039	3.97733	3.9893	3.98763	3.98961	3.98415	3.97036	3.94583	3.90676	3.89976	3.9388	3.9575	3.97982	3.98356	3.99568	3.95906	3.9148	3.88899	3.86723	3.80043	3.71349	3.65267	3.51887	3.56171	3.64584	3.7702	3.95844	4.08396	4.1736	4.21881	4.20413	4.15587	4.11915	4.14791	4.22129	4.24059	4.12156	4.04571	3.98777	4.00803	3.98761	3.96032	3.98031	4.03659	4.08669	4.17919	4.32603	4.44645	4.5029	4.56089	4.64899	4.72369	4.7782	4.83036	4.88827	4.92721	4.95405	4.99539	5.02812	5.04793	5.06848	5.06725	5.04384	5.0396	5.07067	5.10939	5.16243	5.25455	5.39131	5.58544	5.72519	5.92902	6.08678	6.2854	6.4636	6.69327	6.91537	7.15483	7.41835	7.73077	8.09518	8.58144	9.26743	9.93809	10.7496	11.6611	12.6947	14.0695	15.7319	17.7384	20.4361	22.9438	26.1861	35.6224	42.0444	47.5457	60.4436	76.6186	88.1327	103.907	102.464	88.4815	82.4075	64.7756	56.2171	43.9941	35.134	28.1785	24.3148	20.9722	18.4255	16.2505	14.6045	13.3541	12.307	11.2877	9.69675	8.94824	8.3419	7.9243	7.5662	7.15995	6.89031	6.6949	6.53768	6.43801	6.39932	6.36573	6.31545	6.20059	6.08858	5.95534	5.8497	5.67874	5.52996	5.36194	5.18945	5.0296	4.87598	4.73034	4.62162	4.51387	4.46813	4.45503	4.41348	4.38251	4.35097	4.32344	4.29338	4.25781	4.20909	4.13312	4.10151	4.02214	4.02604	4.03113	4.03561	4.00548	3.95704	3.93687	3.91273	3.88347	3.85888	3.83539	3.79654	3.78738	3.8013	3.83816	3.86096	3.87994	3.9033	3.9334	3.9635	3.98207	3.85163	3.67547	3.52501	3.3745	3.24059	3.22401	3.48079	3.52534	3.57816	3.61784	3.67455	3.68685	3.79859	3.91435	4.02177	4.05352	4.08637	4.09979	4.10943	4.04882	3.98123	3.91713	3.85938	3.79415	3.71823	3.59904	3.52253	3.48355	3.47426	3.48954	3.52307	3.56086	3.52894	3.51091	3.49443	3.45546	3.44955	3.44496	3.47444	3.48091	3.49228	3.51923	3.5223	3.5518	3.56595	3.57805	3.60578	3.64117	3.66052	3.63284	3.59603	3.56498	3.55417	3.54262	3.58267	3.58965	3.72162	3.87468	3.90113	3.90837	3.86998	3.80211	3.71626	3.65203	3.62305	3.63712	3.66462	3.70718	3.73986	3.74557	3.756	3.75949	3.76995	3.7568	3.77641	3.72618	3.67023	3.56329	3.45067	3.35403	3.27479	3.21598	3.20086	3.26208	3.39426	3.47248	3.46583	3.47715	3.43105	3.44878	3.4696	3.47059	3.54526	3.55585	3.52718	3.53272	3.53496	3.52014	3.51377	3.5052	3.51338	3.53987	3.54324	3.54514	3.54519	3.54661	3.54182	3.49404	3.49135	3.48585	3.47872	3.46133	3.47682	3.45722	3.50333	3.56355	3.56129	3.56498	3.57384	3.57743	3.58174	3.5884	3.54171	3.46464	3.39691	3.38496	3.48635	3.54226	3.56171	3.5915	3.53158	3.54213	3.55752	3.56877	3.56002	3.55517	3.51699	3.46429	3.44656	3.38323	3.36776	3.32363	3.29436	3.28136	3.25348	3.23084	3.22747	3.23395	3.30327	3.39419	3.4267	3.45592	3.50725	3.51918	3.52728	3.52363	3.48559	3.43079	3.42145	3.35632	3.36898	3.35929	3.32595	3.22804	3.20749	3.17457	3.20459	3.21556	3.22264	3.2522	3.30099	3.31219	3.35422	3.40851	3.44149	3.49384	3.58893	3.70227	3.72189	3.72473	3.72742	3.71588	3.6969	3.65757	3.62341	3.56032	3.49934	3.44086	3.44372	3.48879	3.4256	3.36433	3.39089	3.45799	3.50829	3.5555	3.58746	3.64253	3.67059	3.71486	3.72706	3.76164	3.7402	3.77108	3.75066	3.72649	3.74058	3.73545	3.74148	3.74857	3.76142	3.76744	3.78057	3.79255	3.80623	3.83184	3.84503	3.76644	3.65314	3.52873	3.4761	3.40182	3.38127	3.4116	3.41951	3.48389	3.65063	3.76624	3.77351	3.80662	3.80706	3.77854	3.73938	3.64013	3.54778	3.50687	3.45164	3.4228	3.42717	3.40936	3.41506	3.421	3.60303	3.79203	3.87922	3.95203	3.98345	3.94319	3.8821	3.79702	3.75811	3.70374	3.69463	3.68646	3.64904	3.59007	3.54995	3.5199	3.53595	3.54415	3.58224	3.61829	3.64025	3.59557	3.51745	3.42279	3.35702	3.2962	3.27089	3.27554	3.25539	3.27097	3.27847	3.25119	3.20369	3.17604	3.21061	3.22089	3.26882	3.31748	3.35908	3.4061	3.45495	3.53065	3.54995	3.5546	3.55615	3.56035	3.57153	3.57983	3.56752	3.53294	3.52819	3.52522	3.51335	3.50568	3.51706	3.49678	3.5	3.53209	3.42095	3.14913	3.36149	3.59935	3.68179	3.73875	3.77748	3.70645	3.65344	3.56732	3.50687	3.44946	3.49389	3.65205	3.68695	3.71595	3.73031	3.72612	3.71622	3.70209	3.68922	3.64372	3.61908	3.60323	3.59594	3.58447	3.54407	3.45988	3.33095	3.23822	3.16112	3.14724	3.23813	3.34606	3.42048	3.48409	3.48586	3.49173	3.50296	3.51939	3.52229	3.51279	3.52046	3.51178	3.50131	3.4992	3.51001	3.53391	3.5615	3.60871	3.68473	3.74205	3.80155	3.84477	3.88871	3.92505	3.83141	3.7684	3.68853	3.65512	3.60099	3.53449	3.49825	3.43853	3.41526	3.44808	3.47817	3.52583	3.54453	3.55887	3.54976	3.57678	3.60838	3.62378	3.69311	3.72588	3.75362	3.78429	3.79098	3.7784	3.74058	3.70612	3.65207	3.64137	3.6153	3.52895	3.46813	3.38719	3.35383	3.29705	3.30901	3.32225	3.39418	3.47046	3.53443	3.59558	3.64543	3.77008	3.73779	3.67007	3.55831	3.4379	3.27492	3.0303	2.78687	3.30819	3.85528	3.85719	3.8372	3.84801	3.79703	3.78428	3.68052	3.52355	3.41109	3.38045	3.34682	3.34595	3.38804	3.43063	3.45008	3.5727	3.63469	3.76771	3.78998	3.8272	3.86346	3.89201	3.78967	3.66555	3.65865	3.66873	3.6764	3.70503	3.74879	3.76729	3.74396	3.72439	3.70669	3.68815	3.65489	3.64691	3.56862	3.49562	3.42331	3.41645	3.37867	3.36292	3.37751	3.40851	3.3513	3.21949	3.07501	2.93613
-20	20	3.18513	3.2878	3.41885	3.43366	3.46028	3.47206	3.49474	3.50427	3.52094	3.52929	3.54152	3.54044	3.54454	3.55844	3.56378	3.58059	3.57123	3.59907	3.60939	3.61042	3.61591	3.6422	3.66801	3.68249	3.72097	3.7185	3.69382	3.69476	3.70347	3.73867	3.75138	3.74326	3.73919	3.71545	3.70498	3.68484	3.65248	3.63943	3.64752	3.67686	3.68197	3.72498	3.71685	3.74302	3.78472	3.81753	3.83939	3.89792	3.91925	3.95166	3.98417	4.01794	4.04575	4.07372	4.02025	3.9756	3.9362	3.9211	3.8892	3.83151	3.77705	3.73086	3.65311	3.60035	3.58308	3.57584	3.55723	3.45424	3.458	3.47022	3.58605	3.59328	3.61335	3.65377	3.68513	3.7038	3.72635	3.7558	3.76006	3.78172	3.78537	3.80681	3.82261	3.8874	3.92918	4.00122	4.0149	3.99138	3.96636	3.94118	3.91745	3.87701	3.82516	3.80098	3.77727	3.77669	3.74453	3.69266	3.65257	3.62001	3.60738	3.61187	3.63252	3.63779	3.64804	3.64715	3.66558	3.67373	3.68328	3.6309	3.61669	3.50211	3.31049	3.06991	2.92748	2.80344	2.92598	3.18625	3.91559	4.2425	4.26461	4.22362	4.1513	4.05107	3.95329	3.85022	3.77456	3.69552	3.62976	3.57349	3.47144	3.47195	3.48362	3.49867	3.52555	3.55216	3.5684	3.53592	3.53325	3.52756	3.56171	3.60932	3.65571	3.68312	3.72322	3.74532	3.75414	3.76058	3.77997	3.77504	3.78481	3.78001	3.75805	3.74167	3.67372	3.63861	3.62482	3.6003	3.63518	3.69478	3.79052	3.79575	3.77738	3.7557	3.73553	3.71371	3.69244	3.67141	3.64987	3.54988	3.52749	3.52705	3.56348	3.54482	3.54314	3.539	3.5445	3.54808	3.56081	3.5725	3.58711	3.5689	3.55971	3.55388	3.51224	3.48347	3.49733	3.51317	3.56801	3.63509	3.70396	3.75657	3.80417	3.82124	3.82664	3.803	3.73246	3.72677	3.72301	3.72227	3.7243	3.72599	3.78987	3.82196	3.82536	3.80189	3.80673	3.81479	3.86143	3.90548	3.9547	3.99521	4.04218	4.01002	4.00635	3.97389	3.95902	3.93659	3.92074	3.90213	3.88143	3.86521	3.84931	3.8417	3.8334	3.83703	3.84196	3.89864	3.90072	3.86203	3.82407	3.81252	3.76787	3.70857	3.68232	3.67319	3.65913	3.64527	3.63398	3.60265	3.56215	3.57215	3.59754	3.60198	3.59636	3.61493	3.63038	3.672	3.69392	3.70071	3.74606	3.79907	3.86095	3.92195	3.94653	3.90594	3.75508	3.68931	3.66076	3.70922	3.73985	3.86748	3.86743	3.85457	3.84391	3.82602	3.7977	3.76606	3.73796	3.69904	3.66477	3.63455	3.60377	3.57792	3.55345	3.53389	3.52368	3.51455	3.51217	3.54714	3.57436	3.59368	3.62066	3.60073	3.5742	3.56984	3.58499	3.60879	3.63028	3.62245	3.65202	3.66025	3.67759	3.69531	3.72641	3.74358	3.75413	3.7755	3.77634	3.7605	3.76998	3.77956	3.75638	3.72875	3.70704	3.70832	3.70458	3.69543	3.681	3.66684	3.67451	3.68079	3.7114	3.73299	3.77284	3.81145	3.83181	3.82825	3.80841	3.76176	3.733	3.70823	3.69601	3.70397	3.71172	3.74111	3.75427	3.77804	3.86039	3.61392	3.64756	3.69439	3.76177	3.82907	3.90693	3.96376	3.9922	3.98953	3.98661	3.97965	3.9684	3.94705	3.92378	3.88881	3.82293	3.8073	3.77134	3.73548	3.71219	3.71873	3.72687	3.70507	3.67925	3.66222	3.66495	3.65833	3.67174	3.68881	3.71087	3.7365	3.78333	3.80398	3.8439	3.85358	3.84856	3.85329	3.87496	3.89528	3.91052	3.92859	3.94294	3.96181	3.97764	3.99506	4.0085	4.02465	4.03795	4.03577	4.03106	4.02247	4.00439	3.96455	3.94567	3.91705	3.89863	3.9141	3.90875	3.87876	3.86956	3.87132	3.86263	3.8634	3.84663	3.8207	3.79609	3.77725	3.75692	3.74281	3.72854	3.70502	3.70026	3.70358	3.72262	3.71218	3.71361	3.71859	3.71987	3.71207	3.70757	3.7104	3.73217	3.76796	3.77415	3.76569	3.77638	3.78377	3.77422	3.7402	3.70883	3.70527	3.69413	3.71559	3.73329	3.7786	3.83049	3.87927	3.9146	3.95251	3.93224	3.92585	3.92951	3.96793	3.98092	4.02314	4.06003	4.05955	4.06198	4.06939	4.10037	4.12691	4.11359	4.09359	4.07993	4.08214	4.08324	4.09401	4.10719	4.13746	4.17599	4.22497	4.25865	4.3347	4.41328	4.48945	4.57311	4.64523	4.71786	4.79979	4.90473	4.98432	5.04926	5.13123	5.20701	5.29166	5.36172	5.3959	5.42471	5.47098	5.5402	5.66444	5.8324	6.03315	6.19011	6.43809	6.70683	7.00555	7.29723	7.68313	8.1067	8.59836	9.13661	9.82311	10.6597	11.6266	12.7681	14.1602	15.8125	17.8454	20.973	24.5577	28.9342	36.4813	48.2883	54.5827	64.9474	77.0596	75.9834	80.3555	65.1066	57.5442	48.2198	38.6356	28.0624	23.184	20.9894	18.4556	16.3862	14.5109	12.9917	11.523	10.5947	9.6911	8.88737	8.2541	7.71224	7.20212	6.90151	6.58499	6.30783	6.06995	5.85968	5.6678	5.49052	5.34103	5.15056	5.02465	4.87842	4.81443	4.763	4.71867	4.67905	4.63364	4.60913	4.56826	4.54323	4.49096	4.448	4.38145	4.34934	4.31413	4.28015	4.25325	4.22966	4.21205	4.21539	4.22708	4.22359	4.23118	4.24081	4.23697	4.19611	4.14621	4.11109	4.03418	3.96537	3.91371	3.88245	3.85489	3.81716	3.76959	3.72195	3.69573	3.67071	3.6574	3.64538	3.62872	3.60947	3.63661	3.66811	3.67358	3.69089	3.73268	3.77895	3.80312	3.82612	3.8292	3.839	3.83542	3.82393	3.79544	3.76582	3.74472	3.73832	3.75338	3.75692	3.80579	3.83066	3.83006	3.82982	3.81435	3.79613	3.77276	3.73258	3.67589	3.64608	3.61189	3.57761	3.53767	3.47927	3.4467	3.45259	3.46445	3.50086	3.54895	3.53807	3.53311	3.49459	3.51549	3.53589	3.56019	3.59138	3.67955	3.72287	3.69667	3.69664	3.67704	3.61716	3.544	3.49997	3.46962	3.46635	3.48475	3.48192	3.47862	3.47841	3.46863	3.43592	3.4228	3.46229	3.48656	3.53215	3.55239	3.56456	3.56908	3.57213	3.54858	3.53235	3.52029	3.51437	3.50278	3.48557	3.50188	3.47233	3.43865	3.4111	3.36431	3.34927	3.36381	3.39903	3.43064	3.49422	3.54979	3.61715	3.69276	3.77139	3.8298	3.82392	3.77963	3.77276	3.75454	3.73179	3.70875	3.68253	3.65601	3.62973	3.60556	3.58283	3.55576	3.53646	3.51701	3.48511	3.44922	3.43581	3.42882	3.41423	3.37657	3.35382	3.36757	3.39808	3.41143	3.4142	3.43737	3.46861	3.51149	3.54061	3.54493	3.53392	3.50048	3.43527	3.36973	3.33921	3.27443	3.26561	3.26318	3.29513	3.32725	3.32911	3.38072	3.40921	3.40563	3.41591	3.43116	3.44974	3.44117	3.41873	3.39544	3.36953	3.33182	3.27878	3.23315	3.18928	3.23213	3.2229	3.22081	3.24983	3.25993	3.27985	3.29426	3.29656	3.31152	3.33306	3.37188	3.41918	3.53707	3.56451	3.58355	3.57386	3.55539	3.49588	3.4676	3.45911	3.45099	3.42251	3.41136	3.36475	3.33294	3.29347	3.26789	3.25411	3.25811	3.26578	3.25728	3.25658	3.27626	3.28802	3.31733	3.33532	3.34447	3.36091	3.38456	3.39268	3.37719	3.36177	3.34541	3.34805	3.35027	3.36381	3.38593	3.40316	3.41775	3.43466	3.44469	3.46224	3.48819	3.49879	3.4911	3.47703	3.45856	3.45843	3.46465	3.44427	3.45318	3.47011	3.49389	3.52814	3.54893	3.57624	3.56644	3.55293	3.50141	3.47441	3.45246	3.43357	3.38632	3.33961	3.30059	3.29226	3.31774	3.349	3.42159	3.46489	3.49642	3.55309	3.54887	3.54429	3.50878	3.52255	3.53573	3.55693	3.57417	3.59617	3.5861	3.53238	3.47417	3.46737	3.48148	3.49959	3.51484	3.55462	3.61738	3.67416	3.73931	3.75924	3.72451	3.65809	3.62039	3.57373	3.53263	3.48387	3.45269	3.45229	3.45108	3.47301	3.47193	3.51931	3.54596	3.5769	3.59469	3.59799	3.60963	3.61998	3.64175	3.64093	3.61813	3.56496	3.48923	3.41251	3.28179	3.20634	3.11173	3.08083	3.07813	3.23054	3.32884	3.40582	3.47507	3.59985	3.61347	3.62466	3.62567	3.60348	3.58617	3.57239	3.55293	3.53866	3.52596	3.5018	3.4674	3.46642	3.45272	3.46076	3.48556	3.51337	3.53311	3.53006	3.54465	3.56747	3.56262	3.55645	3.5219	3.50344	3.48852	3.52477	3.55962	3.57483	3.55741	3.52027	3.50413	3.47513	3.45492	3.41537	3.38821	3.35899	3.34691	3.33127	3.34873	3.37313	3.39119	3.39972	3.42729	3.45632	3.47638	3.46556	3.45636	3.44678	3.43943	3.42718	3.42368	3.41457	3.41528	3.40477	3.38631	3.3768	3.37139	3.39793	3.42018	3.44755	3.46698	3.4611	3.46109	3.45463	3.44612	3.43486	3.40863	3.40154	3.40764	3.40453	3.33064	3.26874	3.25397	3.24806	3.25656	3.28654	3.31937	3.33718	3.36998	3.42481	3.46917	3.5121	3.56558	3.60246	3.63306	3.65656	3.67432	3.68104	3.67042	3.65148	3.66314	3.66418	3.68007	3.68474	3.70262	3.70162	3.72752	3.72303	3.70459	3.66633	3.63373	3.61685	3.56509	3.52064	3.48421	3.45846	3.43259	3.41838	3.40102	3.38153	3.40676	3.38932	3.37954	3.35735	3.34599	3.31857	3.27398	3.25567	3.2144	3.18545	3.1874	3.20901	3.22926	3.27935	3.32321	3.35032	3.3919	3.43456	3.46527	3.50148	3.53341	3.54827	3.58463	3.58643	3.53996	3.45447	3.38045	3.35079	3.29823	3.25448	3.25127	3.26625	3.31713	3.41134	3.41382	3.42888	3.45002	3.50147	3.50917	3.50938	3.50497	3.50457	3.47687	3.45667	3.43387	3.4197	3.3508	3.3312	3.3152	3.30302	3.43227	3.47553	3.51786	3.53306	3.50811	3.47776	3.46017	3.43523	3.40437	3.39619	3.35966	3.32484	3.22404	3.1028	2.97585	2.86634	2.71991
0	-20	3.40791	3.74331	3.79648	3.82127	3.94028	4.02583	4.10004	4.16099	4.15582	4.09765	4.07653	4.10452	4.12108	4.17464	4.2203	4.28342	4.34382	4.36124	4.35478	4.32624	4.29297	4.25934	4.22848	4.18491	4.15229	4.11689	4.09158	4.06678	4.0486	4.02953	4.02548	4.0175	4.02083	4.01876	4.02347	4.02755	4.04027	4.05526	4.07236	4.08734	4.10539	4.11831	4.13881	4.1533	4.16648	4.18795	4.18866	4.18628	4.18206	4.15995	4.13957	4.12753	4.07792	4.01096	3.92515	3.84209	3.71968	3.65597	3.62842	3.60069	3.57546	3.38199	3.54058	3.70131	3.85114	3.96383	4.05371	4.11022	4.10295	4.09553	4.08172	4.04161	4.03451	4.01059	3.99575	3.98077	3.96694	3.93547	3.94009	3.92241	3.92251	3.91154	3.90035	3.88198	3.87931	3.87911	3.88471	3.89155	3.88831	3.89237	3.90311	3.90494	3.91603	3.92951	3.9434	3.95655	3.96973	3.97154	3.99169	4.01576	4.03775	4.06276	4.08702	4.10991	4.11871	4.12934	4.13566	4.1445	4.14897	4.15616	4.15906	4.16053	4.14172	4.14019	4.13972	4.12487	4.0985	4.07006	4.04573	4.00633	3.89553	3.85071	3.78385	3.72016	3.64742	3.3034	3.61042	3.93138	3.92137	3.86888	3.8321	3.90734	3.73652	3.61732	3.74671	3.9789	4.09769	4.13986	4.10313	3.89481	3.90673	3.93042	3.9214	3.93362	3.93807	3.94676	3.95754	3.95492	3.95608	3.95078	3.95044	3.9428	3.9389	3.92887	3.91873	3.90523	3.89158	3.87533	3.85734	3.82093	3.81695	3.81191	3.81074	3.8086	3.82045	3.83388	3.86634	3.88094	3.89645	3.91222	3.92634	3.94297	3.95426	3.9769	3.98684	3.9896	3.99539	3.96976	3.93763	3.90817	3.87656	3.84632	3.81967	3.79787	3.79004	3.78807	3.80396	3.82661	3.91195	4.00772	4.10999	4.14325	4.18855	4.22273	4.22761	4.22965	4.20954	4.18243	4.15131	4.1199	4.09253	4.07388	4.05547	4.05933	4.10549	4.16996	4.20495	4.23519	4.25827	4.27994	4.29182	4.30046	4.30384	4.30621	4.30394	4.31209	4.28537	4.2542	4.21877	4.17742	4.12578	4.09564	4.06555	4.03816	4.01081	3.98595	3.97461	3.9793	3.99472	4.00732	4.06728	4.11023	4.14162	4.18682	4.20463	4.22037	4.23062	4.23933	4.24211	4.19956	4.16667	4.12764	4.11423	4.1021	4.09366	4.08889	4.08586	4.10784	4.12104	4.13567	4.15488	4.18322	4.16833	4.15507	4.13658	4.11869	4.07256	4.0386	4.01561	4.00107	3.99851	4.0018	4.07831	4.13588	4.18629	4.17339	4.14768	4.1146	4.08785	4.05829	4.03104	4.00286	3.98219	3.97834	3.97441	3.98005	4.03112	4.02962	4.00486	3.98005	3.95872	3.93888	3.92182	3.90148	3.8879	3.87131	3.8383	3.83331	3.78858	3.74545	3.71653	3.69122	3.67943	3.7084	3.77344	3.83387	3.89394	3.93516	3.94136	3.94196	3.94486	3.92496	3.9049	3.91719	3.92786	3.94397	3.95922	3.9769	3.99519	4.02665	4.04726	3.93839	3.76529	3.59847	3.37795	3.4565	3.56958	3.74934	3.83579	3.90298	3.86935	3.86897	3.8674	3.87316	3.87787	3.9126	3.93587	3.96423	3.99924	4.01386	4.02727	4.04137	4.03242	4.04369	4.05679	4.07241	4.08906	4.10285	4.11714	4.12141	4.12087	4.09393	4.04487	3.9954	3.94141	3.89302	3.8493	3.7809	3.7885	3.80171	3.91084	3.98687	4.02332	4.04135	3.99819	3.95336	3.91111	3.86647	3.82392	3.78706	3.74551	3.70636	3.67494	3.6559	3.67905	3.69398	3.71038	3.71742	3.7432	3.77365	3.80872	3.84771	3.88895	3.88925	3.88687	3.90461	3.90894	3.91744	3.92496	3.93189	3.94065	3.94872	3.95917	3.96764	3.9789	3.97695	3.97744	3.97786	3.98206	3.98776	3.99616	4.00808	4.02133	4.04055	4.01694	3.98218	3.94781	3.93426	3.93638	3.9952	4.02779	4.08218	4.14381	4.21798	4.28547	4.3426	4.39068	4.38867	4.3874	4.35349	4.30042	4.22398	4.13893	4.05283	3.96605	3.92807	3.90462	3.91625	4.05574	4.09514	4.13954	4.18584	4.24144	4.29502	4.34297	4.37792	4.39056	4.32894	4.3208	4.34249	4.32914	4.31309	4.33493	4.33143	4.33053	4.33064	4.31813	4.30683	4.28036	4.23	4.18612	4.18241	4.19481	4.21411	4.2419	4.27753	4.3295	4.38042	4.46415	4.55962	4.65521	4.75418	4.85691	4.91747	5.00652	5.10318	5.20247	5.28845	5.37002	5.46062	5.51256	5.57653	5.61048	5.73406	5.92717	6.09229	6.19328	6.0013	5.85124	5.73715	5.67576	5.71479	6.02144	6.43155	7.60106	8.61303	9.56839	10.2893	10.962	11.558	12.2934	13.1162	13.4204	13.2859	16.7177	19.4594	22.6945	23.785	29.6698	32.388	41.2647	50.507	62.9461	79.9107	100.704	116.756	113.006	117.437	109.505	89.8042	72.9352	57.7721	49.232	38.5088	32.3144	27.2139	24.804	19.6474	18.5334	16.389	15.059	13.7984	12.6332	11.5654	10.5422	9.61708	8.83871	8.21144	7.68537	7.25309	6.90931	6.65404	6.45981	6.26451	6.08844	5.93549	5.83418	5.76093	5.697	5.65169	5.60744	5.56023	5.44852	5.3397	5.2427	5.15379	5.07792	5.01035	4.95803	4.90224	4.90078	4.9019	4.90668	4.85936	4.80073	4.74153	4.69547	4.64677	4.61634	4.59859	4.56558	4.53981	4.46754	4.37439	4.22151	4.09258	3.94964	3.80146	3.82234	3.84752	3.88342	3.9293	3.96215	3.90583	3.85222	3.80538	3.77664	3.74288	3.50507	3.88673	4.02697	4.10874	4.14806	4.18342	4.15469	4.16057	4.05803	4.10414	4.12653	4.1754	4.10572	4.09867	4.0927	4.08338	4.07326	4.04686	4.01964	4.02301	4.0212	4.0003	3.98354	3.9711	3.96758	3.9496	3.92825	3.917	3.9118	3.9796	4.21994	4.24218	4.13432	4.09537	4.03798	3.98205	3.92944	3.87677	3.82869	3.76495	3.69867	3.63966	3.62355	3.61878	3.62121	3.63107	3.7017	3.73497	3.76179	3.77243	3.78454	3.79855	3.81332	3.83084	3.84664	3.86479	3.881	3.89921	3.90751	3.8953	3.87994	3.86122	3.82264	3.80543	3.79196	3.77686	3.7635	3.75061	3.7405	3.72774	3.72153	3.74513	3.74964	3.74576	3.75462	3.72096	3.69324	3.66189	3.66645	3.6965	3.7098	3.67686	3.65523	3.63047	3.58959	3.57005	3.55488	3.54548	3.53172	3.52095	3.52935	3.54121	3.55649	3.61803	3.5647	3.55018	3.54303	3.58169	3.61656	3.64911	3.66774	3.70628	3.71136	3.71615	3.71451	3.71678	3.6979	3.68545	3.65955	3.61221	3.61326	3.61714	3.6025	3.60668	3.60706	3.62084	3.63165	3.64472	3.65588	3.66722	3.67011	3.67444	3.67385	3.67723	3.67443	3.67646	3.67372	3.67484	3.67222	3.67728	3.68412	3.66197	3.64588	3.62864	3.61194	3.56806	3.51004	3.46264	3.39721	3.39777	3.45921	3.47469	3.46439	3.44916	3.43537	3.42208	3.41034	3.37957	3.38208	3.3839	3.40343	3.41659	3.43027	3.44889	3.46286	3.49613	3.51849	3.53421	3.55742	3.57723	3.58904	3.60351	3.61616	3.62748	3.63441	3.6438	3.64866	3.6493	3.64869	3.65049	3.65574	3.65834	3.66221	3.65136	3.64128	3.63065	3.6226	3.61446	3.60991	3.60481	3.62344	3.60362	3.58344	3.56622	3.54805	3.5336	3.51816	3.50647	3.49442	3.48795	3.48836	3.48961	3.47869	3.47478	3.46615	3.46397	3.45813	3.45776	3.45582	3.4576	3.46059	3.44684	3.45061	3.44503	3.45712	3.43471	3.45011	3.47336	3.50416	3.53677	3.57626	3.61092	3.66516	3.69208	3.72294	3.74599	3.76772	3.79389	3.7935	3.79469	3.75003	3.65511	3.52031	3.33116	3.33741	3.56004	3.69213	3.76669	3.81789	3.85833	3.863	3.86594	3.87006	3.87268	3.8801	3.86645	3.87129	3.84378	3.83946	3.85188	3.87837	3.87911	3.86343	3.84927	3.82933	3.78694	3.75232	3.7232	3.69181	3.66502	3.6412	3.62709	3.61005	3.61357	3.67581	3.71652	3.72475	3.74267	3.73123	3.74233	3.76794	3.79072	3.82223	3.85535	3.89047	3.92572	3.95212	3.95951	3.93427	3.90334	3.86692	3.83385	3.78667	3.75051	3.7134	3.70503	3.71206	3.71951	3.73143	3.7538	3.7735	3.81255	3.825	3.81468	3.82369	3.83369	3.83332	3.84188	3.85083	3.84684	3.84646	3.84119	3.83682	3.83288	3.82754	3.8249	3.8211	3.82103	3.81953	3.8217	3.82292	3.82645	3.82926	3.83766	3.84145	3.80854	3.70726	3.58081	3.54178	3.57619	3.60301	3.64359	3.70429	3.76255	3.8101	3.8605	3.86166	3.85926	3.85863	3.85568	3.85443	3.84995	3.84713	3.84174	3.83706	3.83097	3.81952	3.80361	3.78966	3.77766	3.75702	3.74435	3.73779	3.71576	3.73211	3.74354	3.75095	3.75424	3.76885	3.76328	3.75264	3.75589	3.75343	3.73172	3.70749	3.68343	3.65581	3.62652	3.5966	3.55526	3.5256	3.4894	3.42581	3.39276	3.38327	3.37795	3.37471	3.37841	3.43344	3.45258	3.47214	3.50493	3.52652	3.54919	3.55652	3.52967	3.51336	3.55915	3.5697	3.58509	3.6073	3.6297	3.65361	3.67449	3.69268	3.71109	3.73235	3.75122	3.76126	3.77094	3.77225	3.7783	3.78276	3.78863	3.792	3.79669	3.80043	3.80477	3.80711	3.81011	3.81053	3.81144	3.80965	3.80886	3.80295	3.79949	3.80015	3.79607	3.78088	3.71691	3.64056	3.5203	3.72717	3.79266	2.81234	3.69864	3.19064	3.0653	3.66693	3.2723	3.36101	3.55044	3.55112	3.56433	3.53293	3.50539	3.46122	3.44891	3.44033	3.44568	3.43031	3.39709	3.36371	3.36717	3.36391	3.3654	3.4323	3.43514	3.45045	3.46616	3.49669	3.52403	3.4844	3.43177	3.44907	3.43036	3.43407	3.43683	3.47673	3.52294	3.57105	3.62004	3.67694	3.52837	3.55645	3.59638	3.61098	3.61009	3.61917	3.61084	3.61369	3.59583	3.60018	3.67501	3.7691	4.02477
0	0	3.90002	3.94062	4.0142	4.11813	4.06609	4.02583	3.97253	3.9272	3.84325	3.75857	3.67829	3.60751	3.5447	3.49991	3.44275	3.40403	3.4153	3.44398	3.4788	3.54653	3.5702	3.60357	3.63581	3.64104	3.66113	3.68252	3.68867	3.70122	3.70245	3.71121	3.68908	3.68045	3.66868	3.65227	3.63818	3.62571	3.61443	3.60231	3.59559	3.58673	3.56974	3.54357	3.53352	3.56964	3.59059	3.6217	3.64608	3.69962	3.7442	3.77819	3.83235	3.87565	3.84767	3.82018	3.82033	3.84753	3.87252	3.85838	3.83435	3.79649	3.7481	3.69527	3.63061	3.61013	3.58843	3.55581	3.63234	3.60291	3.5849	3.58064	3.57688	3.66897	3.7305	3.90465	3.91194	3.90427	3.89766	3.88103	3.866	3.8397	3.80545	3.7704	3.73259	3.69558	3.65375	3.61258	3.57604	3.52932	3.53486	3.56382	3.63407	3.68	3.74562	3.75439	3.73474	3.71358	3.68602	3.64462	3.46298	3.5061	3.55801	3.57288	3.53763	3.50991	3.50663	3.50996	3.52122	3.53543	3.53273	3.50994	3.50895	3.51845	3.53149	3.58476	3.60066	3.63704	3.66508	3.69742	3.72566	3.75398	3.7818	3.74827	3.72467	3.70644	3.68789	3.70053	3.69788	3.69041	3.69169	3.69106	3.69373	3.69739	3.69652	3.70509	3.71062	3.72134	3.7294	3.73815	3.74586	3.75776	3.76643	3.72994	3.61898	3.57546	3.51037	3.45361	3.46136	3.45717	3.46591	3.47987	3.48822	3.48981	3.4941	3.49971	3.50282	3.51173	3.46895	3.46904	3.47685	3.4855	3.49856	3.50956	3.53337	3.55619	3.58355	3.60936	3.63931	3.67052	3.70205	3.73745	3.76779	3.7962	3.81335	3.8286	3.84796	3.86427	3.87974	3.89206	3.88823	3.87797	3.86975	3.84917	3.84534	3.84131	3.84156	3.84095	3.84326	3.84637	3.87798	3.88563	3.895	3.88925	3.88128	3.87191	3.84897	3.86028	3.86925	3.88201	3.87727	3.86931	3.86691	3.88872	3.87435	3.89877	3.92825	3.94227	3.9951	4.0337	4.06529	4.06583	4.0677	4.05541	4.04641	3.99952	3.97433	3.95962	3.94372	3.92894	3.93833	3.99038	4.03202	4.09153	4.15091	4.19661	4.20323	4.14971	4.1205	4.09462	4.07386	4.05502	4.04327	4.03993	4.01108	3.99162	3.97656	3.91716	3.66002	3.51417	3.28709	3.37022	3.50877	3.41625	3.50175	3.52398	3.69385	3.7211	3.73633	3.71348	3.7143	3.73353	3.76173	3.812	3.849	3.89866	3.92729	3.93597	3.93699	3.92954	3.91025	3.89787	3.871	3.8674	3.85639	3.85292	3.84717	3.8478	3.84637	3.83664	3.84306	3.85924	3.87352	3.89631	3.92154	3.93056	3.93992	3.94729	3.95037	3.95599	3.92895	3.91633	3.90831	3.88343	3.8686	3.86416	3.85798	3.9181	3.96052	3.98162	4.02414	4.04213	4.069	4.07071	4.05332	3.96804	3.91402	3.83797	3.75706	3.70419	3.64746	3.59982	3.57232	3.58168	3.58547	3.6548	3.70583	3.75313	3.8073	3.91954	3.98928	4.07493	4.1396	4.191	4.24665	4.30081	4.31483	4.25695	4.16989	4.06587	3.95352	3.84485	3.73662	3.62807	3.47137	3.40707	3.41142	3.41636	3.44034	3.4705	3.51042	3.54551	3.58677	3.63097	3.67393	3.71563	3.76395	3.78919	3.81758	3.84453	3.87198	3.89459	3.91762	3.92763	3.93772	3.95177	3.95077	3.95798	3.9778	3.97338	3.96489	3.95514	3.94346	3.93028	3.91629	3.90098	3.88386	3.86883	3.85063	3.83535	3.81648	3.80053	3.78242	3.77133	3.74211	3.73078	3.72553	3.72617	3.7248	3.72923	3.73477	3.74343	3.75864	3.79227	3.82031	3.84102	3.86074	3.87912	3.87088	3.82619	3.78137	3.74366	3.73671	3.80145	3.8395	3.86268	3.8852	3.903	3.91932	3.91664	3.90601	3.88987	3.90422	3.92368	3.93787	3.92041	3.90125	3.87706	3.82278	3.75367	3.73496	3.72269	3.71081	3.70021	3.69928	3.799	3.80342	3.80634	3.80904	3.81623	3.81565	3.81094	3.80874	3.8035	3.8	3.79366	3.78689	3.77879	3.7706	3.75199	3.7403	3.72702	3.7151	3.7001	3.68952	3.68125	3.66978	3.66171	3.67465	3.6891	3.73269	3.78784	3.82679	3.86251	3.92512	3.91808	3.9095	3.90108	3.88998	3.88624	3.8732	3.86457	3.85222	3.84181	3.82888	3.81691	3.80419	3.78412	3.75652	3.75628	3.75386	3.76025	3.76766	3.78085	3.803	3.85998	3.89856	3.91027	3.91688	3.92051	3.91911	3.91298	3.84811	3.82652	3.80516	3.78807	3.77201	3.76327	3.75058	3.76384	3.76952	3.78146	3.78666	3.80421	3.81646	3.83264	3.8433	3.85871	3.8674	3.87602	3.88879	3.91693	3.93034	3.934	3.9358	3.94381	3.94959	3.95776	3.9688	3.98162	4.02559	4.07568	4.19909	4.28596	4.37405	4.45064	4.53241	4.61347	4.63975	4.62276	4.55715	4.49937	4.43228	4.36733	4.28921	4.20504	4.12508	4.00099	3.9275	3.85425	3.79045	3.79447	3.78247	3.78061	3.78053	3.77037	3.75718	3.75158	3.72218	3.6982	3.66566	3.64159	3.59062	3.39592	3.39274	3.40136	3.41531	3.42932	3.50082	3.56597	3.61314	3.64756	3.67821	3.70963	3.73477	3.76163	3.76643	3.78421	3.79634	3.80939	3.81613	3.81584	3.81096	3.80619	3.79872	3.79071	3.7792	3.7666	3.74918	3.72953	3.70698	3.6808	3.65743	3.62929	3.60609	3.57718	3.55534	3.52767	3.50624	3.47897	3.45734	3.43034	3.4078	3.3987	3.37967	3.35411	3.33251	3.30412	3.27841	3.24838	3.21425	3.18287	3.11731	2.71111	3.26723	3.89573	3.64817	3.3744	3.19784	3.08145	3.01601	2.96263	2.92384	2.97084	3.03263	3.10288	3.17988	3.26471	3.35363	3.43051	3.51272	3.58748	3.68441	3.69306	3.68641	3.64159	3.59829	3.51904	3.46795	3.41936	3.37768	3.34346	3.30625	3.28204	3.25371	3.23931	3.26153	3.28792	3.31118	3.33486	3.35994	3.38571	3.41557	3.44038	3.46951	3.48958	3.52467	3.51311	3.52181	3.55583	3.59585	3.63288	3.65229	3.65051	3.6525	3.64777	3.64784	3.6608	3.64278	3.62447	3.61227	3.62036	3.67498	3.71437	3.74887	3.71455	3.67536	3.59815	3.51182	3.42035	3.32667	3.31086	3.34485	3.40175	3.45621	3.51075	3.58315	3.66362	3.6992	3.72276	3.74774	3.77002	3.73284	3.70095	3.65928	3.62266	3.57471	3.52925	3.48404	3.43668	3.39749	3.28386	3.26635	3.29282	3.31731	3.35174	3.39669	3.44034	3.4731	3.50473	3.54323	3.57224	3.61059	3.60376	3.59993	3.59932	3.5966	3.6002	3.59507	3.60569	3.6182	3.64257	3.67	3.67712	3.68255	3.67716	3.66525	3.63173	3.63144	3.62887	3.62994	3.62739	3.63018	3.62759	3.63117	3.65085	3.65494	3.6634	3.65468	3.63542	3.62267	3.60543	3.58889	3.5768	3.5653	3.56228	3.57019	3.54712	3.5179	3.49968	3.47581	3.44091	3.40085	3.36373	3.32656	3.28976	3.25769	3.22393	3.19501	3.16795	3.15556	3.12944	3.12688	3.13217	3.14427	3.22367	3.2693	3.30912	3.39645	3.44119	3.49139	3.52131	3.55417	3.56977	3.47945	3.41055	3.29144	3.23878	3.21424	3.34492	3.46159	3.61097	3.54364	3.54608	3.54721	3.58609	3.60624	3.6288	3.65647	3.63073	3.5839	3.52932	3.49225	3.43038	3.34128	3.50877	3.53747	3.56787	3.59452	3.62768	3.66972	3.71445	3.74814	3.7724	3.77453	3.73462	3.67342	3.59582	3.50343	3.42356	3.3513	3.28863	3.27038	3.27697	3.30646	3.34469	3.38028	3.42597	3.47153	3.51644	3.54344	3.55904	3.57777	3.59252	3.59185	3.5736	3.55551	3.53051	3.5232	3.49959	3.46753	3.43217	3.39183	3.35451	3.31307	3.28713	3.30027	3.32748	3.31052	3.28367	3.28556	3.38735	3.61347	3.64454	3.57895	3.32031	3.23614	3.03736	3.08177	3.21001	3.29888	3.37184	3.43011	3.46864	3.48654	3.51643	3.54578	3.57845	3.5988	3.61858	3.63753	3.66514	3.68337	3.70136	3.71884	3.7383	3.74433	3.74737	3.74706	3.74122	3.73462	3.72036	3.708	3.69217	3.67713	3.66165	3.64458	3.62787	3.60915	3.58975	3.56965	3.54903	3.52748	3.50481	3.48783	3.47053	3.45581	3.44403	3.43201	3.42519	3.41614	3.41398	3.40808	3.41515	3.42894	3.43165	3.4393	3.4439	3.45163	3.46336	3.47313	3.48977	3.47659	3.50615	3.5427	3.57941	3.60688	3.59042	3.5783	3.57705	3.57561	3.57541	3.57803	3.62172	3.67716	3.74653	3.79245	3.8393	3.87824	3.84297	3.73779	3.66539	3.6171	3.5624	3.50401	3.44437	3.40374	3.37156	3.33984	3.31853	3.3218	3.31931	3.32236	3.33005	3.33662	3.35503	3.37188	3.38831	3.40431	3.4222	3.44156	3.46154	3.47952	3.50453	3.52519	3.55148	3.56703	3.58221	3.59771	3.61344	3.62831	3.6437	3.6566	3.67178	3.68145	3.69572	3.70383	3.7054	3.70535	3.71068	3.71362	3.71742	3.71771	3.72056	3.70853	3.69477	3.67702	3.681	3.68756	3.70963	3.69178	3.66745	3.63792	3.6065	3.52735	3.46084	3.38054	3.28164	3.2025	3.14706	3.14889	3.26204	3.34314	3.43131	3.43529	3.50821	3.55749	3.61202	3.64851	3.68539	3.65378	3.60887	3.56279	3.51141	3.46862	3.41632	3.37074	3.32581	3.28414	3.25008	3.25544	3.2349	3.2549	3.27673	3.30384	3.33327	3.3699	3.40169	3.44697	3.49649	3.51908	3.54185	3.56015	3.57688	3.56893	3.56792	3.56879	3.54514	3.55005	3.55515	3.56345	3.56275	3.57016	3.57251	3.58665	3.58866	3.62283	3.6556	3.62567	3.58597	3.55339	3.53569	3.55104	3.59705	3.60987	3.6162	3.60035	3.56302	3.53115	3.50587	3.46503	3.43569	3.40773	3.37737	3.35256	3.32214	3.30102	3.2735	3.25612	3.22967	3.25795	3.27113	3.26211	3.26089	3.25545	3.24973	3.23891	3.23335	3.22021	3.21411	3.19568	3.1879	3.16536	3.15466	3.12896	3.11322
0	20	2.97185	3.01191	3.10923	3.18123	3.25471	3.25686	3.30906	3.34311	3.36317	3.37428	3.3828	3.38846	3.41241	3.43963	3.48378	3.466	3.44173	3.41578	3.40224	3.41174	3.41391	3.43461	3.48323	3.47959	3.4727	3.47762	3.47916	3.48751	3.49836	3.51269	3.45606	3.32895	3.23943	3.1837	3.15579	3.13405	3.24678	3.30758	3.38222	3.42095	3.42912	3.40472	3.36473	3.32462	3.29007	3.25546	3.22415	3.23431	3.25765	3.31967	3.31823	3.33765	3.37694	3.4344	3.50377	3.56054	3.62977	3.6518	3.67823	3.66811	3.63871	3.53841	3.44519	3.41157	3.35416	3.3432	3.36617	3.38391	3.4195	3.44452	3.45109	3.50857	3.55454	3.59655	3.5239	3.51764	3.38318	3.20049	3.1468	3.18072	3.22385	3.44347	3.41566	3.3967	3.37109	3.36443	3.34342	3.3329	3.32008	3.34002	3.34767	3.35034	3.3524	3.31405	3.31229	3.29448	3.26321	3.2907	3.30065	3.28969	3.31279	3.31759	3.23597	3.22431	3.2633	3.26587	3.33842	3.45033	3.49689	3.56446	3.56869	3.58359	3.57123	3.60607	3.65873	3.65187	3.52116	3.39835	3.24731	3.17963	3.08758	3.05656	3.06047	3.21684	3.32397	3.38119	3.4251	3.4687	3.51648	3.55915	3.59624	3.60509	3.59463	3.54691	3.48988	3.38503	3.33601	3.34653	3.36087	3.46822	3.52173	3.51933	3.51643	3.52114	3.5246	3.52707	3.54188	3.55471	3.52316	3.51401	3.51164	3.50797	3.50381	3.50336	3.52531	3.55233	3.61571	3.64215	3.61165	3.49331	3.35114	3.21846	3.15263	3.11864	3.16387	3.20595	3.21673	3.26188	3.30212	3.35711	3.45476	3.59435	3.71253	3.74182	3.72027	3.6648	3.58211	3.49661	3.44628	3.43978	3.41531	3.36725	3.3771	3.3768	3.36683	3.37615	3.38728	3.43966	3.4718	3.51331	3.55581	3.58689	3.59198	3.59891	3.62353	3.65597	3.7132	3.80019	3.82415	3.84981	3.87841	3.90819	3.93158	3.83739	3.70524	3.59641	3.55505	3.51413	3.47146	3.47064	3.45329	3.43686	3.48768	3.51789	3.57584	3.59681	3.63078	3.68592	3.73419	3.72657	3.6764	3.62395	3.58398	3.52599	3.46857	3.44225	3.3993	3.34738	3.15074	3.05864	3.12246	3.24141	3.39934	3.50322	3.58777	3.66579	3.70496	3.69575	3.4967	3.41241	3.3386	3.35065	3.39276	3.38629	3.37168	3.38321	3.3738	3.33065	3.35137	3.41652	3.46403	3.52284	3.58865	3.60405	3.54272	3.53817	3.55035	3.55853	3.58145	3.59324	3.62991	3.68648	3.73848	3.75926	3.82851	3.85905	3.84091	3.79438	3.75276	3.68163	3.61608	3.52272	3.41549	3.30375	3.19106	3.06478	2.95486	2.83899	3.63302	3.65027	3.67685	3.59546	3.69332	3.68801	3.66194	3.63154	3.60544	3.57138	3.53921	3.47455	3.46676	3.47414	3.4632	3.45977	3.44972	3.46553	3.47136	3.49274	3.55045	3.62215	3.72353	3.74512	3.73432	3.48727	3.38931	3.32765	3.29145	3.30348	3.31621	3.4639	3.585	3.66859	3.70187	3.63045	3.59558	3.60531	3.60945	3.60549	3.589	3.48598	3.41036	3.40877	3.44762	3.44336	3.50304	3.55177	3.60907	3.69986	3.74309	3.77088	3.75227	3.72806	3.74687	3.74783	3.69554	3.6476	3.56085	3.55194	3.54765	3.54308	3.51349	3.47062	3.43872	3.36111	3.35634	3.40128	3.47383	3.60987	3.67805	3.76794	3.81482	3.86846	3.90531	3.87671	3.85199	3.81099	3.79249	3.7748	3.75949	3.74576	3.73449	3.72272	3.76855	3.79759	3.82959	3.82991	3.8319	3.83601	3.77986	3.70575	3.6384	3.60365	3.59141	3.5906	3.60567	3.59889	3.6211	3.63233	3.67604	3.70285	3.75129	3.76698	3.7635	3.77492	3.75395	3.75993	3.77083	3.74276	3.7353	3.73083	3.70587	3.69178	3.65751	3.60865	3.55382	3.4709	3.34142	3.27156	3.20997	3.16692	3.16155	3.1588	3.20905	3.29998	3.40393	3.452	3.54322	3.60992	3.65687	3.63595	3.6249	3.56251	3.25653	3.13248	3.08688	3.06855	3.05496	3.04345	3.04228	3.1063	3.17159	3.29839	3.42164	3.52999	3.63317	3.68627	3.71439	3.71994	3.72988	3.73895	3.75231	3.72416	3.71658	3.71434	3.7087	3.68576	3.66918	3.66754	3.64302	3.69187	3.6985	3.69526	3.66509	3.73588	3.77469	3.7569	3.72568	3.66841	3.65466	3.64294	3.6323	3.54125	3.50826	3.46039	3.4313	3.42179	3.45103	3.47496	3.49426	3.50755	3.5065	3.5041	3.53936	3.58627	3.61149	3.64392	3.67268	3.71154	3.72256	3.75129	3.77025	3.77937	3.78739	3.79722	3.81176	3.82093	3.84799	3.86458	3.89199	3.89315	3.89551	3.85689	3.82111	3.76431	3.71945	3.67293	3.63277	3.61588	3.57784	3.55977	3.57054	3.59999	3.68528	3.74587	3.81554	3.87296	3.93148	3.9547	3.93694	3.89331	3.86606	3.75588	3.67646	3.61628	3.5605	3.50989	3.45133	3.39542	3.37699	3.19021	3.51733	3.7535	4.04421	3.99517	3.97828	3.92877	3.85799	3.77141	3.66804	3.58018	3.48937	3.42198	3.4069	3.4345	3.49651	3.58367	3.64142	3.68389	3.71395	3.72269	3.76083	3.82618	3.87945	3.89369	3.90285	3.91481	3.91983	3.92614	3.89386	3.84788	3.79906	3.74846	3.69615	3.64134	3.57065	3.51847	3.46591	3.40322	3.34972	3.32383	3.29894	3.28036	3.28244	3.28938	3.31392	3.35004	3.33874	3.32655	3.32015	3.30859	3.29849	3.28534	3.30925	3.33243	3.35608	3.37789	3.37194	3.37564	3.38541	3.39273	3.32881	3.29107	3.29273	3.31324	3.33436	3.3683	3.44375	3.5588	3.63814	3.63012	3.62531	3.61751	3.61308	3.6067	3.60582	3.60194	3.60249	3.60035	3.63286	3.64781	3.66289	3.6561	3.64081	3.61798	3.58325	3.57338	3.58479	3.5861	3.57512	3.54061	3.48916	3.43155	3.36141	3.29828	3.24124	3.19702	3.17953	3.22937	3.2853	3.39269	3.48293	3.48963	3.47187	3.45663	3.48286	3.54104	3.62113	3.70941	3.7723	3.76247	3.73111	3.65161	3.56075	3.42422	3.32709	3.26469	3.23135	3.22466	3.2427	3.26144	3.3063	3.31948	3.23298	3.10874	3.03525	2.99368	2.97061	2.94147	2.96082	3.00736	3.08768	3.19874	3.27439	3.30812	3.38935	3.45159	3.51502	3.51714	3.4647	3.44553	3.45709	3.51031	3.49168	3.45965	3.44271	3.42853	3.39894	3.37189	3.37775	3.38543	3.38743	3.40929	3.45666	3.49747	3.5556	3.56905	3.57991	3.58685	3.56814	3.55091	3.47414	3.39658	3.32542	3.24648	3.14728	3.09307	3.02465	3.03603	3.00416	3.02668	3.09672	3.21698	3.38291	3.40701	3.40662	3.41713	3.42933	3.4444	3.4652	3.51169	3.54738	3.51341	3.47169	3.37215	3.24892	3.19338	3.15831	3.22263	3.31911	3.4547	3.4699	3.48514	3.48256	3.45715	3.45049	3.44149	3.43871	3.46602	3.48517	3.50833	3.48418	3.42754	3.38718	3.34936	3.26971	3.18631	3.15996	3.16626	3.17902	3.22325	3.33518	3.46517	3.59648	3.6611	3.69263	3.70151	3.70038	3.70515	3.71724	3.71086	3.66629	3.65454	3.63796	3.57706	3.53514	3.49278	3.43013	3.37411	3.31935	3.26325	3.247	3.26596	3.27228	3.28742	3.29557	3.30685	3.26873	3.2671	3.3146	3.33032	3.33307	3.32203	3.29474	3.24106	3.25806	3.26739	3.30721	3.34834	3.3912	3.41473	3.44634	3.48014	3.51103	3.55832	3.57961	3.59103	3.60461	3.61295	3.63374	3.56652	3.51303	3.43611	3.34578	3.22602	3.15759	3.0745	3.05899	3.05004	3.12335	3.19237	3.25463	3.34009	3.39646	3.4077	3.44815	3.46387	3.46864	3.4374	3.42437	3.432	3.43489	3.38411	3.3504	3.36569	3.39568	3.40455	3.41906	3.42831	3.52529	3.57814	3.62304	3.6912	3.71199	3.73299	3.70486	3.64963	3.6115	3.56609	3.53714	3.50718	3.50404	3.49886	3.48862	3.48409	3.48211	3.4805	3.48174	3.51333	3.53667	3.53615	3.54533	3.541	3.54451	3.54553	3.55086	3.55244	3.55983	3.56249	3.56899	3.55088	3.50101	3.46329	3.44002	3.4168	3.41397	3.4285	3.44423	3.45874	3.46264	3.46368	3.47616	3.48336	3.48586	3.50595	3.52141	3.5662	3.59813	3.59906	3.60961	3.60626	3.59522	3.5578	3.54113	3.51396	3.4826	3.4771	3.48213	3.48416	3.5003	3.53633	3.56131	3.59108	3.62047	3.64083	3.65568	3.62928	3.56153	3.4902	3.38778	3.32884	3.2735	3.23978	3.24498	3.29406	3.36221	3.41735	3.52046	3.57981	3.64112	3.67344	3.68076	3.70771	3.67765	3.58662	3.49797	3.48934	3.50077	3.51161	3.5351	3.56464	3.59089	3.62429	3.62971	3.62949	3.65795	3.6884	3.71648	3.70715	3.7066	3.69152	3.67708	3.6356	3.55437	3.46456	3.39263	3.30004	3.23219	3.16153	3.08628	3.004	2.92248	2.87652	2.87275	2.88672	2.95635	3.01171	3.12238	3.22373	3.35121	3.43603	3.44688	3.46136	3.46507	3.46465	3.49296	3.51013	3.52045	3.53304	3.54745	3.56166	3.57148	3.57718	3.5672	3.57639	3.56982	3.56653	3.5656	3.54242	3.52982	3.50616	3.51545	3.5412	3.5569	3.53514	3.49624	3.48572	3.47542	3.46474	3.44514	3.44005	3.43411	3.42998	3.43076	3.42247	3.44253	3.45415	3.43598	3.43282	3.45609	3.50553	3.54423	3.55974	3.60981	3.60068	3.58799	3.58692	3.56689	3.5676	3.61281	3.62584	3.6358	3.61286	3.54085	3.52689	3.49086	3.46736	3.46464	3.45235	3.48564	3.49725	3.49565	3.49939	3.51804	3.54912	3.55751	3.57515	3.56957	3.56386	3.60154	3.59337	3.58363	3.54301	3.5311	3.51977	3.51691	3.54083	3.55526	3.59934	3.65121	3.69391	3.70167	3.70113	3.70069	3.70372	3.697	3.69413	3.68805	3.70848	3.68482	3.67263	3.63782	3.6159	3.61552	3.6006	3.57707	3.55704	3.53163	3.51113	3.48705	3.43193	3.36314	3.30851	3.22818	2.94714
20	-20	3.83381	3.9114	4.06449	4.02936	3.98584	3.94949	3.90518	3.86155	3.83782	3.80605	3.78062	3.75785	3.73945	3.7174	3.69803	3.6833	3.66404	3.64479	3.62538	3.61479	3.6048	3.59943	3.60148	3.61046	3.62437	3.61989	3.64012	3.67668	3.7131	3.74188	3.75381	3.74897	3.71744	3.66011	3.6319	3.58929	3.53971	3.51616	3.49232	3.5085	3.55482	3.61563	3.68491	3.71932	3.6513	3.61744	3.58519	3.55285	3.41692	3.3334	3.31081	3.47075	3.44958	3.42393	3.40859	3.39006	3.36913	3.36916	3.36794	3.37418	3.35047	3.36541	3.37861	3.39875	3.41965	3.42966	3.42516	3.42037	3.41595	3.39385	3.38939	3.37893	3.36996	3.32956	3.29929	3.26533	3.23712	3.21544	3.20349	3.19984	3.22394	3.34069	3.43779	3.50356	3.55258	3.5942	3.63331	3.63654	3.63768	3.64041	3.63562	3.60671	3.54803	3.53276	3.52007	3.51352	3.52138	3.53332	3.5347	3.55821	3.57705	3.60361	3.63194	3.6405	3.64467	3.64751	3.65387	3.65803	3.66598	3.67112	3.68004	3.68575	3.68996	3.70134	3.69931	3.66597	3.63881	3.61514	3.55532	3.54772	3.54004	3.55353	3.56033	3.56579	3.57497	3.58886	3.5946	3.60495	3.6125	3.61911	3.62614	3.63303	3.63715	3.64202	3.63395	3.59821	3.53074	3.41214	3.20631	2.35496	2.7933	3.08028	3.63433	3.63443	3.63193	3.63288	3.63103	3.63242	3.63132	3.63316	3.63291	3.63518	3.63592	3.63863	3.64057	3.64382	3.64739	3.64561	3.62136	3.59794	3.57724	3.55472	3.52837	3.48019	3.41348	3.43915	3.46258	3.55228	3.6268	3.70498	3.7722	3.83006	3.87402	3.92812	3.97775	3.97694	3.86923	3.7935	3.70891	3.65531	3.67745	3.64988	3.62755	3.57673	3.51235	3.45382	3.4359	3.46603	3.49374	3.49738	3.50792	3.52117	3.54155	3.55897	3.60102	3.6406	3.68753	3.73031	3.78295	3.82405	3.87483	3.91552	3.91154	3.87806	3.83525	3.80068	3.75921	3.71766	3.68205	3.63921	3.60319	3.56815	3.53642	3.5111	3.46507	3.49326	3.57229	3.67608	3.66803	3.64333	3.67973	3.75358	3.80779	3.8705	3.96493	4.00985	4.04851	4.08479	4.09941	4.04568	3.99496	3.93052	3.84731	3.7444	3.66248	3.60219	3.54368	3.53178	3.51862	3.50276	3.48665	3.47876	3.47106	3.46894	3.46759	3.46948	3.47281	3.47747	3.48418	3.49063	3.49964	3.50718	3.51783	3.52605	3.53789	3.54662	3.55939	3.56854	3.58199	3.59153	3.60553	3.61577	3.61478	3.62568	3.63643	3.64954	3.66232	3.67458	3.67267	3.67454	3.67034	3.67545	3.67787	3.67009	3.68443	3.67191	3.65176	3.62813	3.61522	3.60985	3.59242	3.55736	3.5232	3.52476	3.58451	3.62206	3.66267	3.7013	3.74621	3.79046	3.83502	3.86159	3.84627	3.83667	3.82491	3.81646	3.80939	3.80268	3.80008	3.81051	3.81711	3.82618	3.8396	3.85841	3.86217	3.86638	3.87036	3.85721	3.83655	3.81453	3.79363	3.7738	3.75417	3.73695	3.71939	3.72237	3.71594	3.70994	3.70051	3.69651	3.69084	3.68844	3.68206	3.67919	3.67233	3.66263	3.65879	3.64728	3.65333	3.65972	3.66729	3.68728	3.70198	3.74674	3.74926	3.74735	3.74557	3.73146	3.73166	3.73464	3.73342	3.73308	3.73174	3.73201	3.72705	3.72796	3.72778	3.73081	3.73275	3.7376	3.74195	3.74821	3.75488	3.76192	3.77371	3.78009	3.78985	3.79559	3.81025	3.77465	3.76001	3.73763	3.71767	3.68563	3.63017	3.58491	3.55735	3.53496	3.51651	3.50282	3.51063	3.51539	3.52644	3.52679	3.53067	3.6142	3.64745	3.68453	3.71745	3.74122	3.7758	3.72124	3.27968	3.18423	3.48999	3.57137	3.63804	3.61506	3.58879	3.55986	3.53299	3.51233	3.49136	3.46856	3.45376	3.44007	3.43428	3.41917	3.40796	3.39767	3.35574	3.36498	3.37231	3.38728	3.39973	3.41955	3.43663	3.46048	3.48176	3.50876	3.53435	3.56401	3.59339	3.62301	3.65456	3.68775	3.71918	3.74791	3.77406	3.80811	3.80826	3.79757	3.79268	3.76936	3.73706	3.70269	3.66978	3.62594	3.55394	3.5158	3.47786	3.44227	3.40195	3.37085	3.55211	3.56314	3.56969	3.61071	3.62307	3.63339	3.64593	3.65756	3.66767	3.68058	3.68954	3.70148	3.69352	3.70025	3.70259	3.70743	3.70503	3.70625	3.68849	3.61893	3.52839	3.46957	3.40608	3.39672	3.38422	3.37298	3.35918	3.3435	3.34314	3.34638	3.35067	3.35981	3.36822	3.38205	3.3952	3.41348	3.43308	3.45583	3.48044	3.50619	3.51635	3.52332	3.49735	3.45594	3.41808	3.39071	3.36947	3.35196	3.38569	3.40457	3.42518	3.44831	3.47758	3.50944	3.5311	3.53238	3.53516	3.5388	3.54396	3.54708	3.55518	3.56319	3.57252	3.58102	3.59347	3.60548	3.62273	3.27181	3.48581	3.59001	3.70403	3.72609	3.72373	3.69843	3.6458	3.64829	3.6513	3.65239	3.6525	3.63662	3.64631	3.65638	3.66706	3.66218	3.65435	3.64651	3.63879	3.6313	3.58608	3.5474	3.49372	3.48405	3.47863	3.51123	3.52926	3.52422	3.52117	3.48972	3.45221	3.41771	3.38646	3.34136	3.33739	3.33291	3.36608	3.38731	3.4051	3.43228	3.45767	3.48248	3.47264	3.46222	3.45105	3.42319	3.41519	3.40853	3.40342	3.39992	3.39818	3.3981	3.38683	3.37106	3.35343	3.336	3.32149	3.34101	3.39618	3.44088	3.47413	3.48634	3.51125	3.52265	3.53791	3.54854	3.56158	3.57015	3.57932	3.58528	3.58973	3.59308	3.58935	3.58591	3.54888	3.53172	3.51179	3.51709	3.47653	3.43582	3.39659	3.36154	3.32369	3.32565	3.32256	3.3096	3.341	3.37325	3.41469	3.46433	3.50632	3.55497	3.59304	3.60043	3.604	3.60417	3.60022	3.60794	3.60123	3.58837	3.57911	3.56324	3.53732	3.4646	3.4269	3.38313	3.3363	3.28924	3.24383	3.20382	3.17341	3.11299	3.1041	3.09629	3.09217	3.1758	3.21341	3.25699	3.29145	3.35494	3.39825	3.44132	3.51014	3.52364	3.53312	3.54225	3.54245	3.49255	3.47505	3.42224	3.40237	3.393	3.38381	3.37713	3.37554	3.37356	3.37969	3.38268	3.41255	3.41892	3.42961	3.40502	3.38242	3.35889	3.3384	3.31627	3.30424	3.28963	3.25383	3.25934	3.26988	3.29278	3.31863	3.34464	3.37758	3.40521	3.4376	3.46754	3.50065	3.53469	3.56553	3.59506	3.62301	3.65028	3.67459	3.69897	3.71941	3.74073	3.73753	3.74727	3.75306	3.75993	3.76682	3.77144	3.77523	3.77764	3.77846	3.77864	3.77669	3.77466	3.77046	3.76634	3.76035	3.75415	3.75014	3.74092	3.73152	3.71975	3.70856	3.69798	3.68349	3.67225	3.66306	3.63976	3.61898	3.59379	3.57028	3.5441	3.51873	3.49274	3.46689	3.443	3.41888	3.39925	3.37925	3.36394	3.3514	3.34701	3.33665	3.35883	3.38478	3.49801	3.55895	3.61341	3.65722	3.56359	3.5012	3.46363	3.51076	3.59177	3.72564	3.82027	3.78809	3.75172	3.71423	3.68263	3.64289	3.55229	3.56516	3.5268	3.45669	3.37281	3.2997	3.25829	3.22294	3.1931	3.18487	3.21758	3.25311	3.29615	3.2847	3.25989	3.24085	3.23013	3.21996	3.24477	3.27402	3.41047	3.45991	3.47879	3.46591	3.4499	3.46336	3.47462	3.49179	3.51348	3.52258	3.49118	3.39124	3.28555	3.16765	3.05551	2.93912	3.24792	3.38794	3.49864	3.51816	3.52859	3.53408	3.53249	3.5276	3.51901	3.50841	3.47189	3.42588	3.38302	3.33958	3.33428	3.40524	3.36871	3.36557	3.36965	3.37387	3.38528	3.39824	3.41415	3.41102	3.43693	3.46445	3.48998	3.51608	3.54059	3.56461	3.58102	3.57061	3.56373	3.5531	3.55254	3.544	3.54924	3.53055	3.51226	3.4941	3.47846	3.45785	3.44598	3.43299	3.42902	3.41518	3.43547	3.43315	3.40709	3.40555	3.40008	3.40296	3.39908	3.39049	3.39914	3.38852	3.37714	3.36087	3.35173	3.33856	3.33384	3.37998	3.38088	3.38954	3.39131	3.39657	3.39597	3.39504	3.41146	3.39391	3.36919	3.34574	3.32012	3.29219	3.26634	3.23614	3.21092	3.1803	3.15191	3.12119	3.07468	3.03996	3.0201	3.00345	3.00461	2.99213	2.97171	3.00675	3.08011	3.15215	3.22311	3.29943	3.37986	3.46761	3.54406	3.6252	3.70182	3.76027	3.81558	3.83851	3.83525	3.80411	3.8018	3.7926	3.78591	3.77745	3.76751	3.75869	3.74527	3.73371	3.71693	3.7	3.68159	3.66431	3.63891	3.61296	3.57996	3.53238	3.50178	3.47392	3.44327	3.4194	3.39137	3.35999	3.33351	3.32639	3.39975	3.47649	3.5713	3.55242	3.53633	3.51839	3.50524	3.48931	3.47947	3.4669	3.45607	3.45426	3.44919	3.45092	3.4599	3.47047	3.48462	3.49965	3.51856	3.53704	3.55889	3.55445	3.54672	3.54608	3.52456	3.5288	3.54695	3.56213	3.58463	3.62535	3.63031	3.63011	3.6497	3.64538	3.64239	3.64146	3.64153	3.64264	3.64165	3.64448	3.61998	3.61592	3.6053	3.59888	3.59412	3.5908	3.5874	3.56247	3.53112	3.48515	3.46362	3.44817	3.43551	3.4271	3.43144	3.43572	3.43694	3.45122	3.46076	3.47382	3.48537	3.49649	3.51173	3.52603	3.53183	3.51074	3.4927	3.47215	3.45304	3.42722	3.39148	3.34268	3.27892	3.236	3.19216	3.15395	3.11823	3.08632	3.0589	3.05872	3.06974	3.08244	3.10419	3.12218	3.15032	3.17245	3.20537	3.24327	3.27861	3.30987	3.30623	3.30253	3.301	3.29979	3.30127	3.30598	3.31053	3.31513	3.32129	3.32781	3.33546	3.34386	3.35307	3.36359	3.37457	3.38219	3.39937	3.41282	3.42157	3.44598	3.46922	3.49631	3.52426	3.54349	3.53416	3.52089	3.50954	3.49804	3.48815	3.47472	3.47083	3.46385	3.46385	3.461	3.43107	3.3839	3.30514	3.25818	3.19745	3.14094	3.09194	3.13797	2.65032
20	0	2.60328	3.20289	3.38461	3.4812	3.5369	3.55736	3.57788	3.59939	3.62087	3.64133	3.64789	3.60565	3.56433	3.52601	3.49313	3.46338	3.43984	3.41758	3.4045	3.39806	3.39776	3.40247	3.41403	3.43299	3.44463	3.46146	3.4929	3.48731	3.45842	3.42702	3.39542	3.36514	3.25328	3.1621	3.10544	3.07325	3.025	3.09289	3.18859	3.31385	3.37539	3.41251	3.45311	3.49156	3.53703	3.58093	3.62384	3.60629	3.64408	3.64663	3.6622	3.67852	3.67672	3.62658	3.58073	3.51314	3.41392	3.15108	3.16268	3.21936	3.30082	3.42405	3.56474	3.7631	3.75978	3.69875	3.59645	3.47647	3.36261	3.23673	3.08608	2.95668	2.8566	2.80793	2.7859	2.81872	2.89374	3.11452	3.27207	3.25512	3.21876	3.16418	3.10326	3.0412	3.00616	2.96686	2.96284	2.93312	2.94882	3.00745	3.16051	3.24853	3.33856	3.36588	3.36206	3.36141	3.39302	3.40604	3.41584	3.42418	3.43122	3.43372	3.37799	3.32742	3.24251	3.12836	3.00667	2.88619	2.8389	2.77821	2.71916	2.65672	2.55718	2.66055	2.83073	3.01437	3.16604	3.27601	3.36085	3.44208	3.4396	3.4112	3.37976	3.32761	3.27341	3.14333	3.12021	3.10325	3.08774	3.08429	3.09125	3.10746	3.13061	3.15736	3.18982	3.22123	3.25459	3.28403	3.31555	3.3454	3.36882	3.39558	3.38611	3.37625	3.36357	3.35561	3.34689	3.34292	3.33974	3.32313	3.33423	3.34642	3.38121	3.40708	3.41951	3.43351	3.4464	3.46586	3.48922	3.51151	3.5372	3.56681	3.59991	3.64435	3.68854	3.76078	3.7758	3.76984	3.75233	3.73284	3.70558	3.65076	3.59666	3.54922	3.54057	3.53658	3.54149	3.62066	3.64339	3.65909	3.66252	3.66104	3.66195	3.65877	3.65824	3.66054	3.64273	3.60048	3.57864	3.52296	3.45554	3.38225	3.32874	3.3474	3.32386	3.31863	3.31043	3.32189	3.33154	3.34604	3.35836	3.37871	3.39491	3.4191	3.43937	3.45961	3.47518	3.50003	3.53174	3.56128	3.5896	3.61823	3.58909	3.569	3.61603	3.664	3.6735	3.71464	3.7344	3.77211	3.57511	3.58469	3.67307	3.77331	3.83163	3.83764	3.8486	3.84099	3.82387	3.80839	3.79641	3.77776	3.7321	3.64923	3.5468	3.44093	3.33487	3.2288	3.1406	3.0545	2.98727	2.95529	2.9445	2.99791	3.05025	3.10282	3.18478	3.27906	3.38202	3.48621	3.5436	3.60881	3.66277	3.66232	3.64263	3.64483	3.65091	3.62498	3.6235	3.61667	3.61338	3.60959	3.57215	3.54647	3.51845	3.51318	3.50429	3.53314	3.51775	3.51328	3.50873	3.48254	3.45048	3.40548	3.36885	3.3088	3.26104	3.23161	3.19935	3.11711	3.13447	3.1636	3.19146	3.26784	3.33065	3.40435	3.47422	3.53691	3.60803	3.66407	3.69705	3.68326	3.65576	3.62858	3.58811	3.55362	3.50455	3.46691	3.4748	3.48847	3.50259	3.5644	3.59715	3.62983	3.64579	3.61454	3.58356	3.55072	3.52097	3.48813	3.46096	3.43044	3.40703	3.4057	3.39337	3.37705	3.36857	3.36249	3.35714	3.34688	3.34939	3.35401	3.36566	3.37204	3.38588	3.39682	3.4152	3.43172	3.4545	3.47139	3.4733	3.49795	3.51447	3.52599	3.54823	3.56723	3.58803	3.60572	3.54378	3.53164	3.50848	3.49344	3.47246	3.45262	3.3976	3.39758	3.39931	3.40308	3.40861	3.41863	3.509	3.51523	3.53061	3.5388	3.54603	3.54332	3.51476	3.49577	3.47045	3.43861	3.42673	3.42917	3.42382	3.43599	3.43821	3.45713	3.46617	3.4898	3.5048	3.53201	3.57409	3.60486	3.63275	3.65947	3.65638	3.63845	3.61385	3.591	3.5658	3.5377	3.51457	3.46	3.43008	3.39002	3.35353	3.3132	3.29762	2.90089	3.01261	3.09051	3.11581	3.11339	3.0929	3.05972	3.14899	3.15611	3.23252	3.25121	3.22005	3.26962	3.32065	3.37828	3.43418	3.49464	3.55338	3.61112	3.66855	3.71631	3.76373	3.76246	3.74286	3.72102	3.69993	3.67818	3.65729	3.63856	3.62045	3.62016	3.6709	3.69107	3.70673	3.70431	3.67159	3.63407	3.60115	3.5631	3.52545	3.46371	3.43843	3.41867	3.39895	3.3875	3.37392	3.40127	3.42273	3.42864	3.44097	3.45003	3.46332	3.47454	3.48824	3.49773	3.49805	3.50503	3.50918	3.52586	3.54201	3.57111	3.59032	3.59651	3.58846	3.56813	3.55191	3.53291	3.50721	3.463	3.45909	3.46084	3.47314	3.4841	3.50464	3.51695	3.50451	3.49274	3.47732	3.46602	3.44982	3.43562	3.42504	3.41211	3.40614	3.39958	3.39894	3.3998	3.40435	3.4132	3.44808	3.47479	3.49442	3.5122	3.5322	3.54	3.56663	3.57334	3.5709	3.59631	3.61287	3.62936	3.65342	3.67815	3.70344	3.73019	3.75811	3.78539	3.81395	3.82776	3.83572	3.8233	3.77404	3.74325	3.72441	3.69248	3.68453	3.68004	3.7113	3.74462	3.81924	3.72676	3.64856	3.57888	3.50391	3.41713	3.37419	3.32341	3.35058	3.35978	3.37339	3.38428	3.33851	3.31445	3.2948	3.29143	3.27037	3.23708	3.24952	3.26997	3.28939	3.32027	3.34501	3.38179	3.40909	3.42375	3.43351	3.44312	3.44203	3.429	3.44012	3.44121	3.47665	3.52319	3.52428	3.52363	3.51902	3.51249	3.48268	3.32885	3.4652	3.44671	3.43012	3.41353	3.40011	3.3849	3.36055	3.32911	3.30432	3.27755	3.25494	3.23242	3.21136	3.21346	3.20991	3.24439	3.24907	3.25982	3.27324	3.33007	3.36711	3.40122	3.43891	3.47839	3.50502	3.52788	3.53149	3.50656	3.4857	3.46781	3.41007	3.37204	3.35111	3.30976	3.32368	3.37657	3.41182	3.45746	3.49922	3.54462	3.54557	3.55563	3.56053	3.57511	3.58582	3.64341	3.67615	3.63069	3.59788	3.52023	3.45864	3.41158	3.37802	3.3627	3.36221	3.35923	3.33255	3.25069	3.26614	3.26891	3.27577	3.2764	3.27932	3.28275	3.28739	3.29233	3.31164	3.30241	3.29513	3.18287	3.16736	3.13384	3.09948	3.07955	3.15958	3.13504	3.11168	3.1001	3.12012	3.1558	3.20106	3.21241	3.16889	3.21911	3.2722	3.32273	3.37471	3.40115	3.41108	3.41893	3.42649	3.43481	3.44253	3.46166	3.48211	3.47798	3.46263	3.4502	3.43133	3.41153	3.39014	3.36638	3.34416	3.3168	3.29592	3.26533	3.23937	3.21572	3.17038	3.1905	3.20886	3.23656	3.31994	3.37856	3.43869	3.46987	3.48473	3.50362	3.52899	3.52396	3.51655	3.50659	3.47387	3.4478	3.42208	3.39993	3.36938	3.32492	3.28397	3.22206	3.21791	3.22927	3.23507	3.28387	3.32391	3.36678	3.38506	3.41595	3.43519	3.45527	3.47208	3.49344	3.49941	3.52262	3.51579	3.50501	3.50377	3.46573	3.42641	3.38937	3.35027	3.32015	3.28949	3.26084	3.23473	3.22096	3.23903	3.31315	3.36626	3.419	3.45402	3.4577	3.49653	3.49994	3.50439	3.51371	3.52138	3.5518	3.56591	3.36708	3.14613	3.29412	3.4403	3.58795	3.60628	3.57268	3.54531	3.54956	3.53163	3.52008	3.50604	3.49098	3.48301	3.46421	3.45561	3.44745	3.44283	3.44054	3.44029	3.44322	3.44672	3.45311	3.45928	3.46857	3.47661	3.48669	3.49604	3.50615	3.51394	3.49981	3.4514	3.40861	3.39068	3.37643	3.48868	3.36564	3.33672	3.30778	3.30759	3.3056	3.30895	3.32341	3.34575	3.37954	3.41998	3.48492	3.5228	3.51909	3.50521	3.48449	3.46837	3.46736	3.44984	3.43601	3.42041	3.40566	3.38986	3.37269	3.35663	3.32517	3.25857	3.20816	3.13919	3.1362	3.1694	3.20237	3.24743	3.29452	3.34598	3.4015	3.45761	3.51221	3.56512	3.60979	3.62907	3.64621	3.6271	3.58295	3.53049	3.47721	3.42017	3.35638	3.299	3.25341	3.22212	3.18836	3.18453	3.1762	3.17352	3.16531	3.16796	3.17156	3.176	3.18754	3.20224	3.21364	3.22665	3.24233	3.26552	3.28545	3.31302	3.32184	3.33041	3.33777	3.35113	3.36229	3.38898	3.40629	3.42683	3.443	3.46284	3.48247	3.49755	3.51684	3.51452	3.5046	3.51061	3.4708	3.32258	3.18547	2.91336	2.77277	2.85077	3.00197	3.21483	3.39847	3.36883	3.37448	3.41684	3.45823	3.50117	3.54821	3.58868	3.62515	3.64416	3.57272	3.49687	3.4208	3.31333	3.19387	3.10245	3.01758	2.90089	2.90917	2.93288	2.98353	3.04957	3.11089	3.1917	3.24717	3.28452	3.32538	3.34379	3.33444	3.39558	3.40267	3.4246	3.4482	3.45756	3.44621	3.42099	3.37207	3.38362	3.40729	3.42767	3.50456	3.56585	3.57785	3.60092	3.60627	3.65246	3.64226	3.62976	3.61874	3.57572	3.50624	3.43551	3.36732	3.30103	3.24003	3.1898	3.23211	3.27233	3.3365	3.43626	3.46895	3.47362	3.48353	3.49493	3.50109	3.50747	3.51124	3.48146	3.43267	3.45122	3.52557	3.53196	3.53969	3.55633	3.55606	3.55338	3.5495	3.53359	3.50684	3.47686	3.44781	3.41838	3.39666	3.36891	3.33553	3.29732	3.27319	3.25632	3.24934	3.23102	3.19271	3.16119	3.13181	3.10741	3.09002	3.07278	3.05833	3.04691	3.05112	3.04634	3.04614	3.048	3.0555	3.06916	3.0856	3.1148	3.14717	3.19599	3.25794	3.36485	3.45928	3.61155	3.70706	3.76183	3.77946	3.55342	3.42875	3.32323	3.24327	3.14794	3.11107	3.34851	3.61947	3.71147	3.76943	3.76743	3.76137	3.75473	3.74762	3.73785	3.70294	3.66872	3.63674	3.60998	3.58222	3.55058	3.51584	3.48385	3.45379	3.42648	3.39865	3.35691	3.33476	3.31917	3.30834	3.29618	3.29291	3.28696	3.29034	3.2919	3.30434	3.31385	3.3204	3.33213	3.38352	3.36608	3.34818	3.33271	3.31289	3.29903	3.27977	3.20047	3.1655	3.13949	3.11229	3.08927	3.07143	3.05315	3.04286	3.04282	3.10423	3.14523	3.2065	3.25624	3.30885	3.35166	3.35672	3.33851	3.31939	3.29904	3.29114	3.26945	3.24719
20	20	3.08862	3.3613	3.56911	3.78293	3.78702	3.77	3.74677	3.7155	3.68796	3.65442	3.63665	3.61188	3.609	3.59894	3.59707	3.61185	3.61524	3.63751	3.65972	3.68748	3.71517	3.70848	3.67731	3.65677	3.63976	3.60326	3.60723	3.60676	3.61057	3.6358	3.62225	3.65733	3.70855	3.76561	3.82317	3.83464	3.74636	3.60796	3.57275	3.57677	3.59693	3.55672	3.46205	3.34509	3.36639	3.4048	3.4576	3.4851	3.4837	3.52782	3.57968	3.66312	3.70578	3.724	3.77658	3.76142	3.7527	3.74265	3.72696	3.71445	3.69482	3.67793	3.65872	3.64021	3.62309	3.60455	3.59055	3.56411	3.55213	3.53936	3.53107	3.52395	3.52511	3.52384	3.52308	3.53407	3.54637	3.55597	3.55473	3.54313	3.52555	3.53005	3.54061	3.55341	3.55891	3.55821	3.55829	3.62552	3.63778	3.60374	3.54986	3.53529	3.52378	3.52862	3.50955	3.47807	3.47488	3.48171	3.50247	3.57037	3.60417	3.60596	3.60315	3.60257	3.60122	3.59911	3.59858	3.58483	3.53224	3.47259	3.43142	3.38538	3.34216	3.27234	3.30758	3.31924	3.35344	3.40256	3.44938	3.50907	3.56912	3.63062	3.69073	3.6385	3.69346	3.70701	3.81494	3.82554	3.83564	3.8441	3.83607	3.81197	3.7111	3.66128	3.5786	3.55639	3.53203	3.47226	3.39432	3.32432	3.25318	3.19586	3.17192	3.23251	3.2636	3.29372	3.3482	3.39012	3.44221	3.49414	3.54428	3.58939	3.63024	3.65281	3.64101	3.61179	3.5865	3.55446	3.50535	3.45266	3.4037	3.33806	3.29473	3.1878	3.18553	3.18464	3.19423	3.25452	3.29717	3.35133	3.40011	3.37959	3.38284	3.34742	3.33583	3.33397	3.35342	3.36404	3.38377	3.4005	3.4343	3.45468	3.4695	3.48889	3.50338	3.51136	3.46291	3.42141	3.41113	3.39868	3.39714	3.40876	3.44545	3.48542	3.5213	3.55006	3.59565	3.63009	3.67406	3.74809	3.81474	3.8353	3.84571	3.87666	3.86668	3.81099	3.8059	3.80672	3.83811	3.84608	3.83536	3.82208	3.8087	3.78742	3.74005	3.69671	3.66535	3.64657	3.60202	3.60623	3.57113	3.58062	3.59597	3.62706	3.63779	3.69647	3.73123	3.7337	3.72024	3.65382	3.60764	3.50824	3.43889	3.40526	3.40961	3.40356	3.41468	3.43397	3.45952	3.52859	3.56468	3.57342	3.54697	3.5226	3.50425	3.49263	3.49886	3.53495	3.6009	3.63499	3.66567	3.6959	3.7292	3.72485	3.60313	3.6397	3.68008	3.71409	3.74793	3.84456	3.8778	3.83558	3.79954	3.76125	3.72511	3.69081	3.66317	3.63676	3.6104	3.59582	3.58157	3.59401	3.61088	3.62879	3.65405	3.67645	3.7004	3.72234	3.7448	3.77458	3.77175	3.75439	3.70113	3.66399	3.62824	3.58002	3.54504	3.43107	3.41433	3.4009	3.39145	3.43087	3.47747	3.50967	3.52773	3.55822	3.58975	3.60271	3.61033	3.62134	3.62561	3.61339	3.60631	3.60295	3.59032	3.58268	3.57334	3.56353	3.55438	3.54529	3.53747	3.52602	3.52133	3.5157	3.51552	3.51494	3.5195	3.52451	3.54932	3.56365	3.58155	3.60047	3.62276	3.64661	3.6718	3.69949	3.72843	3.74907	3.72215	3.71273	3.68622	3.6632	3.62988	3.63467	3.61585	3.60794	3.60339	3.62531	3.64579	3.47502	3.55992	3.66545	3.73299	3.79907	3.81965	3.82624	3.83418	3.82451	3.81982	3.81853	3.8033	3.80806	3.80752	3.79422	3.8003	3.80787	3.78574	3.74896	3.69265	3.62769	3.54963	3.48165	3.43179	3.38641	3.37214	3.37788	3.41114	3.42701	3.49095	3.59358	3.6437	3.69609	3.74256	3.79574	3.84021	3.8407	3.82886	3.819	3.81446	3.81091	3.78973	3.77207	3.76751	3.82812	3.85792	3.93433	3.97598	4.0134	4.00284	4.00464	4.01916	4.0366	4.23266	4.21639	4.19555	4.17	4.10213	4.02789	3.95283	3.52469	3.73647	3.75411	3.84696	3.44897	3.05515	3.50777	3.83437	3.7906	3.75476	3.7223	3.6927	3.66927	3.66766	3.65644	3.62051	3.58309	3.54721	3.51748	3.46066	3.40894	3.39422	3.41019	3.41901	3.41379	3.409	3.40963	3.41088	3.41641	3.42333	3.43307	3.44525	3.46062	3.48169	3.52376	3.51846	3.50894	3.46845	3.45543	3.4412	3.45229	3.46629	3.4604	3.46091	3.44644	3.46969	3.49101	3.501	3.5259	3.55608	3.54917	3.5367	3.52074	3.51062	3.47542	3.49692	3.54677	3.68586	3.7234	3.70398	3.67535	3.64928	3.62595	3.60901	3.57701	3.60314	3.6785	3.78624	3.81449	3.73937	3.66266	3.59762	3.51988	3.44881	3.41414	3.52932	3.54753	3.52497	3.52131	3.4587	3.42505	3.38713	3.40733	3.48196	3.64216	3.78923	3.84046	3.85029	3.8336	3.73663	3.72101	3.72539	3.74071	3.7815	3.7904	3.75867	3.73487	3.69761	3.73205	3.66173	3.60568	3.50181	3.70347	3.81519	3.89749	3.95355	3.90338	3.79348	3.28629	3.34937	3.71277	3.60651	3.63922	3.65997	3.65712	3.63433	3.61376	3.63917	3.59109	3.5172	3.47733	3.46011	3.51588	3.52748	3.57035	3.59026	3.64282	3.67187	3.69547	3.6915	3.68852	3.67244	3.49586	3.34693	3.34539	2.90805	3.37682	3.67687	3.68065	3.6917	3.6841	3.66223	3.65712	3.64252	3.57592	3.49872	3.49465	3.46077	3.49765	3.51213	3.53041	3.53545	3.52385	3.52057	3.51742	3.52336	3.5247	3.5265	3.55579	3.57732	3.60427	3.55974	3.56587	3.597	3.61421	3.62585	3.61719	3.64697	3.69152	3.73007	3.78835	3.77005	3.7514	3.7227	3.69908	3.66956	3.63258	3.59562	3.55173	3.49053	3.44342	3.39731	3.3524	3.30397	3.28666	3.33993	3.35701	3.37401	3.43277	3.49567	3.56948	3.63339	3.72551	3.76012	3.76592	3.76754	3.75955	3.75256	3.74295	3.72696	3.70687	3.68376	3.65909	3.62621	3.59661	3.55578	3.51516	3.48696	3.48284	3.45147	3.43547	3.40542	3.39198	3.36169	3.37532	3.40433	3.42059	3.4592	3.47052	3.45737	3.45051	3.45976	3.4694	3.50047	3.54432	3.57748	3.5615	3.57511	3.56519	3.53719	3.53877	3.55898	3.56248	3.56144	3.54323	3.52422	3.49953	3.47663	3.43533	3.34891	3.26391	3.19735	3.14238	3.24038	3.34987	3.5318	3.62346	3.62995	3.62064	3.60731	3.58642	3.57483	3.51355	3.45935	3.40777	3.38906	3.36654	3.36215	3.35467	3.35494	3.37926	3.42269	3.47176	3.54736	3.59931	3.6129	3.60075	3.59122	3.58483	3.5803	3.57887	3.57878	3.52235	3.47148	3.4627	3.48179	3.484	3.47889	3.48644	3.50334	3.52059	3.54712	3.55024	3.57798	3.56801	3.5382	3.51312	3.45055	3.45188	3.47447	3.50555	3.54961	3.58803	3.63306	3.63238	3.62202	3.61171	3.57778	3.504	3.47579	3.45928	3.44997	3.40983	3.37953	3.37234	3.39146	3.4089	3.4406	3.45107	3.44639	3.44007	3.4382	3.43513	3.43686	3.452	3.45633	3.46202	3.45948	3.43993	3.46121	3.4836	3.49334	3.50349	3.51533	3.52763	3.51865	3.50959	3.49838	3.48247	3.46197	3.40353	3.37604	3.34249	3.35773	3.37845	3.39261	3.40243	3.43537	3.45607	3.50383	3.52107	3.51337	3.50575	3.5015	3.48913	3.46917	3.46397	3.4621	3.4568	3.46742	3.49198	3.50138	3.53606	3.54592	3.53463	3.52442	3.51232	3.48248	3.45025	3.404	3.38016	3.35186	3.33096	3.31053	3.29634	3.28636	3.27975	3.33897	3.37152	3.41183	3.45361	3.49456	3.53687	3.51894	3.50479	3.53565	3.52216	3.51725	3.50833	3.49675	3.49001	3.48215	3.49091	3.47329	3.43921	3.4188	3.42316	3.44548	3.47551	3.51284	3.57573	3.5915	3.56962	3.54001	3.52155	3.49786	3.4824	3.46164	3.4477	3.42469	3.40071	3.39217	3.38707	3.38161	3.34765	3.29772	3.29847	3.30371	3.32254	3.35498	3.38132	3.40943	3.43877	3.46654	3.49553	3.52297	3.5489	3.57537	3.60344	3.62258	3.62378	3.57843	3.53467	3.47264	3.41776	3.3596	3.32489	3.31031	3.31333	3.31642	3.32366	3.33219	3.32742	3.33442	3.37064	3.41281	3.43463	3.46434	3.46526	3.4836	3.48336	3.50064	3.49076	3.47856	3.45253	3.43245	3.38902	3.38194	3.37516	3.36239	3.34425	3.34638	3.35642	3.36651	3.38257	3.40069	3.45148	3.48074	3.5105	3.53673	3.56619	3.59394	3.62183	3.6496	3.66463	3.68147	3.7095	3.70231	3.65857	3.63207	3.60153	3.56436	3.56328	3.56426	3.55258	3.52378	3.48748	3.48036	3.46424	3.50599	3.44239	3.44087	3.44188	3.44818	3.44862	3.44376	3.47512	3.47869	3.48398	3.49101	3.49742	3.50311	3.50961	3.51364	3.51944	3.52181	3.52661	3.52799	3.52118	3.52504	3.52946	3.51959	3.49689	3.39949	3.42904	3.48044	3.49705	3.48644	3.46993	3.45404	3.43326	3.37648	3.35138	3.36037	3.48191	3.48782	3.45532	3.41907	3.38848	3.34736	3.33109	3.32291	3.27166	3.1814	3.15431	3.15977	3.18124	3.26431	3.37621	3.4672	3.51731	3.55693	3.58417	3.61598	3.64093	3.57795	3.65062	3.63004	3.62645	3.61429	3.5782	3.51966	3.4363	3.36214	3.32453	3.31838	3.28972	3.34202	3.3728	3.41678	3.47104	3.51868	3.57536	3.58225	3.57658	3.55805	3.52573	3.53945	3.51259	3.48187	3.44457	3.38739	3.34804	3.34352	3.33738	3.34755	3.35742	3.37042	3.40301	3.43104	3.45954	3.48006	3.50228	3.52051	3.53647	3.53297	3.52856	3.52278	3.51814	3.51711	3.51196	3.51408	3.50781	3.50993	3.51622	3.54869	3.52977	3.50566	3.48297	3.45801	3.43253	3.40668	3.38092	3.35562	3.33119	3.30793	3.28616	3.26391	3.2365	3.21861	3.20432	3.19207	3.18458	3.17684	3.17442	3.17371	3.18228	3.18901	3.29499	3.33916	3.38122	3.40076	3.42384	3.44165	3.4261	3.3862	3.34975	3.32187	3.32436	3.29352	3.32107	3.30403	3.30692	3.31869	3.39411
