Acq. time (s)=	4
Accumulations=	3
Range=	Off
Autofocus=	At all pixels
SWIFT=	Off
AutoExposure=	Off
Spike filter=	Multiple accum.
Delay time (s)=	0
Binning=	1
Readout mode=	Signal
DeNoise=	Standard
ICS correction=	On
Dark correction=	Off
Inst. Process=	Off
Instrument=	LabRAM S3000
Detector=	Synapse
Objective=	x100
Grating=	1800
ND Filter=	25%
Laser (nm)=	632.81 
Spectro (cm-¹)=	521.143
Slit=	100.021
Hole=	199.981
Microscope=	Principal
StageXY=	Märzhauser
StageZ=	Märzhauser
X (µm)=	0.7
Y (µm)=	-0.6
Z (µm)=	8453.8
Project=	
Sample=	
Site=	
Title=	SOP_110_200nm_2
Remark=	
Date=	07.06.2019 15:46
Operator=	
Acquired=	07.06.2019 15:46:19
	358.196	358.52	358.847	359.171	359.497	359.822	360.146	360.472	360.797	361.122	361.448	361.772	362.097	362.422	362.747	363.071	363.397	363.722	364.046	364.371	364.696	365.021	365.345	365.669	365.995	366.32	366.644	366.968	367.294	367.618	367.942	368.267	368.591	368.917	369.241	369.565	369.889	370.213	370.537	370.863	371.187	371.511	371.835	372.159	372.483	372.808	373.132	373.457	373.781	374.105	374.429	374.753	375.077	375.401	375.725	376.049	376.373	376.697	377.02	377.344	377.668	377.992	378.316	378.64	378.963	379.287	379.611	379.935	380.258	380.582	380.906	381.229	381.553	381.877	382.2	382.524	382.848	383.171	383.495	383.819	384.142	384.464	384.788	385.111	385.435	385.758	386.082	386.405	386.727	387.051	387.374	387.698	388.021	388.344	388.666	388.99	389.313	389.636	389.96	390.282	390.605	390.928	391.251	391.575	391.897	392.22	392.543	392.865	393.188	393.511	393.834	394.156	394.479	394.802	395.124	395.447	395.77	396.092	396.415	396.738	397.059	397.382	397.705	398.027	398.35	398.673	398.994	399.317	399.639	399.962	400.285	400.606	400.929	401.25	401.573	401.896	402.217	402.54	402.862	403.184	403.506	403.828	404.15	404.472	404.794	405.116	405.438	405.76	406.081	406.404	406.725	407.048	407.369	407.692	408.013	408.334	408.656	408.977	409.3	409.621	409.944	410.265	410.586	410.908	411.229	411.55	411.872	412.193	412.516	412.837	413.158	413.48	413.801	414.122	414.444	414.765	415.086	415.406	415.729	416.049	416.37	416.693	417.013	417.334	417.655	417.977	418.298	418.618	418.939	419.261	419.582	419.902	420.223	420.543	420.866	421.186	421.507	421.827	422.148	422.468	422.79	423.111	423.431	423.752	424.072	424.393	424.713	425.035	425.355	425.676	425.996	426.316	426.637	426.957	427.277	427.598	427.918	428.238	428.559	428.879	429.199	429.519	429.839	430.161	430.481	430.801	431.122	431.44	431.76	432.081	432.401	432.721	433.041	433.361	433.681	434.001	434.321	434.641	434.961	435.281	435.601	435.921	436.241	436.559	436.879	437.199	437.519	437.839	438.159	438.479	438.797	439.117	439.437	439.757	440.076	440.396	440.715	441.034	441.354	441.674	441.993	442.312	442.631	442.951	443.271	443.589	443.909	444.228	444.548	444.866	445.186	445.505	445.823	446.143	446.462	446.782	447.1	447.419	447.739	448.057	448.376	448.694	449.014	449.333	449.651	449.97	450.29	450.608	450.927	451.245	451.564	451.883	452.201	452.521	452.838	453.158	453.475	453.795	454.114	454.432	454.751	455.069	455.388	455.705	456.025	456.342	456.661	456.979	457.298	457.616	457.935	458.252	458.57	458.889	459.206	459.525	459.843	460.162	460.479	460.797	461.116	461.433	461.752	462.07	462.387	462.706	463.023	463.341	463.659	463.977	464.296	464.613	464.93	465.248	465.566	465.884	466.201	466.519	466.837	467.154	467.473	467.79	468.107	468.424	468.743	469.06	469.377	469.694	470.013	470.33	470.647	470.964	471.281	471.599	471.917	472.234	472.551	472.868	473.185	473.503	473.82	474.137	474.454	474.771	475.088	475.404	475.721	476.04	476.356	476.673	476.99	477.307	477.624	477.94	478.257	478.574	478.891	479.207	479.524	479.841	480.158	480.474	480.791	481.108	481.424	481.741	482.057	482.374	482.691	483.007	483.324	483.64	483.957	484.273	484.59	484.906	485.223	485.539	485.856	486.172	486.487	486.804	487.12	487.436	487.753	488.069	488.385	488.7	489.017	489.333	489.649	489.966	490.282	490.597	490.913	491.229	491.545	491.862	492.176	492.493	492.809	493.125	493.44	493.756	494.072	494.388	494.703	495.019	495.335	495.651	495.965	496.281	496.597	496.912	497.228	497.544	497.858	498.174	498.49	498.805	499.121	499.437	499.751	500.067	500.381	500.697	501.013	501.327	501.643	501.958	502.273	502.588	502.903	503.219	503.533	503.849	504.163	504.479	504.793	505.109	505.423	505.739	506.053	506.369	506.683	506.998	507.313	507.628	507.942	508.258	508.572	508.886	509.201	509.515	509.831	510.145	510.46	510.774	511.088	511.404	511.718	512.032	512.347	512.661	512.976	513.29	513.604	513.919	514.233	514.547	514.862	515.176	515.49	515.804	516.119	516.433	516.746	517.062	517.375	517.689	518.003	518.318	518.632	518.945	519.259	519.574	519.888	520.201	520.515	520.828	521.143	521.457	521.77	522.084	522.397	522.711	523.024	523.339	523.653	523.966	524.28	524.593	524.907	525.22	525.533	525.848	526.162	526.475	526.788	527.102	527.415	527.728	528.042	528.355	528.668	528.981	529.295	529.608	529.921	530.234	530.547	530.861	531.174	531.487	531.8	532.113	532.426	532.739	533.052	533.365	533.679	533.992	534.303	534.616	534.929	535.242	535.555	535.868	536.181	536.494	536.807	537.118	537.431	537.744	538.057	538.37	538.683	538.994	539.307	539.62	539.933	540.245	540.557	540.87	541.182	541.495	541.806	542.119	542.432	542.745	543.056	543.368	543.681	543.994	544.305	544.617	544.93	545.241	545.554	545.866	546.177	546.49	546.803	547.114	547.426	547.739	548.05	548.362	548.675	548.986	549.298	549.609	549.921	550.232	550.545	550.857	551.168	551.48	551.791	552.104	552.414	552.727	553.037	553.35	553.661	553.973	554.284	554.596	554.907	555.219	555.529	555.842	556.152	556.464	556.775	557.087	557.398	557.71	558.021	558.331	558.643	558.954	559.266	559.576	559.887	560.199	560.51	560.82	561.132	561.443	561.753	562.065	562.375	562.686	562.998	563.308	563.619	563.93	564.241	564.551	564.862	565.173	565.484	565.794	566.106	566.416	566.726	567.036	567.347	567.658	567.969	568.279	568.589	568.899	569.211	569.521	569.831	570.141	570.452	570.762	571.073	571.383	571.693	572.003	572.313	572.624	572.934	573.244	573.555	573.865	574.175	574.485	574.795	575.105	575.415	575.725	576.035	576.345	576.654	576.964	577.274	577.584	577.894	578.204	578.513	578.823	579.133	579.443	579.753	580.062	580.372	580.682	580.991	581.301	581.611	581.919	582.229	582.538	582.848	583.158	583.467	583.777	584.086	584.396	584.704	585.014	585.323	585.633	585.942	586.252	586.56	586.869	587.179	587.488	587.798	588.106	588.415	588.724	589.034	589.342	589.651	589.96	590.27	590.578	590.887	591.196	591.504	591.813	592.123	592.432	592.74	593.049	593.358	593.666	593.975	594.284	594.592	594.901	595.209	595.518	595.827	596.135	596.444	596.751	597.06	597.37	597.677	597.986	598.294	598.603	598.91	599.219	599.528	599.836	600.145	600.452	600.761	601.069	601.377	601.685	601.994	602.301	602.61	602.917	603.225	603.534	603.841	604.15	604.457	604.766	605.073	605.38	605.689	605.996	606.305	606.612	606.92	607.228	607.535	607.843	608.151	608.458	608.767	609.074	609.381	609.688	609.997	610.304	610.611	610.92	611.227	611.534	611.842	612.149	612.456	612.763	613.072	613.379	613.686	613.993	614.3	614.608	614.915	615.222	615.529	615.836	616.144	616.451	616.758	617.064	617.371	617.678	617.986	618.293	618.6	618.906	619.213	619.52	619.827	620.133	620.44	620.747	621.053	621.361	621.668	621.975	622.281	622.588	622.895	623.201	623.508	623.814	624.121	624.427	624.734	625.04	625.347	625.653	625.96	626.266	626.573	626.879	627.184	627.491	627.797	628.103	628.41	628.716	629.023	629.329	629.635	629.942	630.246	630.553	630.859	631.165	631.471	631.778	632.084	632.389	632.695	633.001	633.307	633.613	633.918	634.224	634.531	634.837	635.141	635.447	635.753	636.06	636.364	636.67	636.976	637.282	637.587	637.893	638.199	638.503	638.809	639.115	639.42	639.726	640.032	640.336	640.642	640.948	641.252	641.558	641.863	642.168	642.474	642.779	643.084	643.389	643.695	644	644.305	644.61	644.915	645.22	645.525	645.83	646.135	646.44	646.744	647.05	647.354	647.66	647.964	648.27	648.574	648.879	649.183	649.489	649.793	650.097	650.403	650.707	651.012	651.316	651.622	651.926	652.23	652.535	652.839	653.143	653.448	653.752	654.056	654.362	654.666	654.969	655.275	655.579	655.883	656.188	656.492	656.795	657.101	657.404	657.708	658.012	658.317	658.621	658.925	659.228	659.532	659.837	660.141	660.445	660.748	661.052	661.357	661.661	661.964	662.268	662.571	662.875	663.18	663.484	663.787	664.091	664.394	664.698	665.001	665.305	665.608	665.913	666.216	666.52	666.823	667.127	667.43	667.734	668.037	668.34	668.644	668.947	669.25	669.554	669.857	670.16	670.464	670.767	671.07	671.373	671.677	671.98	672.283	672.586	672.888	673.191	673.494	673.797	674.101	674.404	674.707	675.01	675.313	675.615	675.918	676.221	676.524	676.827	677.13	677.433	677.734	678.037	678.34	678.643	678.946	679.248
0	7.29293	7.4279	7.46676	7.4401	7.30418	7.14796	6.99949	6.84793	6.70311	6.55596	6.42167	6.28318	6.15847	6.03233	5.91031	5.80361	5.7122	5.61913	5.5378	5.44421	5.35063	5.29551	5.19731	5.12012	5.01506	4.89426	4.7676	4.64695	4.49856	4.38396	4.29745	4.20393	4.06024	3.96518	3.9351	3.89948	3.91676	3.90599	3.85697	3.84555	3.83708	3.85186	3.87043	3.87365	3.86542	3.8317	3.76817	3.72448	3.67449	3.62232	3.53776	3.46923	3.40584	3.3221	3.22641	3.12062	3.08386	3.02009	2.96401	2.93807	2.93053	2.9142	2.88111	2.84789	2.81656	2.78611	2.76105	2.72652	2.67418	2.58569	2.39241	2.24929	2.16429	2.11829	2.09849	2.0891	2.08507	2.04413	2.0102	1.94689	1.95186	1.91402	1.88148	1.85047	1.85339	1.84282	1.78584	1.74371	1.70125	1.69148	1.71118	1.75496	1.79973	1.81394	1.80733	1.77948	1.76764	1.75309	1.73739	1.72305	1.70626	1.68987	1.67683	1.62327	1.56315	1.52564	1.49636	1.49457	1.49712	1.51036	1.52389	1.52189	1.51963	1.52104	1.53119	1.52799	1.52585	1.49235	1.45277	1.40851	1.3587	1.334	1.30386	1.28644	1.25431	1.22787	1.18143	1.10273	1.08194	1.08852	1.07654	1.06522	1.03721	1.04843	1.07718	1.12032	1.13526	1.16589	1.18471	1.17158	1.15441	1.14486	1.09166	1.03547	0.966889	0.928554	0.862804	0.799485	0.733076	0.654018	0.549056	0.486569	0.446069	0.409881	0.412745	0.441278	0.4614	0.507533	0.581007	0.651931	0.680205	0.712952	0.779154	0.846949	0.937235	0.96351	0.888244	0.783169	0.748886	0.709874	0.689533	0.691824	0.710714	0.711874	0.693532	0.674947	0.673926	0.682782	0.707379	0.712186	0.722018	0.737854	0.774442	0.819711	0.852061	0.867657	0.876207	0.88847	0.889097	0.899667	0.909096	0.919765	0.88349	0.844352	0.753912	0.630597	0.517734	0.476231	0.432022	0.386703	0.350078	0.369829	0.437468	0.536358	0.695191	0.797874	0.906263	0.970048	1.0004	1.05068	1.0881	1.09214	1.09594	1.09866	1.10345	1.10706	1.11352	1.1191	1.12534	1.133	1.12934	1.15185	1.16659	1.19679	1.23378	1.26972	1.30933	1.35008	1.39186	1.43113	1.47531	1.50977	1.53536	1.56428	1.43546	1.25103	1.0311	0.812753	0.577221	0.390431	0.249543	0.124458	0.0627096	0.0393637	0.24798	0.243345	0.2911	0.349446	0.411754	0.458005	0.545111	0.583195	0.61959	0.68748	0.691387	0.698335	0.668265	0.652983	0.632359	0.607974	0.57995	0.544469	0.504518	0.476279	0.453935	0.401904	0.35598	0.266285	0.149763	0.00420937	-0.0753699	-0.123149	-0.0970203	-0.0500158	-0.043442	-0.0104738	0.0372212	0.0673409	0.108234	0.178022	0.179661	0.173244	0.162271	0.156008	0.145245	0.139014	0.131773	0.0963646	0.0399652	-0.00120433	0.0106901	-0.00931736	-0.0324142	-0.0708614	-0.102896	-0.198161	-0.237903	-0.233555	-0.19209	-0.171468	-0.150731	-0.22576	-0.238129	-0.246851	-0.20008	-0.195872	-0.170481	-0.148612	-0.140848	-0.128164	-0.118555	-0.0856977	-0.0927168	-0.114739	-0.107039	-0.128092	-0.131041	-0.176045	-0.279856	-0.370045	-0.463359	-0.506936	-0.566737	-0.597421	-0.605101	-0.606362	-0.57646	-0.587602	-0.595073	-0.596919	-0.584495	-0.49072	-0.402241	-0.339385	-0.328031	-0.352589	-0.367017	-0.379086	-0.304332	-0.2325	-0.150129	-0.126179	-0.128145	-0.106888	-0.106669	-0.121101	-0.115642	-0.118153	-0.124532	-0.304971	-0.226684	-0.421159	-0.269642	-0.255383	-0.240831	-0.211526	-0.173523	-0.150678	-0.121336	-0.135105	-0.147127	-0.176111	-0.212837	-0.308145	-0.423754	-0.517556	-0.584433	-0.589571	-0.561468	-0.540825	-0.54343	-0.451896	-0.321332	-0.239927	-0.159392	-0.0723007	0.00154674	0.00718022	-0.0427901	-0.10744	-0.0838252	-0.13026	-0.124351	-0.127637	-0.0932782	-0.0683722	-0.0373667	0.0266461	0.0899707	0.110925	0.127021	0.12632	0.129774	0.129169	0.134746	0.140077	0.144467	0.147766	0.152276	0.157197	0.160352	0.166113	0.167126	0.162743	0.175399	0.166495	0.16928	0.171263	0.158763	0.158935	0.172922	0.190446	0.219552	0.240933	0.260728	0.299279	0.318005	0.34634	0.345523	0.336902	0.344642	0.34691	0.378402	0.375243	0.35226	0.279696	0.29479	0.32667	0.347979	0.35749	0.403831	0.452413	0.449874	0.441036	0.472391	0.514776	0.611303	0.656309	0.632359	0.539889	0.500953	0.474842	0.578995	0.741273	1.10833	1.17157	1.21282	1.18566	1.08207	0.731715	0.568176	0.62345	0.819633	1.18851	1.58445	1.61581	1.77445	1.89045	2.02191	2.12041	2.2347	2.33511	2.38723	2.45675	2.54401	2.62728	2.74844	2.90814	3.11261	3.32116	3.56082	3.82707	4.11773	4.46803	4.79038	5.31296	5.82582	6.37606	6.97132	7.5166	8.19015	8.84322	9.6269	10.5294	11.714	13.1538	14.9712	16.5083	18.4898	20.8226	23.8242	27.4872	32.3593	37.6888	45.7176	57.2003	68.5807	81.5389	101.903	123.97	158.137	198.369	221.099	246.421	239.333	206.79	172.347	139.308	109.456	90.9814	71.5753	57.5784	46.3736	39.5462	35.7136	30.2303	23.9392	21.2359	18.9968	16.9507	15.5416	13.9251	12.6157	11.0301	9.95358	8.7941	7.87857	7.10051	6.42493	5.90329	5.45301	5.12239	4.55697	4.0977	3.70601	3.33477	3.11787	2.93764	2.75582	2.62239	2.48665	2.33416	2.19193	2.08535	2.04381	1.99539	1.88818	1.79782	1.70978	1.66881	1.60686	1.5334	1.44163	1.39458	1.283	1.12722	0.923653	0.75362	0.607536	0.434196	0.333948	0.241257	0.197053	0.177693	0.156437	0.154365	0.0895951	0.0875451	0.0633441	0.0780011	0.151143	0.232126	0.253366	0.243865	0.219937	0.150846	0.0566507	0.00482461	-0.0783512	-0.171297	-0.311408	-0.449965	-0.544296	-0.634914	-0.646572	-0.620833	-0.576587	-0.411277	-0.401858	-0.370101	-0.332872	-0.280623	-0.297321	-0.321868	-0.262267	-0.318473	-0.371093	-0.416964	-0.511273	-0.577654	-0.636524	-0.630089	-0.66716	-0.696104	-0.689983	-0.691648	-0.781898	-0.800166	-0.803507	-0.768987	-0.753128	-0.714181	-0.618563	-0.549803	-0.479705	-0.447583	-0.445801	-0.465948	-0.527078	-0.578992	-0.63414	-0.669192	-0.696989	-0.711043	-0.760237	-0.84184	-0.861474	-0.844093	-0.886759	-0.88514	-0.881892	-0.808603	-0.757789	-0.754935	-0.771376	-0.805054	-0.767945	-0.757301	-0.851108	-0.858182	-0.85259	-0.787342	-0.761247	-0.801752	-0.863245	-0.928638	-0.877075	-0.840672	-0.840443	-0.771342	-0.655552	-0.619431	-0.597875	-0.578907	-0.549173	-0.519497	-0.587448	-0.618007	-0.657013	-0.723917	-0.742785	-0.761299	-0.810637	-0.834258	-0.765882	-0.762984	-0.780887	-0.783014	-0.800315	-0.805462	-0.810939	-0.837017	-0.84918	-0.87038	-0.883446	-0.841899	-0.852217	-0.811433	-0.809748	-0.832801	-0.81656	-0.861708	-0.900189	-0.925953	-0.907632	-0.891933	-0.821592	-0.778336	-0.748199	-0.688777	-0.691449	-0.71046	-0.683031	-0.663563	-0.653842	-0.67474	-0.716152	-0.760845	-0.789397	-0.860653	-0.933479	-1.00593	-1.07244	-1.09917	-1.10857	-1.0887	-1.0572	-1.05814	-1.03152	-0.988137	-0.951511	-0.940295	-0.964299	-0.968277	-0.981199	-0.939492	-0.916839	-0.909049	-0.883531	-0.872274	-0.845001	-0.846176	-0.836812	-0.77201	-0.785363	-0.825878	-0.936306	-1.05442	-1.17002	-1.26127	-1.31594	-1.33294	-1.31653	-1.29917	-1.22326	-1.16609	-1.0827	-1.03578	-1.01675	-0.989524	-0.970268	-0.959938	-0.943411	-0.91702	-0.906151	-0.882987	-0.888965	-0.885513	-0.861834	-0.828809	-0.788514	-0.752916	-0.735746	-0.698331	-0.657667	-0.633448	-0.606717	-0.565215	-0.528537	-0.487084	-0.529854	-0.504516	-0.475317	-0.496653	-0.52189	-0.586453	-0.654869	-0.658497	-0.665145	-0.7306	-0.784529	-0.857756	-0.848711	-0.813374	-0.75645	-0.736031	-0.742721	-0.759482	-0.780564	-0.771874	-0.795597	-0.795295	-0.812015	-0.8142	-0.790917	-0.766552	-0.698253	-0.669031	-0.636233	-0.627257	-0.598333	-0.569492	-0.517123	-0.459105	-0.457558	-0.495765	-0.51603	-0.577153	-0.577146	-0.547775	-0.53165	-0.571058	-0.575052	-0.563723	-0.390584	-0.171228	-0.0905997	-0.189936	-0.188627	-0.199018	-0.214961	-0.234435	-0.290915	-0.379771	-0.431515	-0.464631	-0.517719	-0.554685	-0.55615	-0.560841	-0.59832	-0.672725	-0.716712	-0.738244	-0.758642	-0.78453	-0.766312	-0.741467	-0.728878	-0.716865	-0.721436	-0.728225	-0.73056	-0.697065	-0.658963	-0.619472	-0.60027	-0.578999	-0.543102	-0.49616	-0.494455	-0.525074	-0.542126	-0.539713	-0.5338	-0.57598	-0.578066	-0.584309	-0.61678	-0.653288	-0.711505	-0.778489	-0.818105	-0.839898	-0.861828	-0.913312	-0.993173	-1.0293	-1.02499	-0.988225	-0.922105	-0.837687	-0.684102	-0.594235	-0.554437	-0.480266	-0.654763	-0.686064	-0.881254	-0.880352	-0.834372	-0.751618	-0.663495	-0.609568	-0.546106	-0.466686	-0.419568	-0.391103	-0.407018	-0.439561	-0.504409	-0.562947	-0.613106	-0.658036	-0.689232	-0.754568	-0.776613	-0.761664	-0.78596	-0.808557	-0.799707	-0.833604	-0.841965	-0.860348	-0.91443	-0.937909	-1.00163	-1.02722	-1.06475	-1.06824	-1.02902	-0.968615	-0.890958	-0.846407	-0.767408	-0.695323	-0.597589	-0.531476	-0.487821	-0.497542	-0.496594	-0.558536	-0.604102	-0.669163	-0.703407	-0.7558	-0.840026	-0.929997	-1.02774	-1.1109	-1.19532	-1.28599	-1.32846	-1.33199	-1.29256	-1.27938	-1.22667	-1.12526	-1.03208	-0.954154	-0.827099	-0.784246	-0.762726	-0.742839	-0.719159	-0.690211	-0.652043	-0.614008	-0.621025	-0.646612	-0.665242	-0.686212	-0.718719	-0.752621	-0.768233	-0.782344	-0.833046	-0.889821	-0.95334	-1.02116	-1.05637	-1.09304	-1.08279	-1.10836	-1.10238	-1.11998	-1.12186	-1.08655	-1.03543	-0.992197	-0.945564	-0.897064	-0.816127	-0.7596	-0.685311	-0.63605	-0.612504	-0.611944	-0.638829	-0.692867	-0.761411	-0.761759	-0.745693	-0.738489	-0.747484	-0.743349	-0.729277	-0.743654	-0.787093	-0.847031	-0.902952	-0.956573	-1.0353	-1.11554	-1.16325	-1.22476	-1.24482	-1.29552	-1.33021	-1.40072	-1.38801	-1.35349	-1.30072	-1.24715	-1.17526	-1.04379	-1.00946	-0.970669	-0.944715	-0.904024	-0.8893	-0.880086	-0.904604	-0.908955	-0.844066	-0.770362	-0.602439	-0.556288	-0.514095	-0.465587	-0.451909	-0.470237	-0.438121	-0.441075	-0.473055	-0.525747	-0.543479	-0.597817	-0.677918	-0.708617	-0.799645	-0.822342	-0.834126	-0.848617
1	7.42327	7.36196	7.24366	7.12703	7.01139	6.89711	6.78453	6.68601	6.57732	6.46395	6.3598	6.25057	6.15294	6.05022	5.9584	5.86026	5.77452	5.68329	5.60378	5.52163	5.44734	5.37518	5.30409	5.24205	5.17527	5.11399	5.04105	4.97447	4.8955	4.81722	4.71735	4.64345	4.5671	4.4998	4.42848	4.37007	4.32726	4.29485	4.23943	4.10831	3.17881	4.4525	4.16162	4.04538	3.93011	3.84167	3.79309	3.74549	3.70116	3.65931	3.60585	3.54294	3.48467	3.42211	3.34131	3.25582	3.21162	3.12839	3.04075	2.82352	2.60766	2.42567	2.17891	2.08886	2.06275	2.04733	2.22131	2.29015	2.38322	2.37085	2.39704	2.39776	2.39269	2.43601	2.48481	2.46416	2.43317	2.38488	2.36002	2.32586	2.29291	2.25913	2.22786	2.21379	2.2194	2.21212	2.21016	2.19967	2.1885	2.17462	2.15195	2.1275	2.09207	2.01141	1.92298	1.82964	1.74185	1.63746	1.55183	1.46631	1.39336	1.32169	1.26788	1.2887	1.31895	1.37528	1.41442	1.44953	1.48094	1.51891	1.56858	1.55576	1.47944	1.33642	1.19504	1.14392	1.13435	1.29332	1.31078	1.23197	1.16931	1.10834	1.04587	1.0142	0.899054	0.81521	0.828345	0.841093	0.878982	0.912995	0.964628	1.00324	1.04395	1.0268	1.01597	0.989236	0.967265	0.927422	0.906498	0.873397	0.85133	0.839757	0.828996	0.819474	0.818974	0.818993	0.821612	0.813514	0.808904	0.857634	0.906098	0.950571	0.992334	1.03385	1.0685	1.10299	1.12313	1.1519	1.16063	1.10561	1.05129	0.972394	0.894469	0.807782	0.716199	0.623857	0.54924	0.4854	0.412886	0.319338	0.281464	0.25351	0.233577	0.26276	0.294172	0.32267	0.377668	0.437234	0.499543	0.569902	0.636096	0.666908	0.69178	0.710719	0.733314	0.743602	0.779794	0.804617	0.825173	0.834089	0.852729	0.879604	0.891943	0.90131	0.927169	0.972613	1.02333	1.09134	1.12845	1.10754	1.07909	1.06191	0.991358	0.936135	0.910822	0.906494	0.909559	0.936944	1.11682	1.09912	1.06667	1.05359	1.0508	1.06241	1.06754	1.08769	1.10873	1.15673	1.20855	1.26094	1.31267	1.33373	1.37085	1.39683	1.43214	1.4136	1.36412	1.30584	1.23926	1.16225	1.08248	1.01529	0.931869	0.869363	0.819583	0.769491	0.726997	0.688665	0.653883	0.631441	0.609973	0.618968	0.641451	0.648526	0.650027	0.652619	0.654484	0.647848	0.656863	0.619921	0.5532	0.482531	0.412523	0.293675	0.19776	0.109885	0.0407915	0.000610317	0.101937	0.218238	0.24359	0.29619	0.368025	0.392931	0.428787	0.458996	0.491196	0.509104	0.548929	0.557182	0.565171	0.560724	0.559052	0.532249	0.493931	0.41968	0.348438	0.35631	0.374772	0.397933	0.418372	0.465305	0.492452	0.51347	0.515604	0.521083	0.52731	0.501039	0.462225	0.430107	0.39638	0.337233	0.281307	0.213698	0.147081	0.0676803	-0.00428487	-0.0695161	-0.142482	-0.180065	-0.220656	-0.238979	-0.177715	-0.174318	-0.180555	-0.178634	-0.174538	-0.172795	-0.155669	-0.144695	-0.128697	-0.120485	-0.124612	-0.133222	-0.137716	-0.139577	-0.143324	-0.14042	-0.139673	-0.149249	-0.186166	-0.214509	-0.225226	-0.271266	-0.318656	-0.366041	-0.412687	-0.46204	-0.522477	-0.629899	-0.668587	-0.709632	-0.717288	-0.694237	-0.651645	-0.613862	-0.578642	-0.538947	-0.497827	-0.458726	-0.425254	-0.387178	-0.355677	-0.341563	-0.323485	-0.301566	-0.279255	-0.274291	-0.2639	-0.254797	-0.246697	-0.237676	-0.233069	-0.234464	-0.232738	-0.2282	-0.230885	-0.222657	-0.21397	-0.205511	-0.19164	-0.180888	-0.164444	-0.141219	-0.133625	-0.113534	-0.10579	-0.114608	-0.131532	-0.147121	-0.155681	-0.169246	-0.17681	-0.201238	-0.184509	-0.162941	-0.163699	-0.146395	-0.0961201	-0.0512049	-0.0180536	0.0362747	0.0634994	0.115399	0.13581	0.160318	0.202176	0.155884	0.129252	0.0970063	0.0544795	0.0188519	-0.0671641	-0.107559	-0.143325	-0.171692	-0.194579	-0.192516	-0.195525	-0.182633	-0.156091	-0.134535	-0.0971983	-0.0680806	-0.0274207	0.00604509	0.0442085	0.0929124	0.128665	0.164251	0.179475	0.200128	0.215198	0.245826	0.281585	0.301023	0.326927	0.362779	0.420854	0.454592	0.484986	0.555856	0.60646	0.652405	0.703357	0.745578	0.791502	0.829153	0.85681	0.801314	0.747692	0.694885	0.649248	0.624739	0.569073	0.521567	0.4623	0.446982	0.445648	0.502397	0.547977	0.590319	0.611361	0.646385	0.674399	0.703855	0.724012	0.722095	0.736647	0.756628	0.771456	0.795105	0.829387	0.883584	0.948585	1.05289	1.21703	1.35043	1.48381	1.63583	1.80411	1.98982	2.15537	2.36042	2.56191	2.76154	2.89465	2.96262	3.05283	3.20752	3.39265	3.5763	3.77156	4.00862	4.31592	4.71764	5.30072	5.9614	6.7034	7.3465	8.07176	8.98741	10.1994	11.6254	13.0817	14.521	16.0643	17.9743	20.0977	22.6363	25.8215	28.9844	33.4922	40.095	47.4632	53.7868	69.702	84.97	110.83	135.021	161.049	206.919	226.438	239.112	223.646	196.66	158.138	128.818	101.769	83.8477	60.6982	53.4932	44.8584	38.2247	31.888	26.5051	23.1928	21.021	19.191	17.0392	14.7884	12.9051	11.2121	10.1105	9.08922	8.20183	7.44761	6.97364	6.55549	6.11851	5.72558	5.35854	5.03875	4.71698	4.46718	4.1001	3.79014	3.51248	3.21214	2.92625	2.62991	2.35561	2.07793	1.8154	1.65489	1.54651	1.46408	1.4452	1.43687	1.43794	1.44471	1.46146	1.46156	1.39911	1.3197	1.18815	1.03449	0.961151	0.842043	0.695494	0.533945	0.464818	0.450967	0.466479	0.491044	0.512445	0.541938	0.565925	0.563148	0.542206	0.509457	0.466987	0.408357	0.334636	0.262096	0.187814	0.119349	0.0448171	-0.0147957	-0.0262438	-0.0481432	-0.0575962	-0.128073	-0.155302	-0.185376	-0.203957	-0.218131	-0.221102	-0.230243	-0.232206	-0.238428	-0.240121	-0.257371	-0.308647	-0.347797	-0.363826	-0.335597	-0.306003	-0.285319	-0.323024	-0.388659	-0.448328	-0.508395	-0.555671	-0.592596	-0.610797	-0.507305	-0.496028	-0.466357	-0.430061	-0.389618	-0.350373	-0.310945	-0.27199	-0.235964	-0.194254	-0.16875	-0.185407	-0.27024	-0.371956	-0.482629	-0.596749	-0.697912	-0.785933	-0.864028	-0.922238	-0.972162	-0.992373	-1.00829	-1.00656	-0.960689	-0.876924	-0.803614	-0.748668	-0.724566	-0.714949	-0.697742	-0.682107	-0.663358	-0.643901	-0.62088	-0.604707	-0.672525	-0.775884	-0.94656	-1.11542	-1.27031	-1.41195	-1.47551	-1.51696	-1.51699	-1.44489	-1.35642	-1.24213	-1.1548	-1.12011	-1.0801	-1.04531	-1.01895	-0.985192	-0.926029	-0.898463	-0.878413	-0.862848	-0.846366	-0.839218	-0.842593	-0.81425	-0.844373	-0.865508	-0.838608	-0.822166	-0.809618	-0.763097	-0.684998	-0.6883	-0.687704	-0.711809	-0.735392	-0.785918	-0.822006	-0.854931	-0.892411	-0.923229	-0.948658	-0.960196	-1.00696	-1.00112	-0.999603	-0.988209	-0.983537	-0.96604	-0.958809	-0.942662	-0.936302	-0.932236	-0.926966	-0.920151	-0.928461	-0.949418	-0.982879	-1.03885	-1.0802	-1.0944	-1.13912	-1.18277	-1.20475	-1.2608	-1.28719	-1.31616	-1.29013	-1.29338	-1.28212	-1.26188	-1.24616	-1.22818	-1.17988	-1.21728	-1.25877	-1.30389	-1.34317	-1.37079	-1.39316	-1.384	-1.34107	-1.26671	-1.25173	-1.22303	-1.19026	-1.15756	-1.11345	-1.06819	-1.01572	-0.970159	-0.933436	-0.933204	-0.939481	-0.94301	-0.953308	-0.966996	-0.973712	-0.980279	-0.981264	-0.979994	-0.942666	-0.866627	-0.826214	-0.753481	-0.638458	-0.588187	-0.598647	-0.643879	-0.669037	-0.705078	-0.738031	-0.778206	-0.82167	-0.875294	-1.07209	-1.06563	-1.04816	-1.01617	-0.980872	-0.939096	-0.888036	-0.852697	-0.830793	-0.817722	-0.806098	-0.803899	-0.797167	-0.813691	-0.806248	-0.802365	-0.793164	-0.782099	-0.770114	-0.752423	-0.737726	-0.715001	-0.698449	-0.66042	-0.637236	-0.612699	-0.592235	-0.570681	-0.550542	-0.533268	-0.514334	-0.502999	-0.497711	-0.484491	-0.466515	-0.45458	-0.442275	-0.437274	-0.470946	-0.510295	-0.577087	-0.582337	-0.576496	-0.555696	-0.518636	-0.448714	-0.378278	-0.303152	-0.274761	-0.289032	-0.328952	-0.383269	-0.448856	-0.520249	-0.642202	-0.78475	-0.92664	-1.06105	-1.1583	-1.14772	-1.11494	-1.04589	-0.868071	-0.763747	-0.679694	-0.601204	-0.52825	-0.451822	-0.417159	-0.39527	-0.391584	-0.412044	-0.466724	-0.540233	-0.639171	-0.748635	-0.892906	-1.02739	-1.15283	-1.23347	-1.27265	-1.29148	-1.30396	-1.25142	-1.18947	-1.11441	-1.03824	-0.956523	-0.868284	-0.829147	-0.821811	-0.807654	-0.804181	-0.792453	-0.792684	-0.784986	-0.787879	-0.837399	-0.848216	-0.871439	-0.895625	-0.916076	-0.927728	-0.961197	-0.92937	-0.896481	-0.859124	-0.758387	-0.680069	-0.698362	-0.777975	-0.854763	-0.910675	-0.963497	-1.0009	-1.03608	-1.09364	-0.943177	-0.920938	-0.905469	-0.925805	-0.918662	-0.917904	-0.911164	-0.886127	-0.92478	-0.939743	-0.983412	-0.9615	-0.929665	-0.897853	-0.854216	-0.80559	-0.783585	-0.754772	-0.731247	-0.700899	-0.680877	-0.666116	-0.671816	-0.693859	-0.732792	-0.768172	-0.808989	-0.846008	-0.903812	-0.972101	-1.00242	-1.01552	-1.02129	-1.02774	-1.01797	-0.993143	-0.960511	-0.930578	-0.900247	-0.868789	-0.839114	-0.804422	-0.780331	-0.75971	-0.747966	-0.747402	-0.762252	-0.774558	-0.789902	-0.803159	-0.820093	-0.835142	-0.851414	-0.877442	-0.922952	-0.973613	-1.02332	-1.06687	-1.11581	-1.13648	-1.14943	-1.15768	-1.16065	-1.13438	-1.11672	-1.10063	-1.07814	-1.05812	-1.03639	-1.01438	-0.98797	-0.958283	-0.958522	-0.948143	-0.944444	-0.937024	-0.934973	-0.931262	-0.934314	-0.939749	-0.943904	-0.955523	-0.99838	-1.04828	-1.08993	-1.17174	-1.16595	-1.14702	-1.13363	-1.09648	-1.04775	-1.00496	-0.955869	-0.905108	-0.870631	-0.823848	-0.791511	-0.766845	-0.752376	-0.741396	-0.735754	-0.733153	-0.801032	-0.83364	-0.865232	-0.899205	-0.938535	-0.987847	-1.03678	-1.08549	-1.13593	-1.18057	-1.22788	-1.27253	-1.30654	-1.33457	-1.37086	-1.30323	-1.22459	-1.20086	-1.17407	-1.14651	-1.11997	-1.09064	-1.061	-1.04053	-1.01722	-0.997315	-0.98904	-1.0225	-1.04883	-1.08064	-1.1234	-1.1763	-1.22417	-1.27913	-1.33311	-1.38765	-1.44258	-1.49446	-1.54814	-1.55928	-1.57483	-1.55466	-1.50576	-1.47288	-1.40637	-1.32106	-1.11326
2	7.38544	7.32895	7.15843	7.00876	6.8402	6.69058	6.52659	6.38139	6.2238	6.08219	5.93337	5.79634	5.66588	5.46239	5.36742	5.29078	5.21453	5.15051	5.09047	5.03915	4.99389	4.97957	4.92607	4.87701	4.82285	4.77323	4.64842	4.57053	4.48042	4.3994	4.2799	4.25131	4.22486	4.20315	4.1961	4.20834	4.23979	4.21584	4.16749	4.15097	4.12655	4.12058	4.08557	4.07574	4.03562	3.97786	3.91661	3.84325	3.78187	3.73779	3.6826	3.63549	3.58213	3.5404	3.49233	3.45653	3.41576	3.42247	3.44383	3.4036	3.37079	3.33048	3.29231	3.25116	3.20574	3.1634	3.1125	3.06906	2.98848	2.93093	2.8737	2.81825	2.76163	2.70848	2.65567	2.60524	2.55846	2.512	2.46627	2.47803	2.44813	2.40261	2.35412	2.32656	2.28056	2.22528	2.17616	2.11729	2.013	1.97182	1.94334	1.91121	1.88799	1.86562	1.84773	1.83607	1.82325	1.88842	1.91673	1.93913	1.92691	1.91039	1.86873	1.83979	1.80459	1.74358	1.67091	1.57547	1.5154	1.47226	1.42545	1.37821	1.37337	1.38355	1.40893	1.43425	1.5196	1.55711	1.60082	1.65022	1.63479	1.62027	1.60079	1.56757	1.52129	1.4835	1.44271	1.41003	1.35617	1.31702	1.2865	1.26471	1.2579	1.23574	1.21402	1.19803	1.20493	1.19717	1.1914	1.18691	1.19251	1.19428	1.18603	1.1709	1.18394	1.19696	1.21297	1.22805	1.24694	1.26449	1.27866	1.18176	1.12917	1.08786	1.05984	1.04671	1.04184	1.08049	1.09419	1.1354	1.17448	1.2198	1.27877	1.319	1.35519	1.33853	1.31955	1.30302	1.28287	1.26643	1.24705	1.23136	1.21328	1.19896	1.18249	1.1702	1.15695	1.14728	1.12792	1.13273	1.13763	1.14022	1.13431	1.13722	1.14773	1.17421	1.21233	1.25694	1.29244	1.3144	1.32153	1.33746	1.34823	1.36169	1.36917	1.39033	1.37392	1.42331	1.475	1.53182	1.59288	1.71802	1.81257	1.88599	1.92886	1.9469	1.93262	1.91385	1.89973	1.8742	1.85188	1.81986	1.78738	1.75126	1.71584	1.68195	1.64974	1.63847	1.6222	1.66858	1.60294	1.48266	1.38604	1.29379	1.25337	1.2453	1.23515	1.25556	1.30068	1.38133	1.45732	1.41669	1.3725	1.32438	1.3755	1.37486	1.37699	1.36744	1.36677	1.36617	1.38299	1.36841	1.32256	1.23698	1.19003	1.16256	1.02723	0.884206	0.767466	0.684031	0.600546	0.578333	0.610817	0.660064	0.714682	0.781252	0.84767	0.886819	0.89645	0.918851	0.881637	0.828133	0.773485	0.72118	0.707029	0.715207	0.765977	0.778834	0.801292	0.820268	0.837285	0.870724	0.927064	0.945527	0.924926	0.899322	0.912421	0.907275	0.899562	0.887571	0.875049	0.840708	0.828749	0.822298	0.791339	0.752838	0.710029	0.662248	0.612055	0.556007	0.49994	0.442483	0.390624	0.342596	0.37475	0.525804	0.554196	0.578041	0.577328	0.570597	0.625474	0.606938	0.60744	0.624142	0.603597	0.579723	0.515598	0.393589	0.29214	0.198648	0.150958	0.117201	0.094261	0.111352	0.144494	0.177414	0.215688	0.259073	0.236693	0.212485	0.18982	0.16858	0.15076	0.153722	0.144292	0.133498	0.132734	0.130905	0.138062	0.124868	0.145606	0.175481	0.202335	0.201298	0.187102	0.186332	0.216159	0.240114	0.264411	0.306072	0.330197	0.362982	0.390473	0.423057	0.451284	0.479884	0.504868	0.502237	0.520676	0.53657	0.506329	0.50697	0.538809	0.507735	0.512243	0.493469	0.420503	0.256711	0.486203	0.530771	0.514951	0.500978	0.479143	0.469361	0.43619	0.431848	0.399894	0.43554	0.458168	0.475959	0.443323	0.425924	0.41458	0.496845	0.569678	0.60219	0.221272	0.216177	0.251107	0.340226	0.394872	0.432798	0.455582	0.480727	0.521361	0.577082	0.612986	0.662992	0.694007	0.617976	0.531102	0.443659	0.360981	0.279966	0.207458	0.158358	0.129024	0.182606	0.27907	0.42	0.586728	0.668199	0.791108	0.813829	0.868718	0.915461	0.954386	0.984105	1.01211	1.02673	1.02877	1.02002	0.970125	0.906899	0.838509	0.786086	0.742539	0.726767	0.753258	0.788831	0.851336	0.918928	0.995273	1.07531	1.16111	1.24083	1.27974	1.29642	1.32301	1.27399	1.21762	1.15626	1.09924	1.04287	0.989165	0.958035	0.942895	1.01128	1.07462	1.14225	1.21162	1.29945	1.37953	1.47378	1.56494	1.66285	1.7324	1.77161	1.81655	1.82126	1.83982	1.84647	1.86172	1.90634	1.95107	2.03033	2.10796	2.27662	2.45623	2.59895	2.75414	2.91814	3.15897	3.35089	3.51542	3.67283	3.7982	3.9478	4.13119	4.32877	4.54197	4.8103	5.20899	5.42409	5.71142	6.07656	6.53729	7.05577	7.7303	8.41441	9.24999	10.1357	11.1465	12.0514	13.2199	14.4901	16.0853	17.8691	20.1016	22.8862	26.0152	30.1408	34.9559	41.914	49.0928	61.9566	77.4587	93.1231	110.727	147.801	177.385	213.767	232.507	234.637	212.757	179.984	150.709	114.824	94.4913	76.885	60.9934	49.234	40.4718	35.8759	30.16	25.6816	22.0502	19.3043	16.6422	15.8326	14.3706	12.929	11.3387	10.8091	9.90249	8.73756	7.78133	7.22921	6.56086	5.97218	5.45637	5.01155	4.62596	4.29179	4.00004	3.7727	3.58831	3.52259	3.38956	3.2356	3.06452	2.91221	2.77833	2.65295	2.54011	2.4322	2.33378	2.25158	2.15949	2.07244	1.97943	1.89329	1.80292	1.72192	1.63382	1.55598	1.47143	1.39731	1.31951	1.25164	1.18458	1.12419	1.06546	1.01302	0.961346	0.917326	0.877635	0.842362	0.814795	0.788259	0.768268	0.750626	0.735441	0.72747	0.721622	0.719741	0.723913	0.724323	0.756014	0.789875	0.829848	0.872893	0.9183	0.984533	0.972935	0.910476	0.851016	0.821047	0.734692	0.635388	0.544417	0.431874	0.376825	0.35798	0.326117	0.331664	0.32327	0.293437	0.249184	0.221171	0.199217	0.205307	0.217658	0.208301	0.211682	0.188002	0.0967406	0.0132174	-0.0572899	-0.127612	-0.167774	-0.114079	-0.0898296	-0.0429119	-0.00215379	0.0286621	0.046375	0.0605807	0.0748611	0.0867043	0.0947229	0.104224	0.10665	0.0826209	0.0846366	0.0494646	0.00788955	-0.0356467	-0.0812609	-0.125768	-0.171304	-0.234318	-0.326865	-0.398467	-0.495164	-0.574839	-0.579395	-0.500649	-0.442725	-0.366166	-0.288761	-0.22007	-0.187792	-0.159085	-0.134406	-0.189751	-0.232173	-0.240726	-0.239977	-0.232449	-0.237308	-0.23854	-0.230482	-0.199926	-0.21122	-0.242311	-0.276667	-0.311637	-0.345728	-0.382821	-0.42007	-0.458933	-0.492831	-0.528611	-0.551628	-0.578142	-0.602045	-0.616455	-0.62286	-0.598258	-0.550619	-0.480105	-0.433035	-0.394532	-0.372203	-0.408929	-0.404395	-0.401667	-0.504025	-0.500316	-0.480851	-0.45641	-0.429	-0.399642	-0.369179	-0.336433	-0.305797	-0.273775	-0.245411	-0.25212	-0.23378	-0.21765	-0.238969	-0.284229	-0.338553	-0.38179	-0.378854	-0.366065	-0.337169	-0.271833	-0.242633	-0.19348	-0.208853	-0.228249	-0.244613	-0.261023	-0.275691	-0.282833	-0.287102	-0.284124	-0.245415	-0.161919	-0.170048	-0.187269	-0.209982	-0.218963	-0.228302	-0.221083	-0.14981	-0.0974138	-0.0895475	-0.0753353	-0.0981997	-0.146346	-0.1666	-0.231798	-0.269688	-0.334498	-0.383375	-0.408036	-0.446124	-0.442162	-0.420852	-0.397796	-0.362661	-0.35418	-0.376348	-0.391897	-0.420033	-0.437634	-0.45941	-0.480428	-0.521796	-0.513818	-0.480275	-0.451034	-0.423156	-0.395643	-0.368605	-0.343404	-0.316761	-0.288462	-0.322224	-0.349904	-0.375103	-0.393806	-0.396563	-0.381462	-0.248154	-0.0687628	-0.055732	-0.0521343	-0.041301	-0.0965894	-0.150039	-0.204894	-0.293484	-0.410234	-0.420935	-0.258418	-0.203441	-0.154698	-0.116782	-0.0714103	-0.0633117	-0.091488	-0.110626	-0.129759	-0.159829	-0.174549	-0.181303	-0.191306	-0.184117	-0.221212	-0.23758	-0.209202	-0.17227	-0.157667	-0.162704	-0.186095	-0.210956	-0.231916	-0.249012	-0.234191	-0.199619	-0.117396	-0.0508163	-0.0593469	-0.0805749	-0.0720713	-0.0343258	-0.0522458	-0.094382	-0.0701975	-0.0419738	-0.0112355	-0.0143925	-0.0314422	-0.0384358	-0.0481282	-0.0481132	-0.0630139	-0.0567322	-0.0471252	-0.049379	-0.0514595	-0.0382795	-0.0324416	-0.00677988	0.0327398	0.0853449	0.0845475	0.0879368	0.0795007	0.0776574	0.0626209	0.0382472	0.0108277	-0.00726847	-0.0369644	-0.075228	-0.104128	-0.163278	-0.170069	-0.15826	-0.153355	-0.130458	-0.0805594	-0.0638538	-0.0487797	-0.0314819	-0.0101122	0.00624423	0.033046	0.0385805	0.038557	0.0363131	-0.00780009	-0.0299337	-0.051633	-0.0765454	-0.101822	-0.157764	-0.136076	-0.0749855	-0.0308116	0.0141327	0.0544927	0.0968232	0.135395	0.169455	0.189207	0.197997	0.162245	0.134048	0.0688971	0.00357202	-0.0707092	-0.143729	-0.252978	-0.390702	-0.527813	-0.672403	-0.667977	-0.653474	-0.609693	-0.576676	-0.526242	-0.473189	-0.417464	-0.361649	-0.304838	-0.246139	-0.19264	-0.134254	-0.107712	-0.0863702	-0.0796521	-0.0726895	-0.0530927	-0.0396094	-0.0246154	-0.012504	0.000202809	0.00923696	0.0192093	-0.0378266	-0.0941361	-0.148256	-0.202608	-0.231313	-0.256282	-0.283772	-0.31317	-0.323166	-0.32014	-0.286319	-0.260293	-0.22387	-0.234021	-0.265999	-0.294259	-0.323909	-0.352738	-0.365681	-0.316915	-0.285841	-0.230562	-0.180759	-0.145045	-0.116461	-0.090494	-0.0660836	-0.107716	-0.110441	-0.109558	-0.110291	-0.106222	-0.111056	-0.109711	-0.102482	-0.115602	-0.153104	-0.170849	-0.24394	-0.30843	-0.37966	-0.443663	-0.517931	-0.585537	-0.64593	-0.705837	-0.752524	-0.754034	-0.729945	-0.671297	-0.591856	-0.545638	-0.485914	-0.42918	-0.372161	-0.318933	-0.263158	-0.214551	-0.18308	-0.161797	-0.146489	-0.153418	-0.141344	-0.134079	-0.122915	-0.114539	-0.103015	-0.0918621	-0.0813185	-0.0681358	-0.0568781	-0.0551106	-0.0681026	-0.0727405	-0.0751772	-0.0720275	-0.0709419	-0.0446538	-0.02993	-0.0411609	-0.0510478	-0.062718	-0.076589	-0.122603	-0.156784	-0.191687	-0.22018	-0.248379	-0.271183	-0.289077	-0.306528	-0.313255	-0.287359	-0.29844	-0.329405	-0.359038	-0.391017	-0.418109	-0.473785	-0.529064	-0.517011	-0.461407	-0.352854	-0.271092	-0.19135	-0.150284	-0.0961763	-0.0733877	-0.0597052	-0.03865	-0.0786745	-0.135183	-0.203024	-0.279081	-0.355105	-0.432805	-0.509569	-0.584793	-0.657982	-0.68185	-0.690786	-0.718982	-0.706029	-0.687667	-0.630164	-0.568413	-0.45745	-0.340335
3	7.4387	7.18403	7.0915	7.00357	6.91919	6.76195	6.63862	6.5839	6.54382	6.45685	6.35576	6.2578	6.15239	6.06066	5.92732	5.83483	5.72446	5.63596	5.54737	5.44529	5.35434	5.26736	5.18093	5.13001	5.06913	5.07356	5.06254	5.02151	5.02658	5.02586	4.95185	4.87282	4.7692	4.66052	4.57234	4.50214	4.40573	4.25949	4.08967	3.95444	3.81813	3.70729	3.60797	3.53234	3.42348	3.42181	3.41976	3.43027	3.3969	3.32684	3.2327	3.16236	3.08345	2.98233	2.92791	3.06598	3.09743	3.07805	3.05549	3.02116	3.04736	2.96126	2.87449	2.7809	2.7162	2.66781	2.62961	2.62863	2.49654	2.41809	2.37032	2.30363	2.24493	2.25572	2.23265	2.24734	2.27564	2.23239	2.21178	2.17784	2.14174	2.09509	2.0666	2.04346	2.03731	2.00594	1.98221	1.93204	1.87218	1.82995	1.79374	1.75836	1.74471	1.7259	1.6901	1.66504	1.65635	1.63719	1.63362	1.64823	1.74187	1.81177	1.87118	1.86672	1.74659	1.62383	1.61629	1.5689	1.50242	1.41833	1.29375	1.27119	1.28559	1.29831	1.25814	1.25678	1.16626	1.0578	0.978896	0.966991	0.98386	1.0035	1.06486	1.16242	1.25864	1.26152	1.26052	1.26644	1.26751	1.27668	1.19909	1.18069	1.15736	1.14566	1.12002	1.09464	1.1124	1.11738	1.12458	1.10604	1.04221	0.986977	0.94554	0.916306	0.744595	0.682059	0.663536	0.686633	0.724747	0.775097	0.831408	0.840742	0.853631	0.870309	0.89453	0.914294	0.919262	0.927023	0.90096	0.850564	0.807177	0.771916	0.721789	0.651164	0.56029	0.515192	0.421046	0.40168	0.399891	0.422558	0.504395	0.574916	0.70616	0.784707	0.845391	0.89836	0.939408	0.947049	0.954432	0.962795	0.954445	0.934558	0.902689	0.859167	0.796971	0.798279	0.753773	0.771868	0.845263	0.899655	0.945922	0.968912	0.997513	0.994081	0.982889	0.984118	0.987331	0.999699	0.973414	0.994771	1.01757	1.11895	1.16959	1.22678	1.21896	1.20571	1.17849	1.15768	1.13304	1.10474	1.13302	1.12801	1.15748	1.21425	1.31045	1.33918	1.31218	1.29832	1.27879	1.26461	1.24712	1.22649	1.20724	1.19813	1.19827	1.17435	1.14343	1.10849	1.06978	1.03242	0.988026	0.952414	0.921981	0.888239	0.856066	0.766666	0.687656	0.616681	0.428928	0.297559	0.181146	0.184154	0.399239	0.559615	0.648326	0.654397	0.659324	0.512359	0.236966	0.259744	0.368428	0.681011	0.665248	0.301626	-0.085089	-0.0583906	0.156472	0.50665	0.472601	0.441031	0.385924	0.36565	0.343488	0.336903	0.396308	0.41304	0.443413	0.473552	0.462762	0.416327	0.346441	0.242358	0.126384	0.0275215	-0.0139145	-0.0123132	0.0198398	0.186337	0.18665	0.187034	0.162854	0.159195	0.141524	0.101339	0.0732632	0.0679407	0.0994217	0.118315	0.133416	0.148028	0.194216	0.22296	0.243083	0.252632	0.259125	0.262987	0.285421	0.312455	0.289578	0.238864	0.14965	0.119779	0.116462	0.116107	0.103589	0.0509166	0.0374167	-0.0186352	-0.0599504	-0.0842666	-0.081472	-0.123869	-0.180104	-0.218151	-0.259169	-0.273432	-0.285752	-0.295175	-0.310634	-0.32755	-0.324282	-0.299453	-0.287155	-0.28749	-0.292855	-0.272215	-0.258392	-0.253258	-0.209522	-0.175041	-0.225786	-0.310556	-0.365493	-0.390284	-0.371701	-0.336327	-0.290073	-0.294843	-0.307533	-0.32387	-0.287635	-0.258227	-0.210171	-0.110631	-0.0253581	0.0832609	0.159897	0.147469	0.130306	0.10375	0.0698398	0.0386686	0.00270803	-0.0317381	-0.0689265	-0.107973	-0.145085	-0.182174	-0.21439	-0.246745	-0.27392	-0.262332	-0.263855	-0.242807	-0.216986	-0.187159	-0.153157	-0.119008	-0.0569183	0.00771465	0.0229631	0.0369037	0.00448412	-0.0140911	-0.0341817	-0.0597112	-0.07898	-0.121195	-0.151571	-0.14506	-0.135831	-0.101226	-0.0762015	-0.0584923	-0.0705853	-0.0832524	-0.0846398	-0.0914674	-0.105961	-0.10546	-0.064867	-0.0312506	-0.0178343	0.0217783	0.0695821	0.113109	0.163334	0.207194	0.227753	0.262078	0.301095	0.342799	0.374135	0.41489	0.457102	0.452754	0.44432	0.418275	0.384746	0.343958	0.33059	0.31484	0.280525	0.253454	0.230224	0.217461	0.306574	0.327013	0.286386	0.274387	0.267526	0.267747	0.279207	0.273871	0.271255	0.245819	0.244377	0.262053	0.275511	0.311642	0.353229	0.39498	0.443589	0.484122	0.540837	0.668892	0.741637	0.776491	0.824994	0.899754	1.0348	1.12693	1.17495	1.16428	1.1489	1.11412	1.13629	1.132	1.09963	1.08319	1.10649	1.11473	1.16052	1.20271	1.23223	1.27592	1.38327	1.52694	1.71791	1.99567	2.28468	2.55055	2.81016	3.12436	3.37636	3.61701	3.86792	4.11461	4.36914	4.6169	4.82185	5.04677	5.2734	5.50905	5.74768	6.01364	6.31723	6.86684	7.44755	8.11822	8.81042	9.72999	10.7293	11.9065	13.0891	14.5757	16.3169	18.5024	20.5341	23.0972	25.7006	30.2268	37.266	41.8986	53.1064	65.6094	83.1132	103.448	128.932	161.465	190.52	219.068	239.322	232.703	207.872	170.701	143.304	110.893	91.2777	71.1571	59.5702	47.5884	40.4698	35.16	31.0857	26.874	23.2727	20.5108	18.3575	16.166	14.356	12.5869	11.1509	10.073	9.09905	7.95522	7.15866	6.44428	5.98255	5.59157	5.25466	4.9915	4.71927	4.46521	4.14703	3.90238	3.67364	3.46374	3.26412	3.08036	2.90919	2.74879	2.57627	2.39531	2.20105	1.99039	1.85829	1.73727	1.62388	1.54137	1.43846	1.40111	1.46046	1.48282	1.429	1.39055	1.32754	1.22762	1.11004	0.895236	0.68242	0.554146	0.469854	0.432589	0.449829	0.436652	0.417488	0.448794	0.483513	0.551688	0.572824	0.532191	0.449898	0.360198	0.226113	0.124923	0.0840396	-0.0635871	-0.156931	0.0147817	0.124535	0.222595	0.266868	0.353692	0.38787	0.331091	0.303183	0.243297	0.132507	0.0707175	0.00772453	-0.0368576	-0.0626575	-0.0813788	-0.100283	-0.117822	-0.126696	-0.120422	-0.122484	-0.1176	-0.114484	-0.1085	-0.103538	-0.0931683	-0.086313	-0.0883241	-0.0831478	-0.0822126	-0.0832263	-0.0518218	-0.0756572	-0.0847303	-0.0718747	-0.0735776	-0.0617374	-0.0779176	-0.107199	-0.147302	-0.222798	-0.285572	-0.332885	-0.350366	-0.36084	-0.373113	-0.358755	-0.36797	-0.378264	-0.396418	-0.40911	-0.41887	-0.427518	-0.471126	-0.557917	-0.624596	-0.591015	-0.5915	-0.595634	-0.605587	-0.645791	-0.68572	-0.693752	-0.698808	-0.717637	-0.708148	-0.779064	-0.868366	-0.931323	-0.963387	-0.957267	-0.824775	-0.767191	-0.755424	-0.745908	-0.729229	-0.677387	-0.642075	-0.586891	-0.570585	-0.503675	-0.46097	-0.402604	-0.373919	-0.347279	-0.336171	-0.340278	-0.328087	-0.326206	-0.33035	-0.357562	-0.413923	-0.457584	-0.50533	-0.509293	-0.557611	-0.590508	-0.577513	-0.570155	-0.561855	-0.546387	-0.53186	-0.520408	-0.508808	-0.503428	-0.499457	-0.531928	-0.567685	-0.60356	-0.635274	-0.686125	-0.729952	-0.767539	-0.845255	-0.90154	-0.892768	-0.848637	-0.797738	-0.703634	-0.644414	-0.600291	-0.591762	-0.747657	-0.733332	-0.683276	-0.677804	-0.668179	-0.662762	-0.621641	-0.579218	-0.547557	-0.51016	-0.465224	-0.505971	-0.620194	-0.655261	-0.670713	-0.744008	-0.748588	-0.787516	-0.821861	-0.84763	-0.820349	-0.785119	-0.679441	-0.6722	-0.671273	-0.640022	-0.615623	-0.584296	-0.54778	-0.504734	-0.483942	-0.443163	-0.394276	-0.382344	-0.391351	-0.410619	-0.421838	-0.438244	-0.451957	-0.463182	-0.474196	-0.500309	-0.486982	-0.469314	-0.453531	-0.413122	-0.382446	-0.407129	-0.443016	-0.466433	-0.452711	-0.426276	-0.396	-0.357165	-0.304056	-0.280497	-0.280917	-0.288839	-0.278456	-0.262823	-0.256207	-0.284495	-0.324839	-0.336235	-0.320885	-0.30435	-0.307583	-0.311775	-0.31161	-0.318865	-0.315139	-0.312195	-0.306684	-0.293785	-0.282551	-0.267242	-0.252534	-0.236486	-0.229479	-0.202721	-0.215282	-0.229338	-0.26704	-0.307293	-0.379459	-0.475054	-0.606028	-0.658624	-0.73822	-0.75952	-0.762585	-0.781611	-0.853295	-0.826678	-0.792415	-0.677091	-0.556662	-0.452681	-0.362188	-0.356636	-0.350645	-0.345174	-0.343212	-0.343995	-0.34196	-0.365698	-0.413555	-0.455888	-0.500788	-0.549272	-0.595178	-0.632751	-0.680138	-0.761606	-0.774462	-0.727578	-0.70754	-0.651315	-0.578951	-0.508679	-0.458564	-0.41194	-0.368203	-0.316801	-0.277817	-0.26282	-0.212641	-0.221307	-0.233769	-0.248591	-0.268591	-0.290211	-0.357967	-0.397192	-0.435543	-0.473298	-0.512158	-0.547022	-0.581509	-0.612613	-0.640646	-0.666248	-0.667834	-0.681202	-0.680928	-0.66863	-0.639084	-0.610682	-0.569902	-0.529975	-0.482075	-0.439989	-0.39933	-0.350888	-0.329901	-0.314755	-0.354004	-0.361379	-0.376452	-0.385235	-0.415692	-0.404462	-0.392755	-0.406768	-0.420904	-0.426514	-0.44893	-0.460984	-0.44889	-0.425836	-0.373536	-0.383026	-0.395028	-0.39935	-0.423593	-0.451539	-0.475179	-0.511558	-0.542752	-0.578277	-0.609356	-0.638067	-0.651385	-0.667714	-0.67933	-0.709553	-0.711262	-0.718645	-0.722158	-0.701169	-0.684193	-0.642703	-0.611986	-0.584737	-0.55176	-0.524664	-0.493193	-0.535372	-0.560181	-0.590506	-0.642247	-0.680905	-0.758054	-0.807219	-0.838387	-0.843479	-0.831313	-0.799462	-0.796911	-0.807211	-0.819753	-0.791601	-0.768903	-0.749768	-0.727247	-0.704383	-0.681117	-0.660774	-0.636945	-0.619285	-0.679795	-0.729244	-0.78612	-0.812717	-0.857789	-0.882773	-0.901966	-0.898103	-0.906665	-0.893716	-0.847717	-0.774873	-0.722151	-0.713206	-0.729107	-0.744584	-0.761841	-0.774524	-0.781923	-0.782942	-0.474641	-0.55202	-0.842689	-0.732391	-0.972873	-0.656806	-1.12704	-1.11143	-0.919022	-0.772543	-0.685985	-0.577324	-0.530006	-0.486666	-0.581272	-0.571474	-0.598619	-0.593045	-0.529296	-0.571453	-0.595629	-0.985788	-1.20569	-0.828261	-0.659753	-0.689952	-0.828759	-0.863783	-0.708346	-0.596136	-0.447446	-0.368008	-0.389419	-0.409482	-0.405745	-0.416797	-0.41373	-0.471534	-0.537841	-0.596797	-0.646319	-0.676602	-0.717502	-0.764225	-0.80574	-0.83956	-0.856407	-0.876646	-0.892226	-0.910113	-0.923494	-0.929159	-0.928007	-0.918328	-0.902235	-0.877906	-0.840998	-0.776395	-0.715744	-0.599734	-0.540816	-0.56714	-0.598834	-0.640568	-0.664307	-0.795962	-0.77389	-0.713967	-0.730789	-0.736004	-0.750604	-0.762069	-0.797038	-0.819193	-0.836537	-0.833659	-0.785129	-0.785397	-0.777037	-0.765601	-0.771008	-0.675338	-0.425857	-0.173674
4	7.25948	7.44601	7.54928	7.61426	7.43511	7.25683	7.08405	6.92699	6.79917	6.69483	6.59653	6.49886	6.31606	6.07295	5.8779	5.66709	5.49517	5.56345	5.58989	5.5945	5.62582	5.62622	5.54125	5.50028	5.46437	5.43198	5.37964	5.35702	5.33386	5.28166	5.20041	5.10361	4.97262	4.84984	4.73165	4.6071	4.49378	4.38883	4.28436	4.16811	4.074	4.04433	3.9852	3.97946	3.98191	3.95067	3.93069	3.91565	3.91818	3.8781	3.81484	3.75398	3.65617	3.53487	3.38396	3.25055	3.07229	2.85935	2.70995	2.70059	3.15101	3.10113	3.04027	2.97659	2.95038	2.90822	2.88007	2.81839	2.75372	2.6989	2.64752	2.61784	2.55287	2.51372	2.47685	2.44078	2.40801	2.36427	2.34875	2.33145	2.31408	2.27703	2.25993	2.24263	2.24626	2.26903	2.28596	2.30323	2.338	2.3653	2.33626	2.28887	2.23491	2.17929	2.09924	2.02013	1.93712	1.85109	1.75875	1.69017	1.5642	1.51881	1.47947	1.44379	1.44609	1.44033	1.45279	1.45801	1.46436	1.47199	1.48357	1.49656	1.50999	1.47863	1.43561	1.38997	1.34872	1.33255	1.31869	1.33242	1.36011	1.36649	1.36004	1.34448	1.3192	1.30093	1.27436	1.24691	1.23912	1.23743	1.23747	1.24126	1.24723	1.25666	1.26823	1.26758	1.22375	1.20792	1.18139	1.16725	1.17106	1.17017	1.19627	1.17913	1.15937	1.14779	1.14053	1.12936	1.11166	1.11093	1.10041	1.09544	1.0502	1.02083	0.993482	0.986504	0.990798	0.97799	0.9327	0.984514	1.18143	1.41609	1.46692	1.52063	1.49097	1.44992	1.21776	1.14304	1.08959	1.02433	0.961418	0.889154	0.819857	0.751379	0.677633	0.63038	0.570271	0.545145	0.586015	0.655172	0.723393	0.805728	0.890185	0.983338	1.01347	1.06899	1.1158	1.17089	1.21286	1.26988	1.34228	1.33284	1.33297	1.24788	1.27889	1.32686	1.3749	1.41718	1.46531	1.41341	1.37577	1.37942	1.37702	1.35876	1.35723	1.40571	1.41813	1.42524	1.41605	1.38809	1.39546	1.36546	1.34177	1.34622	1.34907	1.35086	1.36341	1.36318	1.38596	1.40218	1.43508	1.46967	1.49374	1.50939	1.52028	1.49826	1.46265	1.42378	1.29682	1.1148	0.937499	0.765392	0.607425	0.502546	0.410012	0.355265	0.264403	0.331522	0.429288	0.545948	0.658568	0.728253	0.77865	0.838984	0.88332	0.878041	0.864812	0.841952	0.817178	0.737306	0.65858	0.58079	0.458882	0.45602	0.464992	0.517318	0.591275	0.64604	0.692423	0.71062	0.725388	0.632097	0.529721	0.419405	0.340158	0.288797	0.238367	0.233319	0.247124	0.227558	0.247436	0.253575	0.242533	0.246441	0.271367	0.274659	0.269557	0.257041	0.282765	0.30509	0.301783	0.302356	0.301323	0.30638	0.311505	0.319523	0.327621	0.336807	0.345787	0.355727	0.365566	0.359546	0.340237	0.321098	0.302532	0.283953	0.266332	0.248693	0.232246	0.170015	0.100915	0.0210776	-0.00369505	-0.0480943	-0.0831215	-0.0982845	-0.128794	-0.151	-0.143998	-0.0936241	-0.0499983	0.000871956	0.0553964	0.0937336	0.128972	0.155782	0.160208	0.186309	0.210297	0.218604	0.207803	0.202927	0.135567	0.0742243	0.0128502	-0.0504291	-0.0827984	-0.117591	-0.149186	-0.197441	-0.198476	-0.20864	-0.195719	-0.174338	-0.151869	-0.133599	-0.100104	-0.115447	-0.175501	-0.293038	-0.402505	-0.496003	-0.526037	-0.417449	-0.342871	-0.243828	-0.158639	-0.115801	-0.0912337	-0.0623171	-0.0357812	-0.0518408	-0.0646013	-0.0876547	-0.111799	-0.140227	-0.167715	-0.201058	-0.227327	-0.262325	-0.297587	-0.288841	-0.262726	-0.255957	-0.258438	-0.260698	-0.244215	-0.202174	-0.117779	-0.0330862	0.0559805	0.158276	0.235228	0.326593	0.408652	0.402298	0.385516	0.333745	0.296401	0.252761	0.213128	0.171928	0.126607	0.0896049	0.046836	0.0282683	0.038566	0.0038326	0.027487	0.0459943	0.0828746	0.11425	0.151061	0.227383	0.284944	0.284338	0.234081	0.207578	0.210197	0.218213	0.234766	0.288946	0.344105	0.291601	0.233757	0.185337	0.19157	0.229813	0.289337	0.371143	0.465183	0.543642	0.593851	0.589634	0.555973	0.548694	0.575293	0.596537	0.609863	0.604408	0.616625	0.637095	0.652871	0.681112	0.719946	0.781776	0.858846	0.949512	1.02629	1.09245	1.15302	1.19852	1.22323	1.24626	1.26533	1.28265	1.2982	1.28374	1.24901	1.2356	1.1776	1.20246	1.23854	1.281	1.32364	1.33339	1.3546	1.38127	1.4204	1.47179	1.56317	1.64838	1.7176	1.80178	1.85764	1.93523	2.01574	2.03439	2.03288	2.13858	2.25187	2.49474	2.71972	2.94403	3.20592	3.47718	3.71329	3.89433	4.06888	4.26439	4.42662	4.62217	4.86135	5.07977	5.34366	5.59821	5.98906	6.42972	6.98749	7.6764	8.54012	9.57012	10.9381	12.3937	14.078	16.2015	17.8921	19.8995	22.2082	25.086	28.3607	32.1678	36.7703	44.4429	52.3736	64.9763	81.0758	104.156	133.587	152.418	193.711	222.579	231.351	215.847	196.646	157.304	128.149	95.023	84.8872	66.148	55.534	43.8991	39.2709	33.5231	28.9037	24.616	20.3143	17.5915	15.4944	13.9729	12.6782	11.6381	10.5365	9.52975	8.57654	7.85946	7.25148	6.70357	6.17087	5.76195	5.44418	5.03353	4.61838	4.24408	3.94194	3.65306	3.41743	3.18157	2.9888	2.78628	2.62115	2.45274	2.27487	2.08293	1.90736	1.74811	1.63577	1.53032	1.46672	1.4106	1.38661	1.32264	1.27205	1.21695	1.16693	1.10183	1.01096	0.923118	0.823822	0.72575	0.65302	0.575836	0.499022	0.439898	0.428364	0.447026	0.435023	0.412011	0.434611	0.426845	0.446954	0.493957	0.549376	0.603589	0.621039	0.615389	0.62528	0.634783	0.630275	0.641116	0.639385	0.665966	0.697738	0.703904	0.714698	0.626865	0.568998	0.506918	0.447638	0.379324	0.330938	0.282958	0.264008	0.229195	0.230996	0.252194	0.246511	0.22275	0.219579	0.186229	0.151794	0.118603	0.0850255	0.0365763	-0.0282949	-0.0843813	-0.151246	-0.220535	-0.248383	-0.271377	-0.258751	-0.259653	-0.248869	-0.232343	-0.234236	-0.25246	-0.267925	-0.274582	-0.28328	-0.283016	-0.295241	-0.341586	-0.37586	-0.39212	-0.458545	-0.493637	-0.511653	-0.518621	-0.506841	-0.490548	-0.487399	-0.465084	-0.430809	-0.401469	-0.3524	-0.30155	-0.264315	-0.209679	-0.167103	-0.162224	-0.171685	-0.194531	-0.210401	-0.251854	-0.268465	-0.296441	-0.304459	-0.350901	-0.388575	-0.40379	-0.444112	-0.450243	-0.45459	-0.474161	-0.516228	-0.556995	-0.58891	-0.535497	-0.520803	-0.557545	-0.586439	-0.608145	-0.608092	-0.604425	-0.592009	-0.58839	-0.58183	-0.598998	-0.622718	-0.626335	-0.595804	-0.575806	-0.560835	-0.545042	-0.547225	-0.573341	-0.629874	-0.666049	-0.678714	-0.69984	-0.69224	-0.691776	-0.688919	-0.661592	-0.618721	-0.562127	-0.525315	-0.469016	-0.415806	-0.330774	-0.342347	-0.389269	-0.411188	-0.431085	-0.451642	-0.464919	-0.485397	-0.490381	-0.492844	-0.509256	-0.530339	-0.559045	-0.676086	-0.750976	-0.741777	-0.755086	-0.713854	-0.661176	-0.649563	-0.63387	-0.620446	-0.585875	-0.510563	-0.477834	-0.447701	-0.418395	-0.389634	-0.365014	-0.356452	-0.341574	-0.32846	-0.343469	-0.347352	-0.335197	-0.318255	-0.317358	-0.334601	-0.348129	-0.351213	-0.374577	-0.392568	-0.417832	-0.443748	-0.478501	-0.49778	-0.51512	-0.520295	-0.5241	-0.525674	-0.505058	-0.48041	-0.459611	-0.408334	-0.380088	-0.380774	-0.395355	-0.413091	-0.404546	-0.423093	-0.437457	-0.456857	-0.491881	-0.522845	-0.567193	-0.604593	-0.637011	-0.668493	-0.694312	-0.714815	-0.722472	-0.706711	-0.691354	-0.655511	-0.614857	-0.577497	-0.540713	-0.502833	-0.463706	-0.427387	-0.411965	-0.436359	-0.45184	-0.467871	-0.495686	-0.537658	-0.542329	-0.513581	-0.460696	-0.383543	-0.366863	-0.346759	-0.37342	-0.408965	-0.43301	-0.452629	-0.475351	-0.462081	-0.447851	-0.386356	-0.3421	-0.320108	-0.305382	-0.282156	-0.26625	-0.28173	-0.270951	-0.242631	-0.247902	-0.293098	-0.311858	-0.338008	-0.382853	-0.426198	-0.457704	-0.507351	-0.555915	-0.591878	-0.653308	-0.718288	-0.65044	-0.562854	-0.498239	-0.432637	-0.377377	-0.316373	-0.212565	-0.170926	-0.10616	-0.0423359	-0.000512876	-0.00119172	0.0231883	0.00890748	0.000116415	-0.0383271	-0.0457127	-0.0907223	-0.12421	-0.178864	-0.192071	-0.205788	-0.182891	-0.185614	-0.183856	-0.166613	-0.182039	-0.240612	-0.252736	-0.273128	-0.303906	-0.343329	-0.370633	-0.416494	-0.452841	-0.484593	-0.473418	-0.468513	-0.444602	-0.433845	-0.431903	-0.435796	-0.406445	-0.433791	-0.498814	-0.599257	-0.55068	-0.491807	-0.420904	-0.341158	-0.276887	-0.262601	-0.262137	-0.257661	-0.257303	-0.253925	-0.254691	-0.257253	-0.288506	-0.330456	-0.349058	-0.366418	-0.369514	-0.406646	-0.447664	-0.486176	-0.50768	-0.518982	-0.539415	-0.543676	-0.55251	-0.56438	-0.587125	-0.62807	-0.620952	-0.646816	-0.665212	-0.691695	-0.737983	-0.782451	-0.743671	-0.747015	-0.741785	-0.729847	-0.693197	-0.664161	-0.632206	-0.602045	-0.601608	-0.578534	-0.540783	-0.52764	-0.525424	-0.528491	-0.530634	-0.549747	-0.571657	-0.58342	-0.598131	-0.610997	-0.625258	-0.638367	-0.6542	-0.672674	-0.690713	-0.715082	-0.73212	-0.719817	-0.703449	-0.682975	-0.661801	-0.590857	-0.554851	-0.506857	-0.45926	-0.415919	-0.368844	-0.331914	-0.351698	-0.432692	-0.530946	-0.613938	-0.689294	-0.721303	-0.742651	-0.733129	-0.730178	-0.730293	-0.696522	-0.689763	-0.672149	-0.644335	-0.627463	-0.594168	-0.549534	-0.495027	-0.455406	-0.413275	-0.393885	-0.369551	-0.357987	-0.34058	-0.326683	-0.355997	-0.400547	-0.431101	-0.473863	-0.485113	-0.465407	-0.465953	-0.455233	-0.426943	-0.39504	-0.367504	-0.370865	-0.44276	-0.487703	-0.512047	-0.528325	-0.544074	-0.535412	-0.558132	-0.582908	-0.605073	-0.622819	-0.636278	-0.639111	-0.619538	-0.592312	-0.570165	-0.588054	-0.651723	-0.685323	-0.745793	-0.793934	-0.757351	-0.759102	-0.722709	-0.672526	-0.627535	-0.565226	-0.457062	-0.366639	-0.281163	-0.244077	-0.243242	-0.308623	-0.394377	-0.480649	-0.540792	-0.614983	-0.653718	-0.677008	-0.693936	-0.690745	-0.687728	-0.666962	-0.685139	-0.692453	-0.734475	-0.811974	-0.797829	-0.740391	-0.671968	-0.562188	-0.421641	-0.457455	-0.59121	-0.659689	-0.736013	-0.942757	-1.00616	-0.893808	-0.861782	-0.797061
5	6.78171	6.88694	6.95006	7.0229	7.02043	6.98551	6.94723	6.90249	6.87858	6.83811	6.74491	6.57398	6.38807	6.18647	5.9917	5.81993	5.66991	5.54724	5.45022	5.39492	5.36263	5.4344	5.48936	5.44178	5.33889	5.19281	5.05345	4.92271	4.86344	4.83917	4.80289	4.77711	4.75142	4.7309	4.69889	4.64195	4.5645	4.51271	4.45426	4.36261	4.24818	4.13964	4.03064	3.89416	3.75311	3.61965	3.50144	3.3672	3.33053	3.33277	3.40969	3.43991	3.42275	3.42558	3.35608	3.29025	3.22984	3.17576	3.12357	3.07527	3.02695	2.98227	2.93764	2.88076	2.82088	2.76245	2.70622	2.65046	2.59664	2.55476	2.50607	2.46014	2.41271	2.36943	2.32943	2.29293	2.26355	2.23767	2.21836	2.2011	2.19116	2.19061	2.17308	2.14356	2.11404	2.08692	2.06053	2.03708	2.01341	1.98845	1.96849	1.94603	1.93776	1.8943	1.8493	1.90644	1.9186	1.92011	1.92258	1.92813	1.94101	1.86607	1.79334	1.6887	1.58622	1.50116	1.40198	1.38364	1.37226	1.37481	1.38134	1.39861	1.41936	1.44566	1.47166	1.5012	1.52844	1.5602	1.58328	1.59453	1.58483	1.58954	1.57419	1.51124	1.44025	1.35339	1.26087	1.16517	1.07378	0.973444	0.885109	0.806138	0.742026	0.746684	0.785382	0.836387	0.922467	0.99361	1.08339	1.22536	1.2507	1.26599	1.30019	1.2494	1.20851	1.16453	1.10529	1.05884	0.97762	0.932913	0.925261	0.907594	0.952481	0.981717	1.01833	1.05476	1.08388	1.075	1.06662	1.06338	1.04381	1.02693	1.00357	0.984216	0.95863	0.884171	0.823917	0.766687	0.706742	0.609103	0.597478	0.580328	0.611746	0.633927	0.667539	0.693444	0.737982	0.779445	0.828331	0.864834	0.919619	0.950457	0.918046	0.89197	0.829621	0.767075	0.705072	0.655354	0.603912	0.555915	0.503033	0.452829	0.415535	0.380387	0.407755	0.461868	0.503051	0.567582	0.648727	0.740099	0.851162	0.96482	1.08258	1.18168	1.13636	1.1102	1.1772	1.21961	1.26894	1.28667	1.26851	1.18068	1.09881	0.854598	0.771309	0.899188	1.27066	1.28971	1.3408	1.43167	1.48182	1.51679	1.5581	1.55621	1.51256	1.47949	1.43761	1.39218	1.33116	1.27973	1.25308	1.23117	1.20794	1.19658	1.20256	1.21094	1.21608	1.20236	1.19553	1.17303	1.14291	1.08963	1.01425	0.934867	0.818011	0.675993	0.540373	0.419913	0.27684	0.235264	0.269361	0.313823	0.343742	0.402752	0.453219	0.495401	0.524143	0.552653	0.613987	0.573622	0.54949	0.495142	0.446236	0.389922	0.336057	0.271697	0.218115	0.15441	0.0959162	0.0435134	-0.00470497	-0.0307584	-0.0733967	-0.0558027	-0.0756365	-0.0596346	-0.0235079	0.0166241	0.0733331	0.124117	0.172124	0.225869	0.268671	0.273837	0.267133	0.266736	0.269865	0.282807	0.340338	0.377626	0.387822	0.348665	0.288876	0.210525	0.151761	0.0751393	0.00808751	-0.0488389	-0.112292	-0.212822	-0.234764	-0.245865	-0.227079	-0.212735	-0.184179	-0.190146	-0.190423	-0.181264	-0.185993	-0.185963	-0.181414	-0.194445	-0.209774	-0.215323	-0.217112	-0.23953	-0.263469	-0.289987	-0.310758	-0.328703	-0.345629	-0.360645	-0.372525	-0.388114	-0.408146	-0.408659	-0.406401	-0.39846	-0.388356	-0.380687	-0.383995	-0.356811	-0.332123	-0.316483	-0.28275	-0.257682	-0.219794	-0.176116	-0.12706	-0.0847016	-0.0336484	0.0155914	0.0536667	0.0934325	0.125388	0.157773	0.188145	0.200921	0.133295	0.0843758	0.0450346	-0.0246531	-0.0875046	-0.144855	-0.212926	-0.273156	-0.328582	-0.363909	-0.387717	-0.358454	-0.255326	-0.161824	-0.0850552	-0.0460998	-0.00896409	0.0178638	0.00762676	0.0136972	0.0274371	0.0552062	0.123347	0.143917	0.160322	0.199976	0.165275	0.0913616	0.0638952	0.0752629	0.0881787	0.10301	0.0807538	0.0487998	0.00490472	-0.0247197	-0.0422082	-0.00788201	0.0254144	0.0730937	0.132369	0.312987	0.434196	0.474528	0.484049	0.491993	0.469891	0.425888	0.37077	0.314134	0.281007	0.283449	0.301429	0.311008	0.327341	0.350804	0.490153	0.566589	0.615166	0.605119	0.571738	0.514926	0.475598	0.43854	0.398411	0.346593	0.315546	0.279393	0.294069	0.317255	0.343223	0.381117	0.412107	0.405469	0.415472	0.423644	0.437626	0.457982	0.480149	0.5155	0.540714	0.598646	0.655515	0.701882	0.810743	0.86674	0.938909	1.01912	1.10451	1.19891	1.28448	1.37418	1.45806	1.5565	1.63344	1.5898	1.50795	1.42826	1.34937	1.28843	1.25545	1.22803	1.28531	1.39035	1.68976	1.92044	2.13018	2.31964	2.45589	2.51295	2.57788	2.65384	2.66174	2.6156	2.60694	2.67045	2.78794	2.93838	3.13212	3.35957	3.61688	3.90726	4.21066	4.68713	5.07575	5.42465	5.77809	6.17212	6.64334	7.07439	7.71872	8.33956	9.06953	9.91539	10.9711	12.1531	13.6701	15.4331	17.5759	20.2027	22.8171	26.0344	29.9287	34.5907	40.0559	46.0015	54.7251	69.6919	85.1232	104.623	137.952	168.784	205.093	225.449	236.398	225.443	195.872	155.818	130.369	100.819	78.7001	67.8486	56.3005	44.1169	38.7088	29.79	24.5285	21.4219	19.7112	17.8189	16.0533	14.1778	12.744	12.308	10.3803	9.5759	9.05863	8.07624	7.40076	6.79526	6.18823	5.6422	5.17765	4.77697	4.42942	4.14027	3.88358	3.67131	3.42414	3.20586	3.01058	2.81426	2.63618	2.48455	2.37767	2.32538	2.26902	2.22263	2.19328	2.18614	2.15142	2.09273	2.00683	1.91765	1.82994	1.72007	1.58772	1.44874	1.31768	1.1943	1.11144	1.00101	0.91323	0.835072	0.77236	0.719478	0.687718	0.607758	0.53582	0.467291	0.409854	0.332349	0.326453	0.344108	0.361219	0.398502	0.445496	0.438901	0.460335	0.472223	0.486761	0.417472	0.335005	0.269851	0.206182	0.162623	0.298499	0.305243	0.30952	0.309198	0.280015	0.249612	0.222616	0.199599	0.18239	0.169536	0.173008	0.161794	0.145572	0.110343	0.0479605	0.0232976	0.0203161	0.0232162	0.0298493	0.0393698	0.0513817	0.0488168	0.0132931	-0.0338243	-0.104951	-0.128324	-0.143853	-0.200003	-0.250225	-0.274113	-0.244768	-0.213545	-0.186219	-0.166712	-0.140229	-0.117922	-0.103345	-0.0791883	-0.0908579	-0.116434	-0.14547	-0.222653	-0.287267	-0.340388	-0.400312	-0.458286	-0.517486	-0.579904	-0.605806	-0.640515	-0.687966	-0.6582	-0.610397	-0.560796	-0.503978	-0.459197	-0.444489	-0.404498	-0.347567	-0.275866	-0.215038	-0.170459	-0.135728	-0.135242	-0.135614	-0.158233	-0.256577	-0.329374	-0.410621	-0.494522	-0.593173	-0.670804	-0.755236	-0.783396	-0.820273	-0.845302	-0.861022	-0.876033	-0.960485	-1.04858	-1.1301	-1.19873	-1.2606	-1.29221	-1.29362	-1.27545	-1.20394	-1.13123	-1.05786	-0.970818	-0.872848	-0.778725	-0.702455	-0.598222	-0.513298	-0.431685	-0.383006	-0.334264	-0.277681	-0.238317	-0.222147	-0.223363	-0.261697	-0.287469	-0.331849	-0.342145	-0.363789	-0.405214	-0.442603	-0.484648	-0.53284	-0.593707	-0.655914	-0.71924	-0.772278	-0.830596	-0.878452	-0.927391	-0.916201	-0.865926	-0.78456	-0.694478	-0.635233	-0.603323	-0.575418	-0.543033	-0.512229	-0.530106	-0.551202	-0.563433	-0.549567	-0.500122	-0.451541	-0.402539	-0.353665	-0.300415	-0.225441	-0.190137	-0.17113	-0.172693	-0.194903	-0.223937	-0.254134	-0.302839	-0.359285	-0.42004	-0.451698	-0.503174	-0.543365	-0.579034	-0.608179	-0.617537	-0.644194	-0.676156	-0.700845	-0.70358	-0.760568	-0.812	-0.876573	-0.934563	-0.986407	-1.03297	-1.07552	-1.11238	-1.11517	-1.10748	-1.06266	-0.915733	-0.802139	-0.66856	-0.54723	-0.507449	-0.479682	-0.457897	-0.467512	-0.459748	-0.449765	-0.439338	-0.469862	-0.451268	-0.471813	-0.49373	-0.506949	-0.638245	-0.624737	-0.544136	-0.472415	-0.435516	-0.436338	-0.409379	-0.382897	-0.346731	-0.323916	-0.302504	-0.280607	-0.278386	-0.272852	-0.255246	-0.241255	-0.232895	-0.229582	-0.228862	-0.228007	-0.231038	-0.232194	-0.237279	-0.240083	-0.245604	-0.251679	-0.262746	-0.271491	-0.285716	-0.295732	-0.313797	-0.321625	-0.335568	-0.318813	-0.334642	-0.357145	-0.426495	-0.744827	-0.818589	-0.779237	-0.63025	-0.335661	-0.272956	-0.436455	-0.554471	-0.685356	-0.725464	-0.577726	-0.541838	-0.512057	-0.484171	-0.43841	-0.405592	-0.395135	-0.344144	-0.362139	-0.381307	-0.409153	-0.444748	-0.479603	-0.525515	-0.580972	-0.646735	-0.706973	-0.773389	-0.8042	-0.827638	-0.84667	-0.825578	-0.739833	-0.663711	-0.590827	-0.537671	-0.487949	-0.452579	-0.400867	-0.359447	-0.376798	-0.38988	-0.453722	-0.50197	-0.554619	-0.610463	-0.661221	-0.712378	-0.763792	-0.813419	-0.859308	-0.903436	-0.93288	-1.01291	-1.02367	-1.02587	-1.0173	-0.965574	-0.93248	-0.894498	-0.859906	-0.819314	-0.781311	-0.740904	-0.701802	-0.66258	-0.623833	-0.585359	-0.547495	-0.510925	-0.480051	-0.446405	-0.448986	-0.444316	-0.439847	-0.434824	-0.436028	-0.432413	-0.428566	-0.426106	-0.408871	-0.408681	-0.422401	-0.430488	-0.461398	-0.499	-0.538489	-0.579139	-0.639056	-0.723536	-0.763351	-0.799546	-0.828081	-0.859624	-0.90376	-0.94023	-0.976036	-1.00619	-1.02881	-0.973907	-0.962691	-0.960624	-0.928211	-0.881012	-0.837983	-0.784384	-0.75367	-0.737287	-0.713873	-0.693658	-0.67544	-0.65901	-0.670642	-0.683715	-0.697024	-0.692549	-0.685274	-0.715278	-0.747133	-0.788831	-0.802872	-0.812581	-0.818772	-0.824988	-0.82353	-0.797465	-0.785765	-0.766139	-0.742855	-0.721199	-0.689142	-0.680697	-0.673806	-0.671492	-0.664863	-0.681859	-0.721989	-0.760369	-0.778942	-0.787398	-0.778993	-0.775899	-0.753377	-0.739139	-0.704318	-0.620898	-0.5608	-0.498688	-0.440761	-0.401115	-0.369761	-0.343903	-0.319099	-0.300264	-0.283273	-0.271884	-0.275987	-0.275414	-0.293609	-0.316369	-0.353522	-0.407256	-0.518486	-0.643506	-0.775838	-0.491335	-0.481965	-0.492278	-0.508442	-0.535002	-0.582006	-0.637679	-0.702079	-0.771029	-0.836856	-0.901352	-0.993734	-1.05887	-1.08177	-1.0527	-1.04812	-1.0836	-1.07329	-1.0619	-1.02762	-0.998909	-0.967998	-0.928765	-0.893158	-0.861384	-0.816708	-0.779315	-0.738688	-0.698389	-0.646188	-0.597953	-0.548851	-0.502545	-0.459118	-0.423959	-0.391949	-0.376654	-0.365995	-0.355458	-0.351494	-0.350311	-0.361181	-0.381758	-0.434122	-0.485298	-0.582368	-0.681873	-0.784051	-0.879408	-0.971958	-1.06893	-1.14695	-1.12514	-1.11813	-1.07339
6	5.91563	5.87826	5.81763	5.78189	5.72912	5.69143	5.64036	5.59889	5.54705	5.50051	5.43412	5.34241	5.27336	5.14215	5.06046	4.99188	4.96731	4.90309	4.81622	4.73487	4.65354	4.57852	4.49984	4.40983	4.29838	4.17213	4.04972	3.92216	3.79543	3.68063	3.49938	3.41428	3.32834	3.24605	3.16659	3.17419	3.15301	3.12071	3.07699	3.04576	3.00673	2.97306	2.93238	2.89819	2.85586	2.82043	2.77742	2.71738	2.65785	2.60589	2.55513	2.4772	2.3994	2.32989	2.26556	2.20655	2.17774	2.14818	2.12432	2.102	2.08873	2.04319	1.98797	1.96554	1.93894	1.92528	1.90731	1.90129	1.77205	1.77159	1.7606	1.77191	1.80181	1.82731	1.93102	1.90654	1.80649	1.75426	1.68321	1.62117	1.54526	1.47563	1.41583	1.40093	1.39365	1.43975	1.47307	1.49982	1.55133	1.59133	1.59568	1.59903	1.58672	1.59325	1.58835	1.54211	1.48061	1.41477	1.35075	1.28387	1.2175	1.15462	1.09358	1.03806	0.980426	0.932217	0.911089	0.881647	0.820353	0.779614	0.760554	0.774905	0.744753	0.723799	0.696154	0.674377	0.648747	0.625896	0.602104	0.57804	0.556225	0.523022	0.505302	0.459307	0.447055	0.413378	0.399411	0.422997	0.417622	0.417073	0.416288	0.421524	0.42832	0.434086	0.44729	0.454272	0.471067	0.523252	0.459037	0.437007	0.438524	0.44735	0.451795	0.466742	0.430711	0.402404	0.372562	0.343723	0.309633	0.280664	0.247769	0.219924	0.193542	0.16805	0.145169	0.121681	0.102225	0.0810717	0.0647939	0.077562	0.0709226	0.063782	0.0595201	0.0557259	0.0537426	0.0532324	0.0535524	0.0563492	0.0590292	0.065239	0.0703763	0.0682849	0.0761433	0.0882679	0.103202	0.127219	0.14773	0.175176	0.19988	0.207953	0.232757	0.229734	0.249666	0.276623	0.304061	0.338432	0.39324	0.455121	0.518328	0.543114	0.581392	0.566939	0.548285	0.436025	0.371589	0.313493	0.244612	0.197208	0.125943	0.0337337	0.0380535	0.115573	0.180333	0.240637	0.328173	0.408855	0.465793	0.470032	0.506967	0.535231	0.572235	0.639993	0.68996	0.709611	0.689429	0.67122	0.654173	0.687071	0.711215	0.750548	0.783555	0.80846	0.83586	0.83634	0.816295	0.787611	0.758107	0.727844	0.699367	0.670591	0.648604	0.6234	0.61051	0.628543	0.616171	0.600765	0.57286	0.543653	0.432693	0.0108085	0.051982	0.0920867	0.176497	0.197813	0.204643	0.197435	0.1765	0.15128	0.147363	0.159596	0.184167	0.172258	0.157839	0.144557	0.128871	0.115626	0.100465	0.0881897	0.0751446	0.0474324	0.0377327	0.0285021	0.0238679	0.0193166	0.0200842	0.0204321	0.0264446	0.0220909	0.0137259	0.00355998	-0.0197719	-0.0708776	-0.111388	-0.14397	-0.167118	-0.181424	-0.202345	-0.212329	-0.220623	-0.223457	-0.199587	-0.204678	-0.148591	-0.147467	-0.120262	-0.0747449	-0.0657446	-0.0369373	-0.0301222	-0.00940126	0.0139914	0.0684861	0.093466	0.0881339	0.072686	0.0773905	0.00325277	-0.0682637	-0.134157	-0.205318	-0.276375	-0.349388	-0.351267	-0.355679	-0.351668	-0.381925	-0.407032	-0.427828	-0.390832	-0.349351	-0.315328	-0.25846	-0.21161	-0.174288	-0.144314	-0.0789314	-0.0724564	-0.0371044	-0.0055002	0.00558687	-0.000534307	-0.0131962	-0.045102	-0.0804594	-0.111547	-0.145845	-0.196589	-0.242391	-0.303033	-0.349765	-0.397155	-0.440885	-0.481576	-0.520481	-0.552661	-0.585242	-0.581488	-0.58925	-0.584582	-0.600228	-0.610333	-0.55933	-0.540032	-0.501624	-0.447038	-0.403543	-0.426391	-0.432785	-0.459146	-0.475439	-0.450288	-0.425231	-0.387073	-0.340338	-0.283237	-0.305389	-0.310104	-0.319249	-0.361381	-0.388107	-0.417674	-0.558876	-0.574745	-0.584016	-0.538271	-0.501938	-0.489987	-0.526757	-0.537011	-0.52785	-0.496101	-0.448807	-0.390098	-0.327067	-0.28315	-0.263697	-0.229278	-0.204556	-0.214258	-0.22534	-0.240746	-0.251431	-0.263615	-0.280797	-0.300387	-0.318698	-0.338138	-0.356613	-0.375688	-0.39381	-0.412531	-0.430067	-0.448765	-0.466012	-0.484522	-0.501404	-0.512428	-0.526067	-0.542222	-0.555028	-0.568462	-0.579729	-0.589219	-0.598115	-0.602451	-0.618651	-0.613841	-0.614221	-0.600732	-0.621856	-0.589581	-0.554845	-0.513777	-0.469596	-0.416033	-0.347031	-0.303808	-0.369326	-0.458669	-0.820157	-0.328472	-0.0304141	0.016067	0.0368541	-0.0341503	-0.0552642	-0.08883	-0.119644	-0.175082	-0.228566	-0.268579	-0.313989	-0.371869	-0.396781	-0.423544	-0.442848	-0.45689	-0.469641	-0.428871	-0.392099	-0.369873	-0.324132	-0.301547	-0.244922	-0.224907	-0.19839	-0.183006	-0.16081	-0.149575	-0.180164	-0.189985	-0.191661	-0.215876	-0.235956	-0.223349	-0.205177	-0.210447	-0.20961	-0.220185	-0.211664	-0.145886	-0.0526253	0.0212248	0.0968397	0.118426	0.142254	0.117561	0.126451	0.115524	0.0714502	0.0359846	0.0106887	-0.00348305	-0.00672503	0.0407042	0.104277	0.182631	0.278882	0.388908	0.503417	0.649013	0.811771	0.953706	1.09422	1.28994	1.43824	1.5865	1.86698	2.13312	2.48793	2.98408	3.63829	4.53414	5.61248	6.82795	8.05332	10.551	13.0015	15.3306	19.2403	23.0025	25.9312	29.1889	29.605	25.9665	18.7066	16.4159	13.9313	12.3435	10.4582	8.58277	6.01317	4.82443	3.99849	3.71286	3.09135	2.58713	1.11597	1.44462	1.50881	1.38734	1.22278	1.2291	1.19268	1.10732	0.820718	0.46616	0.436	0.364096	0.325678	0.24417	0.174354	0.167105	0.192264	0.221567	0.24169	0.272991	0.307484	0.331527	0.353281	0.341282	0.29527	0.181867	0.108025	0.0106065	-0.0925288	-0.193667	-0.283405	-0.381637	-0.454115	-0.522345	-0.539054	-0.560329	-0.562617	-0.562309	-0.55319	-0.542777	-0.546291	-0.54567	-0.554004	-0.569477	-0.622036	-0.639764	-0.713191	-0.679374	-0.661283	-0.6345	-0.613825	-0.595433	-0.660463	-0.7081	-0.825789	-0.821245	-0.813534	-0.798299	-0.731057	-0.688943	-0.638003	-0.587486	-0.540616	-0.476923	-0.444072	-0.413161	-0.391156	-0.372263	-0.443841	-0.513922	-0.536524	-0.562236	-0.579653	-0.612822	-0.643832	-0.646679	-0.58886	-0.586866	-0.579596	-0.577204	-0.588441	-0.612651	-0.624642	-0.624787	-0.643151	-0.59863	-0.555566	-0.556186	-0.559059	-0.556288	-0.556369	-0.550286	-0.54868	-0.588362	-0.579556	-0.612496	-0.652409	-0.705341	-0.717798	-0.69066	-0.656579	-0.650117	-0.586423	-0.530748	-0.529686	-0.531095	-0.527431	-0.519075	-0.511236	-0.496948	-0.490567	-0.493146	-0.531442	-0.543131	-0.557291	-0.53331	-0.522733	-0.540924	-0.550802	-0.530554	-0.524659	-0.535752	-0.552077	-0.596488	-0.628125	-0.642194	-0.654152	-0.668007	-0.672169	-0.688544	-0.662312	-0.696249	-0.727352	-0.759716	-0.790673	-0.814855	-0.840297	-0.857548	-0.875036	-0.88369	-0.89098	-0.955687	-0.914991	-0.921373	-0.920773	-0.878971	-0.828954	-0.766723	-0.704538	-0.641924	-0.581886	-0.517076	-0.458523	-0.461978	-0.492999	-0.496215	-0.57635	-0.594861	-0.589923	-0.595726	-0.609889	-0.63425	-0.645572	-0.63927	-0.621064	-0.590998	-0.571457	-0.529547	-0.48164	-0.446514	-0.423171	-0.416018	-0.443176	-0.480605	-0.537461	-0.594592	-0.6455	-0.698041	-0.744192	-0.792673	-0.831087	-0.873551	-0.910094	-0.943703	-0.970596	-0.989835	-1.0033	-1.00553	-1.0272	-1.00551	-1.01577	-1.02684	-1.02716	-1.009	-0.990754	-0.988392	-0.963864	-0.928754	-0.847561	-0.791752	-0.752266	-0.757756	-0.76447	-0.752737	-0.744996	-0.741504	-0.761088	-0.756108	-0.74462	-0.710605	-0.663909	-0.609352	-0.547024	-0.492415	-0.495471	-0.516867	-0.555846	-0.588283	-0.623868	-0.652728	-0.68315	-0.71073	-0.658699	-0.653011	-0.661583	-0.674149	-0.712338	-0.756961	-0.814387	-0.846908	-0.861924	-0.863732	-0.854344	-0.859686	-0.839135	-0.8001	-0.769468	-0.733871	-0.692552	-0.651609	-0.616555	-0.555911	-0.510545	-0.482453	-0.459896	-0.444363	-0.434258	-0.44785	-0.450271	-0.452083	-0.459821	-0.477488	-0.49809	-0.518483	-0.538929	-0.558984	-0.61011	-0.653577	-0.685674	-0.673952	-0.649153	-0.65074	-0.643728	-0.642068	-0.643161	-0.645167	-0.635529	-0.629969	-0.625359	-0.621035	-0.615186	-0.607296	-0.600418	-0.601132	-0.619364	-0.638657	-0.673645	-0.68254	-0.684463	-0.696233	-0.6997	-0.703954	-0.713606	-0.735616	-0.724257	-0.733102	-0.738897	-0.758119	-0.766814	-0.763711	-0.756005	-0.752846	-0.744129	-0.736148	-0.759239	-0.763477	-0.777129	-0.777496	-0.78073	-0.775401	-0.78371	-0.749938	-0.758364	-0.751172	-0.725214	-0.735707	-0.748242	-0.780773	-0.799189	-0.819044	-0.839029	-0.862371	-0.876284	-0.881071	-0.898464	-0.898776	-0.898278	-0.857945	-0.817548	-0.789007	-0.750667	-0.740335	-0.740919	-0.73985	-0.740583	-0.739861	-0.740977	-0.740828	-0.742672	-0.743361	-0.746219	-0.753641	-0.77337	-0.795272	-0.825457	-0.84816	-0.865802	-0.853658	-0.820892	-0.824299	-0.8427	-0.857465	-0.854224	-0.863489	-0.852945	-0.836671	-0.835875	-0.837918	-0.85162	-0.842363	-0.826643	-0.820417	-0.787724	-0.765861	-0.76572	-0.763042	-0.766383	-0.770426	-0.762897	-0.734649	-0.712296	-0.697672	-0.695627	-0.683774	-0.66773	-0.648976	-0.646059	-0.616402	-0.582618	-0.581874	-0.580388	-0.580958	-0.580121	-0.595968	-0.60075	-0.60275	-0.603218	-0.605744	-0.604683	-0.583209	-0.590978	-0.596304	-0.60294	-0.611288	-0.616848	-0.626332	-0.639685	-0.645563	-0.681657	-0.714511	-0.753267	-0.791473	-0.83008	-0.86979	-0.935841	-0.98135	-1.05349	-1.10971	-1.13698	-1.11794	-1.09588	-0.987713	-0.912946	-0.826284	-0.796994	-0.757299	-0.725884	-0.71787	-0.720864	-0.72779	-0.755609	-0.807155	-0.849659	-0.861047	-0.848117	-0.828411	-0.815227	-0.784607	-0.749337	-0.701225	-0.663943	-0.593362	-0.595307	-0.603219	-0.615241	-0.625249	-0.63378	-0.648745	-0.662847	-0.678569	-0.692049	-0.71809	-0.727849	-0.739995	-0.751187	-0.760788	-0.769271	-0.775431	-0.779936	-0.782267	-0.781624	-0.779557	-0.768317	-0.764778	-0.761029	-0.759949	-0.75806	-0.757436	-0.755477	-0.758575	-0.777717	-0.771874	-0.772164	-0.790875	-0.798665	-0.818687	-0.855191	-0.874965	-0.891034	-0.903497	-0.885971	-0.867861	-0.862848	-0.867437	-0.862685	-0.883464	-0.882587	-0.84611	-0.806558	-0.801242	-0.812786	-0.826043	-0.840252	-0.856589	-0.863107	-0.887673	-0.915123	-0.964208	-0.998428	-0.989772	-0.963717	-1.00213	-0.977111	-0.933139	-0.878857	-0.845599	-0.776323	-0.710366	-0.645785	-0.588728	-0.536104	-0.502096	-0.478591	-0.501855	-0.534494	-0.570288	-0.602509	-0.6332	-0.664722	-0.842631	-1.68364	-1.06978	-0.698225	-0.708152	-0.88958	-1.18614	-1.58072
7	6.31697	6.26184	6.23344	6.18259	6.12474	6.06764	6.00621	5.94672	5.88311	5.82113	5.70669	5.55061	5.4651	5.38746	5.2893	5.17051	5.0698	4.98818	4.91004	4.84357	4.77104	4.69069	4.58815	4.45209	4.24538	4.13036	4.07287	4.01667	3.9646	3.92181	3.90525	3.82826	3.75586	3.68672	3.62415	3.56135	3.46991	3.34945	3.2608	3.1805	3.1005	3.02542	2.95518	2.92658	2.8868	2.84121	2.8015	2.76262	2.72863	2.69676	2.66768	2.6428	2.61769	2.58142	2.51831	2.45123	2.36963	2.34473	2.34817	2.37245	2.37909	2.39516	2.35767	2.29578	2.23989	2.19341	2.14138	2.0927	2.04045	1.98895	1.9388	1.8881	1.8366	1.77693	1.70035	1.67619	1.62584	1.55056	1.46928	1.37124	1.24561	1.17793	1.1106	1.05678	1.01246	0.971191	0.938335	0.908769	0.861182	0.835258	0.837782	0.896873	0.89309	0.886497	0.886496	0.879139	0.880383	0.872269	0.87365	0.863923	0.863543	0.852793	0.850667	0.829818	0.79716	0.787352	0.769401	0.75635	0.744082	0.729262	0.700529	0.706425	0.706267	0.719315	0.72522	0.743925	0.755883	0.778316	0.795024	0.820775	0.837845	0.87158	0.91382	0.89538	0.872917	0.864371	0.847096	0.725739	0.589824	0.514511	0.478712	0.439074	0.404209	0.426302	0.445697	0.449794	0.459309	0.467394	0.472703	0.473266	0.470803	0.454198	0.412791	0.36722	0.331862	0.311062	0.303038	0.292176	0.281988	0.266092	0.251181	0.250656	0.235715	0.221715	0.206254	0.183798	0.143845	0.0959108	0.0494257	0.0184539	-0.0410008	-0.0562016	-0.0565818	-0.057236	0.0482012	0.123898	0.228616	0.256457	0.25718	0.24731	0.228248	0.195209	0.117904	0.0502448	-0.00837842	-0.0680451	-0.115058	-0.150658	-0.151582	-0.151045	-0.151242	-0.145847	-0.123439	-0.101204	-0.122305	-0.105974	-0.0341708	0.100691	0.200766	0.282477	0.304665	0.327511	0.336694	0.297093	0.244729	0.202614	0.170189	0.126652	0.0892043	0.0489669	0.0186564	0.0292523	0.0270157	0.0367386	0.0493475	0.0771335	0.101367	0.139428	0.171951	0.205928	0.237826	0.271756	0.299853	0.325758	0.409298	0.402435	0.378104	0.329642	0.286685	0.2381	0.173725	0.075935	-0.0324615	-0.14116	-0.20742	-0.243044	-0.232559	-0.175762	-0.150192	-0.123219	-0.0820321	-0.00148438	0.115656	0.168782	0.217576	0.264314	0.333508	0.170306	0.00800647	-0.0945243	-0.160858	-0.189779	-0.178743	-0.156776	-0.128771	-0.11822	-0.132441	-0.173656	-0.240538	-0.317064	-0.346513	-0.33846	-0.286751	-0.223006	-0.148138	-0.0676633	0.00219948	0.0330465	0.0562428	0.0636521	0.0659247	0.0414676	0.0158916	-0.0152139	-0.047807	-0.0786574	-0.107201	-0.130842	-0.145933	-0.224123	-0.314604	-0.375116	-0.456134	-0.515472	-0.546143	-0.546994	-0.476638	-0.380104	-0.268291	-0.191768	-0.1349	-0.0865993	-0.0688151	-0.0966627	-0.120435	-0.134072	-0.141431	-0.140511	-0.16444	-0.320367	-0.540008	-0.663467	-0.770038	-0.835797	-0.847786	-0.740951	-0.326823	-0.307043	-0.319363	-0.335551	-0.360607	-0.378769	-0.383447	-0.410734	-0.436646	-0.467356	-0.489072	-0.521037	-0.583543	-0.581256	-0.583372	-0.59273	-0.613922	-0.606544	-0.605052	-0.553481	-0.523309	-0.475205	-0.452415	-0.432749	-0.409602	-0.419384	-0.424116	-0.439376	-0.450071	-0.469543	-0.48647	-0.544797	-0.594016	-0.631756	-0.664738	-0.70284	-0.726375	-0.732057	-0.747838	-0.757984	-0.752893	-0.720269	-0.691216	-0.671699	-0.637019	-0.588088	-0.546491	-0.517048	-0.481283	-0.398179	-0.398413	-0.397428	-0.403423	-0.40777	-0.419864	-0.481778	-0.530007	-0.57619	-0.624494	-0.658669	-0.703043	-0.73471	-0.76055	-0.7864	-0.755487	-0.732627	-0.714159	-0.703764	-0.689903	-0.690026	-0.664722	-0.629968	-0.599511	-0.560953	-0.520331	-0.479402	-0.428419	-0.319966	-0.292244	-0.269599	-0.252289	-0.234328	-0.221741	-0.210074	-0.236394	-0.288749	-0.341639	-0.419759	-0.511046	-0.565968	-0.599158	-0.568143	-0.553813	-0.517507	-0.468761	-0.445069	-0.451162	-0.464197	-0.482323	-0.495932	-0.512925	-0.525643	-0.542467	-0.555816	-0.572248	-0.586766	-0.605591	-0.693906	-0.775215	-0.705638	-0.72667	-0.739266	-0.739593	-0.72936	-0.707201	-0.680096	-0.65552	-0.639087	-0.618356	-0.591096	-0.542758	-0.525817	-0.506137	-0.481899	-0.487374	-0.489878	-0.491607	-0.490563	-0.546062	-0.59524	-0.644412	-0.671811	-0.707115	-0.723242	-0.773275	-0.762615	-0.730103	-0.670702	-0.608778	-0.545876	-0.467197	-0.368882	-0.343107	-0.369514	-0.417849	-0.39285	-0.385997	-0.363288	-0.337475	-0.376739	-0.404582	-0.426941	-0.456899	-0.473348	-0.49768	-0.504893	-0.486657	-0.459729	-0.451856	-0.438906	-0.428637	-0.418668	-0.431972	-0.439218	-0.446771	-0.448699	-0.448879	-0.405451	-0.383457	-0.358919	-0.366307	-0.368434	-0.367764	-0.312207	-0.242931	-0.17047	-0.104563	-0.0552284	-0.0170844	0.00950378	0.0376646	0.0656652	0.147862	0.361846	0.498125	0.572533	0.267087	1.06132	1.20859	1.27477	1.26462	1.48328	1.75483	2.4037	3.11494	3.93657	5.01846	6.17221	7.8371	9.71407	12.1327	15.3703	18.472	21.74	25.432	28.8706	32.8235	31.5839	27.0873	23.75	19.455	14.7131	11.426	8.55535	7.6429	6.1515	4.92897	3.37316	2.55193	2.1026	1.84007	1.59432	1.37288	1.16593	0.976688	0.801597	0.609697	0.436552	0.29258	0.172879	0.0815955	-0.0149484	-0.056356	-0.0926984	-0.153609	-0.235874	-0.28749	-0.355538	-0.342159	-0.312334	-0.274613	-0.231617	-0.176989	-0.119621	-0.0547269	-0.02492	-0.0154214	-0.0637969	-0.109456	-0.142951	-0.151933	-0.188903	-0.22137	-0.262518	-0.297795	-0.32489	-0.334008	-0.356529	-0.388007	-0.449019	-0.507896	-0.565863	-0.615374	-0.631824	-0.658367	-0.679762	-0.698072	-0.710877	-0.727153	-0.730329	-0.737914	-0.729438	-0.723958	-0.702962	-0.678071	-0.654341	-0.62141	-0.590176	-0.556029	-0.523657	-0.490037	-0.46296	-0.475474	-0.570142	-0.637189	-0.68929	-0.736906	-0.77039	-0.784083	-0.788052	-0.77215	-0.724526	-0.680556	-0.640486	-0.624016	-0.58435	-0.57551	-0.583986	-0.597422	-0.614306	-0.624314	-0.639395	-0.679267	-0.727385	-0.784039	-0.892246	-1.00337	-1.09012	-1.14964	-1.18525	-1.17342	-1.12701	-1.0621	-0.980204	-0.903402	-0.816911	-0.729388	-0.648569	-0.574203	-0.516037	-0.443659	-0.511081	-0.620066	-0.746379	-0.877204	-1.09602	-1.143	-1.16502	-1.18723	-1.18591	-1.18812	-1.18079	-1.17418	-1.16987	-1.16275	-1.15803	-1.15049	-1.15109	-1.14793	-1.1377	-1.12464	-1.11213	-1.09292	-1.07501	-1.1193	-1.14015	-1.13934	-1.13282	-1.08128	-1.04943	-1.02928	-1.00041	-1.00595	-1.01025	-1.02155	-1.02789	-1.03125	-1.03106	-1.02251	-1.00846	-0.981804	-0.860733	-0.784485	-0.670597	-0.595877	-0.597313	-0.616361	-0.631602	-0.65397	-0.678459	-0.701286	-0.774709	-0.884712	-0.845217	-0.873635	-0.90472	-0.956172	-1.0041	-1.03741	-1.05117	-1.04908	-1.02924	-0.995244	-0.952176	-0.928193	-0.904532	-0.859511	-0.814661	-0.773064	-0.77535	-0.767579	-0.75785	-0.758001	-0.757568	-0.758857	-0.750718	-0.789954	-0.874844	-1.027	-1.17011	-1.24723	-1.31385	-1.30381	-1.27772	-1.2297	-1.17425	-1.11298	-1.03343	-0.959427	-0.865265	-0.851166	-0.844907	-0.846211	-0.84643	-0.854544	-0.856425	-0.886597	-0.893538	-0.893051	-0.894901	-0.891831	-0.863258	-0.831739	-0.816314	-0.792977	-0.79775	-0.802605	-0.813492	-0.826655	-0.842684	-0.884666	-0.945363	-0.975731	-1.01444	-1.04166	-1.0663	-1.08874	-1.09977	-1.071	-1.07734	-1.05044	-1.03312	-1.05074	-1.06422	-1.10741	-1.1524	-1.19888	-1.29678	-1.35735	-1.43263	-1.49554	-1.55383	-1.60078	-1.64266	-1.6347	-1.62814	-1.62684	-1.61351	-1.59398	-1.594	-1.51636	-1.43483	-1.34104	-1.24207	-1.15297	-1.05926	-0.972276	-0.918003	-0.895619	-0.913048	-0.970732	-1.042	-1.11765	-1.18165	-1.25715	-1.31926	-1.35428	-1.39799	-1.41845	-1.42649	-1.36695	-1.29739	-1.22185	-1.14257	-1.05611	-0.963226	-0.874448	-0.800434	-0.776365	-0.748209	-0.743143	-0.75753	-0.739925	-0.641307	-0.685923	-0.728711	-0.782681	-0.817474	-0.893885	-0.895366	-0.885377	-0.881248	-0.864162	-0.824911	-0.785783	-0.818003	-0.854212	-0.859581	-0.838128	-0.79359	-0.720046	-0.658765	-0.584486	-0.523672	-0.532435	-0.566522	-0.606553	-0.650899	-0.706988	-0.761016	-0.818025	-0.877754	-0.939303	-0.998371	-1.05977	-1.11788	-1.17037	-1.20934	-1.25166	-1.24715	-1.17289	-1.10697	-1.05409	-1.00099	-0.927883	-0.895988	-0.85939	-0.813759	-0.825458	-0.851162	-0.898836	-1.01056	-1.03317	-1.05294	-1.06834	-1.07545	-1.08726	-1.05756	-1.04702	-1.02868	-1.01057	-1.00104	-0.987244	-0.980761	-0.949125	-0.950844	-0.954728	-0.954535	-0.955841	-0.967101	-0.973346	-1.03211	-1.06214	-1.08987	-1.10418	-1.11393	-1.12303	-1.12507	-1.14341	-1.14106	-1.1329	-1.13092	-1.1278	-1.12378	-1.11581	-1.10998	-1.0969	-1.08972	-1.05043	-1.0322	-1.01505	-0.991972	-0.966659	-0.950516	-0.941919	-0.961863	-0.983462	-1.01617	-1.08235	-1.10635	-1.12366	-1.13466	-1.15009	-1.12821	-1.13162	-1.14626	-1.17975	-1.21236	-1.24196	-1.27445	-1.3053	-1.33407	-1.36206	-1.38947	-1.4139	-1.44445	-1.45965	-1.47805	-1.45557	-1.43635	-1.40848	-1.38051	-1.34832	-1.30898	-1.26434	-1.21029	-1.18067	-1.1451	-1.13139	-1.11749	-1.10429	-1.09103	-1.09253	-1.12338	-1.15336	-1.18224	-1.21692	-1.24274	-1.2498	-1.25199	-1.17305	-1.13123	-1.09568	-1.05346	-1.01377	-0.980106	-0.962812	-0.951087	-0.941078	-0.939088	-0.971896	-1.00052	-1.02225	-1.06145	-1.09571	-1.13019	-1.15597	-1.18151	-1.18035	-1.17429	-1.17672	-1.15021	-1.1209	-1.09134	-1.05011	-1.01725	-0.999247	-1.01516	-1.02764	-1.05241	-1.05666	-1.0579	-1.0628	-1.09045	-1.11473	-1.13125	-1.14455	-1.15662	-1.16922	-1.17744	-1.15793	-1.161	-1.16203	-1.16961	-1.16762	-1.21977	-1.20765	-1.19769	-1.18246	-1.16665	-1.14741	-1.12574	-1.13674	-1.14608	-1.15114	-1.15634	-1.14256	-1.14743	-1.189	-1.20999	-1.21518	-1.22562	-1.21036	-1.18431	-1.1414	-1.08241	-1.01857	-0.956749	-0.91253	-0.871986	-0.828396	-0.786498	-0.822597	-0.852807	-0.893149	-0.931546	-0.969983	-1.00711	-1.03675	-1.06311	-1.0476	-1.03333	-1.00747	-0.973765	-0.931993	-0.894052	-0.875149	-0.89791	-0.950741	-1.00402	-1.10122	-1.16744	-1.18964	-1.25003	-1.31903	-1.40824	-1.49054	-1.68473
