Acq. time (s)=	5
Accumulations=	2
Range=	Off
Autofocus=	At all XY pixels
SWIFT=	Off
AutoExposure=	Off
Spike filter=	Multiple accum.
Delay time (s)=	0
Binning=	1
Readout mode=	Signal
DeNoise=	Standard
ICS correction=	On
Dark correction=	Off
Inst. Process=	Off
Instrument=	LabRAM S3000
Detector=	Synapse
Objective=	x100
Grating=	1800
ND Filter=	25%
Laser (nm)=	632.81 
Spectro (cm-¹)=	520.983
Slit=	100.021
Hole=	199.981
Microscope=	Principal
StageXY=	Märzhauser
StageZ=	Märzhauser
Z (µm)=	-29.5
Project=	
Sample=	
Site=	
Title=	SI_map_p0
Remark=	
Date=	05.06.2019 15:55
Operator=	
Acquired=	05.06.2019 15:55:28
		358.031	358.356	358.682	359.007	359.333	359.657	359.982	360.308	360.633	360.957	361.283	361.608	361.932	362.258	362.583	362.907	363.231	363.557	363.882	364.206	364.532	364.856	365.181	365.505	365.831	366.155	366.48	366.804	367.13	367.454	367.778	368.102	368.427	368.752	369.077	369.401	369.725	370.049	370.373	370.699	371.023	371.347	371.671	371.995	372.319	372.643	372.967	373.293	373.617	373.941	374.265	374.589	374.913	375.237	375.561	375.885	376.208	376.532	376.856	377.18	377.504	377.828	378.152	378.475	378.799	379.123	379.447	379.771	380.094	380.418	380.742	381.065	381.389	381.713	382.036	382.36	382.684	383.007	383.331	383.655	383.978	384.3	384.624	384.947	385.271	385.594	385.918	386.241	386.565	386.887	387.21	387.534	387.857	388.181	388.504	388.826	389.149	389.473	389.796	390.119	390.441	390.764	391.088	391.411	391.733	392.056	392.379	392.702	393.024	393.347	393.671	393.992	394.315	394.639	394.962	395.283	395.606	395.929	396.251	396.574	396.897	397.219	397.542	397.865	398.186	398.509	398.831	399.154	399.477	399.798	400.121	400.442	400.765	401.088	401.41	401.732	402.054	402.377	402.698	403.021	403.342	403.665	403.986	404.309	404.63	404.953	405.274	405.597	405.918	406.241	406.562	406.884	407.206	407.528	407.849	408.172	408.493	408.814	409.137	409.458	409.78	410.101	410.424	410.745	411.066	411.388	411.709	412.03	412.352	412.673	412.994	413.317	413.637	413.958	414.281	414.602	414.922	415.245	415.565	415.886	416.208	416.529	416.85	417.171	417.493	417.814	418.134	418.455	418.777	419.098	419.418	419.739	420.06	420.382	420.702	421.023	421.344	421.664	421.986	422.307	422.627	422.948	423.268	423.589	423.909	424.231	424.551	424.872	425.192	425.513	425.833	426.153	426.474	426.794	427.114	427.436	427.756	428.077	428.397	428.717	429.037	429.358	429.678	429.998	430.318	430.639	430.959	431.279	431.599	431.919	432.239	432.559	432.879	433.199	433.52	433.838	434.158	434.478	434.798	435.118	435.438	435.758	436.078	436.398	436.718	437.038	437.356	437.676	437.996	438.316	438.636	438.956	439.274	439.594	439.914	440.233	440.553	440.873	441.191	441.511	441.831	442.15	442.469	442.788	443.108	443.428	443.746	444.065	444.385	444.705	445.023	445.342	445.662	445.98	446.3	446.619	446.939	447.257	447.576	447.896	448.214	448.533	448.852	449.17	449.49	449.808	450.127	450.447	450.764	451.084	451.402	451.721	452.04	452.358	452.677	452.995	453.314	453.632	453.951	454.269	454.588	454.908	455.225	455.544	455.862	456.181	456.499	456.818	457.136	457.453	457.772	458.09	458.409	458.726	459.045	459.363	459.682	460	460.317	460.636	460.953	461.272	461.59	461.907	462.226	462.544	462.862	463.18	463.497	463.816	464.133	464.451	464.769	465.087	465.404	465.723	466.04	466.357	466.675	466.993	467.31	467.628	467.946	468.263	468.581	468.898	469.216	469.533	469.851	470.168	470.485	470.803	471.12	471.437	471.754	472.071	472.39	472.707	473.024	473.341	473.658	473.975	474.292	474.61	474.927	475.244	475.561	475.878	476.194	476.511	476.828	477.145	477.463	477.78	478.097	478.413	478.73	479.047	479.364	479.68	479.997	480.314	480.63	480.947	481.264	481.58	481.897	482.214	482.53	482.847	483.163	483.48	483.796	484.113	484.429	484.745	485.061	485.377	485.694	486.01	486.327	486.643	486.96	487.276	487.591	487.907	488.224	488.54	488.856	489.173	489.489	489.804	490.12	490.436	490.753	491.069	491.384	491.7	492.016	492.332	492.648	492.963	493.279	493.595	493.912	494.226	494.542	494.858	495.173	495.489	495.805	496.121	496.436	496.752	497.068	497.382	497.698	498.014	498.329	498.645	498.961	499.275	499.591	499.905	500.221	500.537	500.852	501.167	501.482	501.798	502.113	502.428	502.743	503.058	503.373	503.688	504.003	504.318	504.633	504.948	505.263	505.577	505.893	506.207	506.523	506.837	507.153	507.467	507.782	508.096	508.412	508.726	509.042	509.356	509.67	509.985	510.299	510.615	510.929	511.242	511.558	511.872	512.187	512.501	512.815	513.13	513.444	513.758	514.073	514.387	514.701	515.016	515.33	515.644	515.958	516.273	516.587	516.9	517.216	517.529	517.843	518.157	518.472	518.786	519.099	519.413	519.726	520.042	520.355	520.669	520.982	521.296	521.611	521.924	522.238	522.551	522.865	523.178	523.493	523.807	524.12	524.434	524.747	525.06	525.374	525.687	526.001	526.314	526.629	526.942	527.255	527.569	527.882	528.195	528.509	528.822	529.135	529.448	529.762	530.075	530.388	530.701	531.014	531.327	531.641	531.954	532.267	532.58	532.893	533.206	533.518	533.831	534.144	534.457	534.77	535.083	535.396	535.709	536.022	536.335	536.646	536.959	537.272	537.585	537.898	538.211	538.522	538.835	539.148	539.461	539.773	540.085	540.398	540.71	541.023	541.336	541.647	541.96	542.273	542.585	542.897	543.209	543.522	543.833	544.146	544.458	544.771	545.082	545.395	545.707	546.018	546.331	546.643	546.955	547.267	547.58	547.891	548.203	548.514	548.827	549.139	549.45	549.762	550.073	550.386	550.698	551.009	551.321	551.632	551.945	552.255	552.568	552.879	553.191	553.502	553.814	554.125	554.437	554.748	555.06	555.371	555.683	555.993	556.306	556.616	556.928	557.239	557.55	557.862	558.172	558.484	558.795	559.106	559.418	559.728	560.04	560.351	560.661	560.973	561.284	561.594	561.906	562.217	562.527	562.839	563.149	563.46	563.772	564.082	564.392	564.703	565.015	565.325	565.635	565.946	566.257	566.568	566.878	567.188	567.5	567.81	568.12	568.43	568.741	569.052	569.362	569.673	569.983	570.293	570.603	570.915	571.225	571.535	571.845	572.155	572.465	572.775	573.085	573.395	573.706	574.016	574.326	574.636	574.946	575.256	575.566	575.876	576.186	576.496	576.806	577.116	577.426	577.735	578.045	578.355	578.665	578.975	579.284	579.594	579.904	580.214	580.523	580.833	581.143	581.452	581.761	582.07	582.38	582.69	582.999	583.309	583.618	583.928	584.238	584.546	584.855	585.165	585.474	585.784	586.093	586.401	586.711	587.02	587.33	587.639	587.947	588.257	588.566	588.876	589.183	589.493	589.802	590.112	590.419	590.729	591.038	591.347	591.655	591.964	592.274	592.582	592.891	593.2	593.508	593.817	594.126	594.434	594.743	595.052	595.36	595.669	595.977	596.286	596.595	596.902	597.211	597.519	597.828	598.136	598.445	598.754	599.061	599.37	599.678	599.987	600.294	600.603	600.911	601.219	601.527	601.836	602.143	602.452	602.759	603.068	603.376	603.683	603.992	604.299	604.608	604.915	605.224	605.531	605.839	606.147	606.454	606.763	607.07	607.378	607.686	607.993	608.301	608.609	608.916	609.224	609.532	609.839	610.146	610.455	610.762	611.069	611.376	611.685	611.992	612.299	612.606	612.914	613.221	613.528	613.835	614.143	614.45	614.757	615.064	615.371	615.679	615.986	616.293	616.6	616.907	617.214	617.522	617.829	618.135	618.442	618.749	619.056	619.362	619.669	619.976	620.284	620.591	620.897	621.204	621.511	621.817	622.124	622.43	622.737	623.044	623.35	623.657	623.963	624.27	624.576	624.883	625.189	625.496	625.802	626.109	626.415	626.722	627.028	627.335	627.641	627.946	628.252	628.559	628.865	629.172	629.478	629.784	630.09	630.397	630.702	631.008	631.314	631.62	631.927	632.233	632.538	632.844	633.15	633.456	633.762	634.067	634.373	634.679	634.985	635.29	635.596	635.902	636.208	636.513	636.819	637.125	637.431	637.736	638.042	638.348	638.652	638.958	639.264	639.569	639.875	640.18	640.485	640.791	641.097	641.401	641.707	642.011	642.317	642.623	642.927	643.233	643.537	643.843	644.148	644.453	644.759	645.063	645.369	645.673	645.979	646.283	646.589	646.893	647.199	647.503	647.808	648.113	648.418	648.722	649.028	649.332	649.636	649.942	650.246	650.551	650.855	651.159	651.465	651.769	652.074	652.378	652.682	652.988	653.292	653.596	653.901	654.205	654.51	654.814	655.118	655.422	655.727	656.031	656.335	656.64	656.944	657.248	657.551	657.857	658.16	658.464	658.768	659.073	659.377	659.681	659.984	660.289	660.593	660.897	661.2	661.504	661.808	662.113	662.416	662.72	663.023	663.327	663.63	663.934	664.239	664.542	664.846	665.149	665.453	665.756	666.06	666.363	666.667	666.97	667.274	667.577	667.88	668.184	668.487	668.79	669.094	669.397	669.7	670.004	670.307	670.61	670.914	671.217	671.52	671.823	672.126	672.43	672.733	673.036	673.339	673.642	673.945	674.247	674.55	674.853	675.157	675.46	675.763	676.066	676.369	676.67	676.973	677.276	677.579	677.882	678.184	678.487	678.79	679.093
-20	-20	4.70272	4.86167	4.8461	4.83298	4.80527	4.77498	4.73607	4.69189	4.65179	4.60368	4.55723	4.50449	4.46296	4.41228	4.37068	4.32253	4.2819	4.23605	4.17728	4.13966	4.10486	4.07288	4.04722	4.02017	3.99684	3.97874	3.9861	3.94286	3.84153	3.73029	3.59389	3.51961	3.44583	3.38067	3.38185	3.36183	3.32802	3.36483	3.32063	3.28231	3.23944	3.19391	3.14957	3.07462	3.00856	2.95586	2.88346	2.82129	2.76415	2.67816	2.64003	2.60787	2.57676	2.55361	2.52934	2.52721	2.51175	2.50307	2.50633	2.49878	2.49394	2.48721	2.48103	2.47363	2.46312	2.43765	2.41795	2.41545	2.412	2.40085	2.38168	2.36468	2.33247	2.30593	2.27824	2.24636	2.21771	2.18907	2.16061	2.13306	2.10456	2.07672	2.05057	2.02316	1.99608	1.97184	1.9463	1.92089	1.89997	1.87633	1.85769	1.8394	1.82429	1.81069	1.79892	1.79895	1.78667	1.77957	1.76885	1.76174	1.75383	1.74678	1.73771	1.7309	1.6998	1.63398	1.58916	1.51207	1.49802	1.48884	1.50869	1.57972	1.62026	1.68098	1.67645	1.66293	1.64444	1.62445	1.60031	1.56737	1.54015	1.50853	1.47505	1.4373	1.38789	1.35595	1.32761	1.3028	1.28137	1.26129	1.24898	1.24216	1.24321	1.25579	1.26482	1.2631	1.24879	1.23258	1.22732	1.21354	1.18997	1.19504	1.19225	1.20144	1.21132	1.22322	1.23938	1.25507	1.27442	1.29071	1.37062	1.3586	1.34796	1.33299	1.31329	1.26715	1.22768	1.18997	1.15347	1.11596	1.07016	1.0384	0.995985	0.954945	0.919464	0.909272	0.901772	0.923322	0.936406	0.9519	0.97044	0.990294	1.00728	1.02903	1.04808	1.07021	1.09021	1.11148	1.13146	1.15073	1.16984	1.18594	1.20352	1.21631	1.23187	1.22833	1.23107	1.23797	1.23696	1.21999	1.21681	1.20927	1.2009	1.18184	1.13087	1.08755	1.07286	1.08748	1.12698	1.11087	1.09377	1.07598	1.05727	1.03725	1.04676	1.07389	1.09622	1.11696	1.13894	1.16183	1.18409	1.20269	1.22065	1.23332	1.24742	1.2721	1.26254	1.25436	1.23625	1.21857	1.13476	1.0835	1.03258	0.983695	0.938012	0.895447	0.856872	0.821584	0.791886	0.763435	0.776167	0.766748	0.802135	0.866958	0.911963	0.791329	0.716641	0.714766	0.735174	0.624558	0.514136	0.441687	0.379148	0.487182	0.656509	0.778248	0.886671	0.978208	1.03995	1.0744	1.10772	1.13617	1.12997	1.12405	1.08347	1.01618	0.948629	0.914639	0.866256	0.840386	0.8107	0.802693	0.782811	0.810818	0.837114	0.855593	0.852131	0.838771	0.833426	0.82161	0.803687	0.793722	0.740763	0.663256	0.660517	0.657213	0.659696	0.663978	0.67398	0.682469	0.696516	0.707555	0.725838	0.662673	0.599715	0.60798	0.583784	0.596055	0.606938	0.6263	0.657625	0.693326	0.731125	0.775299	0.79766	0.751696	0.720303	0.723931	0.74782	0.762509	0.749401	0.734906	0.71984	0.685446	0.59719	0.669749	0.652202	0.633972	0.615952	0.597317	0.57972	0.549157	0.533131	0.517218	0.503418	0.49125	0.480664	0.407189	0.30567	0.224479	0.167878	0.118954	0.0784424	0.0606236	0.100806	0.140233	0.203075	0.275666	0.36152	0.437657	0.467157	0.472442	0.47725	0.484083	0.490498	0.498784	0.506759	0.516394	0.526265	0.537075	0.548386	0.56004	0.572513	0.584566	0.597417	0.609319	0.621818	0.633027	0.644455	0.654437	0.664089	0.672377	0.67966	0.685404	0.689473	0.691273	0.6909	0.688466	0.684103	0.678005	0.672615	0.66073	0.651379	0.641997	0.632991	0.624649	0.617473	0.614548	0.609281	0.608173	0.605486	0.606602	0.607071	0.610585	0.614071	0.619851	0.626237	0.634125	0.643101	0.640673	0.619596	0.611634	0.613228	0.612433	0.617776	0.624822	0.63396	0.647881	0.663929	0.681753	0.699754	0.718734	0.750046	0.761221	0.755416	0.74725	0.737054	0.727631	0.710645	0.697781	0.68965	0.672677	0.674539	0.683629	0.693297	0.707753	0.727288	0.836343	0.888256	0.920196	0.98476	1.00228	1.02436	1.03825	1.04741	0.989011	0.97726	0.95888	0.939012	0.93687	0.94034	0.956394	0.990014	1.04349	1.04242	1.04158	1.04559	1.04664	1.04934	1.0556	1.05954	1.03887	1.06252	1.08679	1.12074	1.15398	1.17099	1.20384	1.27716	1.35366	1.41256	1.48039	1.54328	1.64322	1.69566	1.75149	1.80593	1.86303	1.92034	1.90106	1.9342	1.91785	1.87996	1.8504	1.83625	1.83871	1.86927	1.94278	2.05777	2.22782	2.4131	2.57203	2.70377	2.80362	2.88656	2.96304	3.03872	3.14864	3.28198	3.43657	3.60307	3.7513	3.92046	4.10291	4.33243	4.62794	5.04109	5.53287	5.98108	6.55659	7.18583	7.89722	8.65977	9.6139	10.5788	11.6855	13.0245	14.5265	16.0544	17.9649	19.8511	21.9567	25.6606	31.6993	37.6676	44.5221	53.8148	63.3877	71.2283	101.043	125.948	146.546	185.068	209.96	217.32	213.691	182.418	157.474	128.644	95.2692	78.338	66.3606	51.5148	40.8848	34.0406	31.1404	25.453	22.5485	20.6886	17.5407	16.2321	14.3826	12.759	11.3752	10.218	9.05764	8.20815	7.45782	6.77997	6.18589	5.68448	5.27233	4.93164	4.6969	4.47434	4.26245	4.05954	3.87912	3.70198	3.5323	3.37032	3.21602	3.07041	2.93153	2.80622	2.68149	2.56378	2.44781	2.34632	2.23362	2.15218	2.07635	2.00911	1.94571	1.88968	1.83674	1.78929	1.74473	1.70356	1.66535	1.62852	1.59483	1.54879	1.47869	1.41105	1.34905	1.29189	1.23886	1.1948	1.15665	1.14974	1.13017	1.1128	1.09339	1.07964	1.06399	1.04896	1.03969	1.01452	0.966546	0.917166	0.87094	0.819978	0.771342	0.716559	0.669818	0.620942	0.576191	0.530902	0.489073	0.448324	0.410402	0.375456	0.343307	0.313917	0.287158	0.262891	0.240989	0.221221	0.203357	0.187144	0.172329	0.158685	0.143846	0.133049	0.120563	0.111871	-0.00883666	-0.0121379	0.0189377	0.0698453	0.0604951	0.0525867	0.0413606	0.0336095	0.0238721	0.0127684	0.0038719	-0.0070748	-0.0140589	-0.0277199	-0.0357369	-0.041485	-0.0451169	-0.0523478	-0.0398628	-0.0286645	-0.0115612	0.00574811	0.0270149	0.0502669	0.074423	0.109031	0.132793	0.161408	0.182733	0.249635	0.255772	0.258114	0.208021	0.137171	0.0824914	0.117409	0.143117	0.124436	0.0911509	0.0586114	0.0281466	0.000593527	-0.023281	-0.0471191	-0.0652172	-0.0852973	-0.0779973	-0.0889228	-0.0945992	-0.100387	-0.102044	-0.103748	-0.107479	-0.106715	-0.108873	-0.105799	-0.105514	-0.100223	-0.0954128	-0.0880416	-0.0794413	-0.0702858	-0.0588048	-0.0482778	-0.0356153	-0.0241584	-0.0115508	0.00044054	0.0119701	0.0242124	0.0239642	0.0369578	0.0456053	0.0574106	0.0445873	0.0717846	0.0840311	0.0927677	0.099487	0.105161	0.109618	0.110273	0.11454	0.105932	0.0983278	0.112373	0.06471	0.012886	-0.0420373	-0.184731	-0.265265	-0.351514	-0.429557	-0.50646	-0.57492	-0.662257	-0.710083	-0.690229	-0.686257	-0.664552	-0.641893	-0.616545	-0.584396	-0.550571	-0.51238	-0.473037	-0.432093	-0.389714	-0.348397	-0.305001	-0.265026	-0.222134	-0.18255	-0.141566	-0.118908	-0.0916529	-0.063506	-0.040678	-0.0154536	0.0054063	0.0285935	0.0487481	0.0690396	0.0861188	0.102891	0.116599	0.129188	0.139092	0.146861	0.152467	0.125117	0.083801	0.0410349	0.00337693	-0.0394165	-0.0981662	-0.111849	-0.120865	-0.0838154	-0.0586711	-0.0302001	-0.0289948	-0.0714731	-0.117748	-0.170634	-0.228549	-0.291383	-0.359627	-0.431738	-0.508906	-0.589123	-0.668895	-0.409856	-0.312055	-0.238392	-0.170313	-0.106555	-0.0445746	0.00478495	0.0233194	0.0271023	0.0699916	0.130651	0.194343	0.24497	0.271044	0.28116	0.276004	0.257119	0.229482	0.184328	0.127844	0.108096	0.0874796	0.0329751	-0.00862968	-0.0523683	-0.0718652	-0.0853703	-0.0953789	-0.0998317	-0.106429	-0.127149	-0.159405	-0.20298	-0.262776	-0.280844	-0.284558	-0.277644	-0.26354	-0.240907	-0.212018	-0.164043	-0.104155	-0.0441996	0.0184931	0.0807835	0.143635	0.205977	0.266397	0.320012	0.356472	0.343787	0.333653	0.322858	0.287203	0.243286	0.19902	0.156577	0.0639167	0.050627	0.0423945	0.0403464	0.0796784	0.106972	0.133084	0.155973	0.176845	0.193834	0.208423	0.220175	0.228082	0.231045	0.217334	0.214448	0.20224	0.189793	0.177082	0.165804	0.15371	0.142397	0.149163	0.104298	0.0593033	0.0100544	-0.0396456	-0.0899971	-0.139086	-0.185272	-0.229232	-0.267853	-0.298344	-0.311338	-0.292537	-0.150366	-0.0492037	0.0562761	0.158878	0.259265	0.357952	0.399142	0.42357	0.408026	0.325291	0.207737	0.0767824	-0.0226517	-0.10495	-0.0918381	-0.0780781	-0.0566763	-0.0258833	0.00492415	0.0326503	0.0493491	0.00685324	-0.0210725	-0.00525359	0.0158518	0.0433066	0.0586241	0.0801976	0.102203	0.128458	0.154344	0.180259	0.208971	0.231209	0.266471	0.274955	0.280845	0.178615	0.0436244	-0.091707	-0.243819	-0.412559	-0.559134	-0.415954	-0.263465	-0.112902	0.196333	0.0717258	0.0344217	0.0278547	0.0340215	0.0442711	0.0601497	0.075681	0.0954431	0.114732	0.135659	0.157394	0.15015	0.141325	0.124327	0.0830038	-0.0208988	-0.0690893	-0.119986	-0.145199	-0.100568	-0.0347038	0.0136399	0.0836966	0.0992868	0.0916171	0.0890683	0.090171	0.0892816	0.108332	0.163579	0.144321	0.0777653	0.00963097	-0.0578641	-0.12587	-0.19426	-0.261895	-0.310001	-0.353963	-0.367373	-0.361654	-0.323242	-0.280488	-0.236878	-0.188605	-0.136427	-0.0814608	-0.0258482	0.0307186	0.0846363	0.137972	0.188502	0.237393	0.262669	0.258901	0.250999	0.23853	0.228115	0.209314	0.137273	0.117485	0.0815837	0.0508377	0.0436021	0.0266721	-0.0510138	-0.111728	-0.0964071	0.0231673	0.075456	0.139707	0.167835	0.188295	0.199999	0.205279	0.204959	0.198782	0.188673	0.17292	0.159087	0.134609	0.0855155	0.102763	0.118696	0.147097	0.181698	0.215179	0.226976	0.233603	0.227447	0.217737	0.20384	0.185434	0.150922	0.12536	0.101025	0.0786704	0.0571035	0.0371105	0.0181649	0.00236513	-0.0111369	-0.0225985	-0.0319479	-0.0386909	-0.0436442	-0.045305	-0.0456515	-0.0425402	-0.038254	-0.0305536	-0.0216689	-0.00952961	0.00494689	0.0220091	0.0403503	0.0607485	0.0827034	0.106028	0.131307	0.156917	0.185154	0.212021	0.242721	0.269877	0.2543
-20	0	5.21638	5.26313	5.40095	5.23658	5.06995	4.9103	4.75468	4.59805	4.45928	4.33093	4.21391	4.1108	3.99927	3.90954	3.77983	3.75049	3.71817	3.71361	3.69181	3.6752	3.6612	3.65163	3.64353	3.63835	3.63435	3.63134	3.62983	3.62708	3.62668	3.6225	3.62203	3.60058	3.58656	3.57804	3.56087	3.54147	3.52007	3.4967	3.47175	3.44531	3.41785	3.38949	3.30858	3.22029	3.12972	3.03565	2.9477	2.85329	2.7701	2.6815	2.60048	2.52881	2.45765	2.39888	2.33995	2.29189	2.25016	2.2554	2.28667	2.31664	2.34575	2.38027	2.41641	2.45563	2.49564	2.53459	2.57412	2.61333	2.64859	2.67424	2.60056	2.50897	2.42297	2.32121	2.21941	2.13498	1.99764	1.94099	1.89171	1.89852	1.89284	1.89609	1.89545	1.90951	1.91874	1.93364	1.94078	1.95542	1.95889	1.96914	1.93724	1.94024	1.92611	1.9074	1.90216	1.90881	1.88319	1.83538	1.81191	1.80928	1.81772	1.82851	1.83878	1.84728	1.85001	1.81593	1.77071	1.73874	1.7696	1.7595	1.68184	1.56109	1.42905	1.18228	1.20708	1.24369	1.30252	1.28487	1.28765	1.28876	1.30192	1.3162	1.33343	1.35256	1.37266	1.35572	1.30179	1.24779	1.19619	1.13207	1.08549	1.04602	1.04672	1.03062	1.06325	1.09321	1.1347	1.1756	1.22358	1.27163	1.32246	1.37412	1.43189	1.4819	1.57912	1.61204	1.62358	1.60863	1.58665	1.56896	1.53898	1.50275	1.42231	1.35289	1.28131	1.23906	1.31127	1.23811	1.11369	0.963823	0.761613	0.479171	0.495414	0.608752	0.738324	0.894699	1.01018	1.10573	1.17389	1.23671	1.26531	1.29903	1.32057	1.35178	1.33	1.29288	1.24876	1.2022	1.15251	1.11062	1.06339	1.01371	0.969081	0.949663	0.946653	0.975621	1.01647	1.07062	1.12705	1.17814	1.23012	1.26755	1.29651	1.30654	1.31557	1.4193	1.32647	1.12842	0.923042	0.732652	0.4899	0.544996	0.642244	0.741809	0.842844	0.925953	1.00922	1.0682	1.099	1.15815	1.2148	1.27426	1.2843	1.24661	1.20921	1.18184	1.16837	1.15543	1.18069	1.18366	1.18236	1.1595	1.14205	1.13053	1.12538	1.12176	1.12042	1.11945	1.12073	1.12332	1.12944	1.15102	1.13485	1.10103	1.07447	1.0692	1.07514	1.06443	1.07123	1.04845	1.00337	0.980815	0.936821	0.916512	0.883074	0.898067	0.924398	0.948827	1.02964	1.09122	1.14914	1.21352	1.20928	1.16136	1.11165	1.06527	1.00716	0.94936	0.889176	0.822377	0.734221	0.697243	0.661107	0.632046	0.612624	0.592004	0.588396	0.598099	0.597909	0.632303	0.623319	0.610351	0.598881	0.58607	0.571667	0.560746	0.544542	0.532496	0.520706	0.470089	0.456	0.418858	0.450709	0.486579	0.524343	0.604733	0.665859	0.5502	0.422415	0.371542	0.343156	0.293241	0.332454	0.379715	0.443162	0.508112	0.585855	0.663871	0.741044	0.816177	0.76064	0.687773	0.608331	0.535275	0.45254	0.381364	0.321309	0.257746	0.300076	0.322768	0.360091	0.414607	0.454912	0.513217	0.544337	0.53074	0.519385	0.512062	0.506234	0.502819	0.496763	0.493998	0.492178	0.492674	0.495448	0.500464	0.508145	0.518211	0.533183	0.515713	0.525294	0.517376	0.517391	0.516175	0.51593	0.522528	0.527664	0.540449	0.497147	0.456724	0.463809	0.479138	0.51239	0.540049	0.571411	0.601689	0.629601	0.657157	0.683573	0.710901	0.726632	0.744083	0.785181	0.759422	0.730239	0.689627	0.65372	0.606913	0.568398	0.522042	0.477685	0.446464	0.412571	0.385163	0.376195	0.416125	0.4142	0.473519	0.546244	0.619938	0.691799	0.676695	0.600906	0.538513	0.485162	0.446177	0.425246	0.410726	0.413898	0.422821	0.443058	0.474505	0.500003	0.573136	0.647666	0.728366	0.712216	0.716382	0.717312	0.706581	0.724756	0.733529	0.736352	0.740267	0.739045	0.733232	0.721734	0.703157	0.677795	0.604591	0.527803	0.446318	0.419917	0.519287	0.66776	0.668786	0.682955	0.704421	0.729291	0.760838	0.789656	0.818754	0.810666	0.824265	0.861741	0.893518	0.916995	0.937113	0.963096	1.00228	1.03587	1.07679	1.11631	1.15763	1.19868	1.24089	1.28285	1.32465	1.36483	1.40451	1.4447	1.47094	1.44497	1.41433	1.38688	1.36224	1.33962	1.321	1.30697	1.29729	1.30414	1.34804	1.3839	1.39539	1.38842	1.47726	1.55516	1.63746	1.76579	1.88739	2.02502	2.13368	2.2361	2.32991	2.37573	2.40276	2.4247	2.45955	2.52956	2.63401	2.75991	2.89906	3.04209	3.20664	3.2647	3.32506	3.40045	3.48445	3.61858	3.78469	3.96495	4.19107	4.42979	4.70032	4.98881	5.30178	5.65554	6.03603	6.47047	6.94124	7.68615	8.23666	9.02269	9.81649	10.7499	11.7642	12.8961	14.4006	16.5552	18.3984	20.7229	23.3276	26.3202	30.4589	35.4552	42.0845	53.6895	65.7293	74.631	100.118	129.487	158.319	186.417	213.21	235.042	216.476	190.415	155.936	124.661	97.6734	82.8851	66.9686	49.6466	41.9825	35.9221	31.2154	27.1155	24.2495	21.6237	19.6788	16.0529	14.0218	12.6024	11.3305	10.6571	9.65636	8.20163	7.55334	6.94968	6.65973	6.15825	5.75342	5.37842	4.23308	3.63706	4.06166	4.39905	4.38055	4.21875	4.06665	3.91901	3.64452	3.45336	3.4887	3.38697	3.24141	3.08986	2.95284	2.80761	2.66979	2.54005	2.41224	2.29502	2.15648	2.01004	1.88208	1.76898	1.67064	1.58003	1.50053	1.42973	1.36608	1.31229	1.25951	1.21676	1.17503	1.14314	1.11322	1.09867	1.07731	1.08025	1.07693	1.07016	1.10427	1.14259	1.1875	1.24103	1.28488	1.22288	1.07579	1.01616	0.994619	0.969885	0.952548	0.940339	0.926913	0.919145	0.912092	0.907003	0.90408	0.894682	0.835845	0.810587	0.790712	0.789077	0.783218	0.776549	0.778698	0.789172	0.795785	0.799837	0.797867	0.784514	0.771387	0.758011	0.744469	0.730802	0.717034	0.703521	0.689129	0.67574	0.662205	0.649624	0.636392	0.624189	0.611287	0.599467	0.586913	0.575501	0.563319	0.552351	0.537141	0.501214	0.472425	0.440153	0.412751	0.386528	0.36052	0.345887	0.319872	0.355753	0.332116	0.333562	0.31043	0.285421	0.261183	0.221487	0.199138	0.141439	0.0802688	0.0757002	0.0692736	0.0677581	0.0739888	0.0741135	0.154147	0.196979	0.196069	0.190828	0.175344	0.137086	0.0760281	0.046477	-0.00605967	-0.0366382	-0.0488251	-0.0599853	-0.065963	-0.0644547	-0.0637352	-0.0222531	-0.00610657	0.0147118	-0.06859	-0.165592	0.0705435	0.0900933	0.105983	0.121119	0.126064	0.12364	0.138994	0.0803798	0.00379368	-0.0699167	-0.144983	-0.217295	-0.284487	-0.350069	-0.405323	-0.442671	-0.463224	-0.451595	-0.425319	-0.372161	-0.29259	-0.17548	-0.0710826	-0.0236697	-0.0280326	-0.0219193	-0.0123589	-0.00152883	0.0565823	0.0939358	0.133707	0.16714	0.208543	0.19155	0.0992464	0.0671917	0.0475352	0.0883307	0.113638	0.183696	0.198659	0.211172	0.221283	0.190193	0.15456	0.0928751	0.101936	0.110291	0.128573	0.172083	0.20199	0.248969	0.288559	0.338539	0.403565	0.44408	0.467705	0.426053	0.378992	0.325361	0.268969	0.216709	0.157615	0.0997599	0.0242888	-0.0671336	-0.130405	-0.0721258	-0.0473601	-0.0404996	-0.0230581	-0.00283372	0.0189541	0.0343645	0.0581213	0.076986	0.0979141	0.114439	0.133809	0.0583171	-0.0196237	-0.0940149	-0.109238	-0.0771213	-0.0170029	0.0610188	0.155456	0.168678	0.168683	0.165058	0.166807	0.17394	0.178556	0.186163	0.19283	0.20099	0.209805	0.218424	0.230267	0.238932	0.251947	0.266519	0.28113	0.269374	0.241251	0.214772	0.196968	0.177874	0.164581	0.155459	0.150583	0.149329	0.152238	0.156891	0.170177	0.1819	0.201291	0.215169	0.236174	0.251464	0.285554	0.324884	0.365663	0.408832	0.45284	0.481429	0.505586	0.522497	0.541777	0.556001	0.564454	0.555805	0.559896	0.556976	0.56797	0.584967	0.59887	0.614977	0.633145	0.647456	0.667292	0.632755	0.601554	0.569955	0.542091	0.520722	0.504961	0.545993	0.55141	0.576872	0.572686	0.444678	0.409973	0.37304	0.341978	0.313583	0.292076	0.313937	0.306061	0.30767	0.307958	0.308372	0.309064	0.31176	0.313484	0.317675	0.31923	0.324917	0.326993	0.332106	0.337681	0.239817	0.0686606	-0.08607	-0.119556	-0.129323	-0.0705062	0.116586	0.309068	0.366515	0.374492	0.387379	0.399522	0.411852	0.426216	0.436871	0.426468	0.336583	0.302802	0.324614	0.368933	0.414375	0.416546	0.400033	0.346945	0.295102	0.281738	0.287734	0.210052	0.160145	0.114933	0.0875946	0.0727023	0.191113	0.341052	0.475203	0.662981	0.583452	0.520563	0.397955	0.307168	0.245629	0.207716	0.182186	0.175816	0.161956	0.130587	0.0410318	0.00315211	-0.025864	-0.0261418	-0.00557063	0.0373812	0.113702	0.200265	0.274038	0.338724	0.38904	0.437337	0.447061	0.434396	0.422444	0.401977	0.389323	0.355337	0.32873	0.309786	0.29252	0.278275	0.267476	0.261406	0.259112	0.252781	0.274383	0.29987	0.300113	0.267365	0.234268	0.214698	0.179905	0.147975	0.150601	0.185524	0.25834	0.340815	0.422303	0.49063	0.559616	0.625717	0.586183	0.538369	0.492439	0.445143	0.4024	0.355933	0.314729	0.267435	0.225512	0.17882	0.158059	0.131715	0.10681	0.0884328	0.0646409	0.0469392	0.0181689	-0.00359575	-0.0401548	-0.115407	-0.121886	-0.150384	-0.146539	-0.134949	-0.114842	-0.0805196	-0.0489459	-0.00868271	0.0305553	0.0663859	0.105343	0.138618	0.180863	0.18786	0.22838	0.239086	0.25309	0.262539	0.282299	0.294981	0.307418	0.319561	0.331533	0.343195	0.354695	0.365988	0.377068	0.388088	0.398775	0.409513	0.3618	0.270581	0.176372	0.088596	0.011098	-0.0564085	-0.0496761	-0.0427199	-0.044068	0.029235	0.109054	0.190991	0.28546	0.377104	0.483936	0.522237	0.525787	0.528444	0.531579	0.533964	0.536737	0.53897	0.541439	0.543607	0.54583	0.548003	0.550037	0.543676	0.485574	0.425528	0.355814	0.291359	0.221599	0.191166	0.136308	0.0924885	0.0451127	0.020411	-0.0118092	-0.0349418	-0.0585537	-0.0665866	-0.0626424	-0.0602489	-0.0336305	0.00548892	0.136697	0.252487	0.354797	0.514192
-20	20	6.29532	6.15358	6.03396	5.90375	5.70452	5.58986	5.48158	5.342	5.20688	5.09782	4.94648	4.70304	4.51418	4.45644	4.32947	4.27165	4.21162	4.09301	3.97269	3.82458	3.70467	3.63175	3.61877	3.59151	3.53532	3.51843	3.46216	3.41283	3.37264	3.31946	3.27334	3.22752	3.19209	3.15889	3.14837	3.13779	3.15007	3.13941	3.15797	3.16449	3.18895	3.21937	3.23148	3.20984	3.20498	3.20809	3.17177	3.12752	3.06348	3.018	2.96456	2.8717	2.76113	2.65997	2.57622	2.48982	2.46731	2.39162	2.34521	2.26458	2.19297	2.13311	2.01527	1.97901	1.96051	2.00042	2.12795	2.1881	2.24364	2.24168	2.20044	2.09723	2.06044	2.05703	2.05981	2.05464	2.05827	2.03929	1.94532	1.84581	1.77255	1.70537	1.60247	1.54936	1.46698	1.38065	1.33579	1.30198	1.29376	1.26821	1.24673	1.27425	1.36918	1.4241	1.52833	1.58629	1.62406	1.55692	1.44364	1.44897	1.4862	1.57742	1.60911	1.5966	1.58536	1.54032	1.44624	1.3508	1.19603	1.07732	0.954698	0.875063	0.963349	1.10205	1.11665	0.944405	0.895241	0.894447	0.900136	0.97065	1.06145	1.16654	1.26569	1.46086	1.57576	1.5794	1.51987	1.48393	1.44165	1.35039	1.24823	1.14675	0.997315	0.856833	0.705422	0.590746	0.535071	0.612913	0.658261	0.716953	0.755298	0.759	0.769834	0.771765	0.798263	0.779625	0.777769	0.79432	0.818711	0.84091	0.848996	0.837035	0.817676	0.755073	0.80242	0.804888	0.847928	0.82426	0.800196	0.769286	0.764047	0.71088	0.699551	0.678161	0.687238	0.638971	0.585585	0.554784	0.535528	0.541504	0.575639	0.593438	0.657673	0.684292	0.721527	0.751004	0.796121	0.776614	0.729458	0.666432	0.598047	0.610955	0.687474	0.763665	0.831001	0.867473	0.79422	0.697406	0.608413	0.554846	0.540026	0.58651	0.639962	0.717007	0.715825	0.648429	0.512924	0.356622	0.18587	0.0350568	-0.0453814	-0.0687202	-0.0722732	-0.0128537	0.245509	0.320741	0.392603	0.455808	0.534792	0.59036	0.688116	0.76637	0.818185	0.880889	0.887918	0.88036	0.910314	0.894265	0.945135	0.983285	0.91616	0.899953	0.827959	0.814426	0.795127	0.762826	0.734353	0.734545	0.760496	0.790385	0.829674	0.819479	0.819238	0.819009	0.810218	0.751104	0.703474	0.670859	0.656731	0.605814	0.575177	0.531972	0.478352	0.483005	0.449001	0.413269	0.392033	0.368466	0.363199	0.362085	0.37196	0.336486	0.281528	0.214319	0.175574	0.129936	0.138357	0.177378	0.189718	0.220575	0.254101	0.27984	0.328836	0.390383	0.448699	0.499334	0.509128	0.398614	0.434089	0.45585	0.468315	0.529721	0.544824	0.576475	0.610987	0.635821	0.619314	0.57718	0.500651	0.457279	0.355475	0.228461	0.107237	-0.0333315	-0.170259	-0.26447	-0.352246	-0.380587	-0.371293	-0.330719	-0.298173	-0.203739	-0.105338	0.0104839	0.0982671	0.197624	0.175407	0.166714	0.141987	0.121968	0.0660238	-0.0137307	-0.119695	-0.141741	-0.129629	-0.138387	-0.16932	-0.169733	-0.129562	-0.0861997	0.0140567	0.0821802	0.115669	0.0498441	-0.0747019	-0.189259	-0.274596	-0.36331	-0.404527	-0.431313	-0.41547	-0.405702	-0.449976	-0.522272	-0.572705	-0.592605	-0.61003	-0.477442	-0.320894	-0.138971	0.0337224	0.146357	0.192508	0.185855	0.144526	0.0516154	-0.200266	-0.230189	-0.286161	-0.300757	-0.311816	-0.320823	-0.309874	-0.296613	-0.255344	-0.154825	-0.0828456	0.0223661	0.138567	0.0697671	-0.00275144	-0.106085	-0.193619	-0.302926	-0.421286	-0.562681	-0.676629	-0.723929	-0.738027	-0.709232	-0.617309	-0.442681	-0.370217	-0.26112	-0.128818	0.0272126	0.185873	0.301358	0.37898	0.452258	0.453835	0.404922	0.396416	0.353114	0.348895	0.286122	0.232946	0.124088	0.114879	0.110013	0.12207	0.154003	0.189665	0.224463	0.287839	0.3538	0.423706	0.461009	0.522614	0.539439	0.534405	0.532846	0.475345	0.408389	0.348714	0.300467	0.27433	0.245676	0.235906	0.188513	0.207026	0.198096	0.242814	0.270226	0.345387	0.440374	0.546917	0.61262	0.67046	0.678731	0.658788	0.647929	0.609847	0.573852	0.518785	0.329117	0.173438	0.0957328	0.0419367	0.0217426	0.244659	0.414752	0.558497	0.642105	0.691178	0.769397	0.84429	0.893698	0.897154	0.907746	0.820113	0.824215	0.754241	0.586404	0.509191	0.482426	0.43791	0.457769	0.529348	0.55862	0.659719	0.815927	0.934346	0.986826	1.06636	1.1257	1.19928	1.2068	1.21937	1.25728	1.3379	1.46303	1.58747	1.7213	1.80755	1.88095	1.98057	2.13171	2.19657	2.27201	2.32403	2.36719	2.43854	2.58468	2.77843	2.86773	2.92473	3.01349	3.16099	3.35221	3.65662	3.90757	4.20691	4.49765	4.81091	5.18705	5.56642	5.99316	6.5533	7.10541	7.78316	8.44934	9.3779	10.2157	11.0803	12.1175	12.9835	14.5456	16.4647	18.6758	21.0382	23.3587	25.6003	30.0522	37.4888	44.9544	48.9264	65.4548	82.4729	108.789	128.272	163.541	199.32	212.728	231.349	226.231	195.375	154.199	126.837	102.172	83.8667	68.0755	51.0866	41.5912	35.1216	29.8672	25.3321	22.9415	20.8874	18.8875	15.1549	13.942	12.4597	11.1391	10.0641	9.09945	8.24469	7.52665	6.87512	6.33204	5.69131	5.29116	4.97171	4.74585	4.29573	4.08494	3.92963	3.72366	3.5478	3.41632	3.23013	3.00167	2.78215	2.55444	2.34424	2.16372	2.03042	1.89145	1.75178	1.59286	1.51695	1.46552	1.38684	1.31543	1.2194	1.14359	1.09708	0.992475	0.907654	0.834343	0.841372	0.866611	0.898222	0.922283	1.00434	0.982584	0.950294	0.841209	0.770335	0.72652	0.691679	0.644173	0.657	0.669152	0.691009	0.65565	0.600854	0.567346	0.535184	0.547244	0.498293	0.429215	0.382564	0.363973	0.313193	0.181852	0.124774	0.0769871	0.0507588	0.0409552	0.0681158	0.0455234	0.0680889	0.0770724	0.130275	0.179586	0.117402	0.0535863	0.027765	-0.00617896	-0.102332	-0.226061	-0.221001	-0.134993	0.0717031	0.105008	0.178833	0.251249	0.331849	0.327098	0.302303	0.216097	0.13346	0.0636837	0.06621	0.0149893	-0.0331748	-0.0789695	-0.146061	-0.184633	-0.220323	-0.281115	-0.306742	-0.301499	-0.317309	-0.32961	-0.339838	-0.327808	-0.30059	-0.343961	-0.411918	-0.460754	-0.461296	-0.463889	-0.466468	-0.44116	-0.415708	-0.367311	-0.336961	-0.274091	-0.201734	-0.179334	-0.159315	-0.138894	-0.127552	-0.120264	-0.232434	-0.291401	-0.329672	-0.361862	-0.371936	-0.314541	-0.250484	-0.190849	-0.244927	-0.271287	-0.303244	-0.299674	-0.293869	-0.277187	-0.290554	-0.322791	-0.332863	-0.351955	-0.415546	-0.430237	-0.436141	-0.48745	-0.531287	-0.555856	-0.581742	-0.621472	-0.700816	-0.779233	-0.85056	-0.821511	-0.738389	-0.631479	-0.544954	-0.389759	-0.24506	-0.123876	-0.0229247	0.0613433	0.0868963	0.063856	0.0110571	-0.0702636	-0.211668	-0.340903	-0.467524	-0.626295	-0.764445	-0.911308	-1.05369	-1.09556	-1.0966	-1.08735	-1.05465	-0.947729	-0.907222	-0.813814	-0.722988	-0.652274	-0.608421	-0.563959	-0.534535	-0.505573	-0.484983	-0.440597	-0.41284	-0.424956	-0.477297	-0.503274	-0.478818	-0.474357	-0.458608	-0.468692	-0.489383	-0.478472	-0.466741	-0.438974	-0.387372	-0.425136	-0.463175	-0.476328	-0.50322	-0.524372	-0.509944	-0.367691	-0.241155	-0.249078	-0.281657	-0.275985	-0.314174	-0.371407	-0.417658	-0.44761	-0.484629	-0.493724	-0.459577	-0.431006	-0.386269	-0.369173	-0.344587	-0.298083	-0.270164	-0.249735	-0.234314	-0.253647	-0.235531	-0.212126	-0.191223	-0.190819	-0.230748	-0.24331	-0.182915	-0.214961	-0.274703	-0.333507	-0.385021	-0.448771	-0.506092	-0.534277	-0.52395	-0.502927	-0.522519	-0.549823	-0.603368	-0.596846	-0.559235	-0.490933	-0.416209	-0.358945	-0.335444	-0.303235	-0.283733	-0.269523	-0.268411	-0.271419	-0.273724	-0.255288	-0.249979	-0.197237	-0.149067	-0.143842	-0.0882168	-0.0347947	-0.00709378	0.0811675	0.0544231	0.0195648	0.00768116	0.00677377	-0.0713461	-0.172251	-0.233623	-0.29616	-0.363643	-0.385308	-0.389	-0.37293	-0.34206	-0.242936	-0.16868	-0.187835	-0.204979	-0.178542	-0.132427	-0.0698325	-0.0307254	0.0208274	0.0776813	0.108323	0.087042	0.0582521	0.0669514	0.0583898	0.0300099	0.0118289	-0.00513169	-0.0261267	-0.0163676	-0.0407602	-0.0381911	-0.0358925	-0.044592	-0.116999	-0.248821	-0.393635	-0.516206	-0.599735	-0.638844	-0.657049	-0.670797	-0.676015	-0.670083	-0.625818	-0.573582	-0.532955	-0.475173	-0.438383	-0.419839	-0.413004	-0.354007	-0.299435	-0.263808	-0.227624	-0.228006	-0.203694	-0.190501	-0.155427	-0.124578	-0.129594	-0.121638	-0.0939063	-0.0918666	-0.113508	-0.136079	-0.146439	-0.201849	-0.252407	-0.26698	-0.265479	-0.209647	-0.175157	-0.114134	-0.0771208	-0.0480762	0.0174686	0.0667025	0.103233	0.122506	0.131452	0.158159	0.0958558	0.0515656	-0.00349969	-0.0777966	-0.136372	-0.191967	-0.25668	-0.318799	-0.335475	-0.301122	-0.303212	-0.33474	-0.290241	-0.215489	-0.200285	-0.164823	-0.232054	-0.280818	-0.281138	-0.277599	-0.288439	-0.29382	-0.285009	-0.358792	-0.426721	-0.528645	-0.669336	-0.715238	-0.756399	-0.761158	-0.748364	-0.706383	-0.677636	-0.603747	-0.488812	-0.433461	-0.363701	-0.285829	-0.240503	-0.229777	-0.253122	-0.284601	-0.318948	-0.335742	-0.307086	-0.318191	-0.358192	-0.316887	-0.295037	-0.27583	-0.261642	-0.222449	-0.171274	-0.144762	-0.127626	-0.162652	-0.198026	-0.2231	-0.260259	-0.329057	-0.389148	-0.403405	-0.418076	-0.397791	-0.316	-0.254062	-0.162363	-0.0739956	-0.0218573	0.0315912	0.0850452	0.118578	0.106528	0.00657509	-0.0813854	-0.198911	-0.30556	-0.396631	-0.473637	-0.491847	-0.513549	-0.531537	-0.56225	-0.58349	-0.557324	-0.520408	-0.503637	-0.478759	-0.481187	-0.455461	-0.422233	-0.365576	-0.309882	-0.279947	-0.313014	-0.408609	-0.417715	-0.443558	-0.474473	-0.472627	-0.488951	-0.485985	-0.448558	-0.440917	-0.459547	-0.462392	-0.437914	-0.393396	-0.354658	-0.322208	-0.371673	-0.410139	-0.411233	-0.355633	-0.289227	-0.209071	-0.152976	-0.0946285	-0.0378677	0.0375706	-0.0143737	-0.0446328	-0.0777134	-0.147515	-0.257242	-0.324498	-0.391658	-0.405485	-0.39367	-0.369484	-0.341254	-0.322806	-0.27123	-0.238271	-0.191096	-0.125721	-0.0622702	-0.0311389	-0.0321331	-0.0473774	-0.138026	-0.165249	-0.199746	-0.276727	-0.422019	-0.578369	-0.770723	-0.974211	-1.19555
0	-20	4.7054	4.82199	4.948	4.91155	4.86113	4.81038	4.7526	4.6905	4.63203	4.58434	4.52941	4.47857	4.43455	4.37802	4.36376	4.37281	4.38249	4.39214	4.26807	4.14474	4.0256	3.91379	3.80428	3.70294	3.6088	3.53727	3.4522	3.37745	3.35324	3.32721	3.33062	3.32922	3.33655	3.26234	3.16244	3.12332	3.07696	3.0467	3.02749	3.00219	2.98284	2.96292	2.92836	2.90481	2.88373	2.82719	2.73163	2.64424	2.55505	2.45496	2.37718	2.26433	2.19012	2.16713	2.15934	2.16958	2.19931	2.229	2.26894	2.25933	2.21338	2.17265	2.13102	2.10153	2.06892	2.03579	2.00779	1.98212	1.95382	1.93055	1.90884	1.88673	1.86364	1.84227	1.82111	1.79985	1.78028	1.76021	1.74154	1.7221	1.63808	1.59166	1.54519	1.51028	1.56841	1.59225	1.57353	1.55043	1.5136	1.48916	1.46301	1.43731	1.40898	1.38215	1.35255	1.32266	1.29336	1.26315	1.23191	1.20286	1.17361	1.14374	1.11092	1.18983	1.2964	1.32183	1.34178	1.35537	-0.0119444	0.918265	1.11202	1.26856	1.29628	1.20093	1.13582	1.11284	1.12697	1.0693	1.00074	0.928467	0.868574	0.80527	0.755529	0.72384	0.694693	0.672748	0.633117	0.668883	0.724571	0.787366	0.855619	0.92215	0.988911	1.05678	1.1226	0.956277	0.768609	0.726568	0.704885	0.773676	0.861838	1.04424	0.978736	0.908146	0.837623	0.763376	-1.24606	0.59815	0.562167	0.534278	0.555899	0.566767	0.582189	0.608403	0.635365	0.651518	0.675986	0.694053	0.708595	0.729161	0.687001	0.678388	0.676938	0.66953	0.628582	0.625531	0.626244	0.628682	0.630747	0.63548	0.641416	0.649402	0.664312	0.675189	0.683753	0.694399	0.60756	0.496593	0.398047	0.329693	0.268484	0.317532	0.450016	0.597582	0.754967	0.765961	0.771473	0.773008	0.777021	0.777014	0.778403	0.777796	0.777111	0.772562	0.772252	0.732226	0.731707	0.635308	0.568952	0.543027	0.519864	0.552194	0.57342	0.603976	0.639552	0.673197	0.711545	0.750365	0.792611	0.833468	0.860899	0.91128	0.932703	0.883291	0.833077	0.789251	0.727725	0.663757	0.595297	0.527964	0.468711	0.408851	0.352917	0.309325	0.290821	0.274476	0.298771	0.328219	0.365255	0.404811	0.452296	0.501885	0.553243	0.522264	0.463996	0.416432	0.673086	0.688022	0.680688	0.559908	0.549808	0.554934	0.535949	0.483629	0.437596	0.391911	0.364228	0.335497	0.336691	0.416598	0.517391	0.635274	0.652325	0.620844	0.575712	0.521512	0.454735	0.379034	0.310915	0.258241	0.247999	0.25872	0.311163	0.393913	0.345154	0.304087	0.2911	0.286087	0.288056	0.289317	0.295542	0.298324	0.27289	0.303582	0.309678	0.306675	0.289806	0.267965	0.214576	0.15635	0.102288	0.0777819	0.0630493	0.0624478	0.0857164	0.138357	0.200371	0.185894	0.105331	0.0427438	-0.00452619	-0.00378104	0.00763933	0.0271888	0.0479883	0.0435592	0.0252009	0.0087074	-0.00200971	-0.00364033	0.0128413	0.024641	0.0755588	0.137277	0.0791018	0.0195925	-0.0334497	-0.0772777	-0.104365	-0.0892964	-0.129195	-0.126473	-0.111408	-0.0636561	0.00647113	0.0932075	0.0853406	0.0992358	0.132183	0.17136	0.210156	0.219322	0.229632	0.233566	0.228844	0.189228	0.0682136	-0.0487487	-0.160493	-0.283823	-0.400728	-0.482849	-0.529239	-0.533331	-0.484269	-0.395902	-0.365364	-0.326936	-0.235006	-0.144729	-0.0597214	0.0151617	0.0848167	0.145744	0.197491	0.226644	0.1949	0.113038	0.016048	-0.0771798	-0.173547	-0.208843	-0.219763	-0.236516	-0.185963	-0.131884	-0.0676061	-0.04819	-0.0642173	-0.0411788	-0.039235	-0.00287085	-0.0112635	-0.0114319	-0.0167878	-0.0208756	-0.0226236	-0.0317642	-0.0662761	-0.0623819	-0.0750986	-0.0623189	-0.0257131	-0.00619789	0.0601193	0.124686	0.235485	0.3193	0.358953	0.3489	0.394944	0.400445	0.406074	0.407742	0.411819	0.38361	0.301425	0.223982	0.16994	0.129058	0.160225	0.194971	0.23772	0.28366	0.329897	0.390084	0.432574	0.465605	0.475475	0.487399	0.497649	0.511531	0.524494	0.54077	0.547746	0.525923	0.497506	0.454756	0.413298	0.393272	0.38036	0.365842	0.358941	0.352052	0.354656	0.377575	0.396925	0.402703	0.464378	0.475389	0.476993	0.479324	0.482681	0.477417	0.482363	0.478174	0.455338	0.459004	0.461181	0.468256	0.477598	0.471351	0.491438	0.519921	0.547519	0.592994	0.625838	0.670466	0.72673	0.775628	0.830861	0.884705	0.941208	1.00432	1.05561	1.11135	1.16632	1.2252	1.28806	1.34758	1.40942	1.47047	1.51955	1.5888	1.65985	1.74265	1.82788	1.9211	2.02996	2.12824	2.25222	2.37692	2.51302	2.64939	2.80253	2.96377	3.14329	3.33328	3.56445	3.81015	4.0696	4.29815	4.54618	4.79309	5.06384	5.34467	5.65366	5.99723	6.39584	7.00711	7.64633	8.35212	9.28611	10.1874	11.1951	12.1224	13.5481	14.8472	16.5575	18.4244	20.9831	23.5249	27.6376	31.7906	36.9621	45.4285	52.1951	64.493	83.3054	100.733	133.229	154.558	189.828	221.523	227.181	217.825	192.238	151.362	121.017	96.1908	77.8703	62.936	54.0672	42.694	37.7246	31.8353	27.0635	23.0075	19.5623	17.0092	15.2499	14.4492	13.9805	12.3248	10.61	9.92267	8.99473	8.16105	7.41726	6.76697	6.20356	5.73045	5.34527	5.02225	4.7005	4.39699	4.12533	3.88894	3.6951	3.53637	3.41397	3.31789	3.1366	2.89723	2.65797	2.47939	2.31615	2.13935	1.95835	1.80515	1.68029	1.58207	1.48291	1.389	1.28727	1.17362	1.08308	1.00618	0.965021	0.927716	0.893215	0.870531	0.867557	0.880032	0.913284	0.890495	0.87548	0.859171	0.849233	0.810833	0.781713	0.743801	0.68289	0.69106	0.704607	0.719552	0.733854	0.753145	0.774373	0.794119	0.810028	0.819859	0.83145	0.840301	0.77868	0.704344	0.62179	0.54469	0.452638	0.373387	0.341042	0.325398	0.321664	0.322215	0.28323	0.249507	0.210054	0.170895	0.127276	0.0909953	0.0586804	0.0282869	0.00729646	-0.0383429	0.0143346	0.072138	0.0701946	0.0319921	-0.00598162	-0.0370637	-0.0491075	-0.0670617	-0.0937685	-0.0862237	-0.0762043	-0.0482855	-0.00174605	0.0483444	0.10177	0.137455	0.186754	0.225999	0.228709	0.226831	0.123868	0.0694654	-0.00512027	-0.0438152	-0.0858097	-0.119922	-0.132639	-0.0807821	-0.0232237	0.0532152	0.113872	0.164186	0.113607	0.0591077	0.00640106	-0.0462637	-0.0993275	-0.148327	-0.212998	-0.254388	-0.290123	-0.324853	-0.356611	-0.381727	-0.341336	-0.337036	-0.328136	-0.2994	-0.316588	-0.336242	-0.352589	-0.370986	-0.384498	-0.520122	-0.523779	-0.525141	-0.521686	-0.51182	-0.501916	-0.483836	-0.434849	-0.40704	-0.378979	-0.354827	-0.331573	-0.309131	-0.29031	-0.270681	-0.256409	-0.900242	-0.229622	-0.499755	-0.21049	-0.657815	-0.811669	-0.807855	-0.654742	-0.573195	-0.545016	-0.516911	-0.479455	-0.437838	-0.404902	-0.368425	-0.34121	-0.319019	-0.336403	-0.357368	-0.377281	-0.398246	-0.421635	-0.440878	-0.489768	-0.494997	-0.499291	-0.49882	-0.494694	-0.484526	-0.467703	-0.42103	-0.341698	-0.310527	-0.279051	-0.258999	-0.253783	-0.250192	-0.239822	-0.233132	-0.220005	-0.203838	-0.186477	-0.137847	-0.0957488	-0.056505	-0.0234368	0.0184633	0.0542697	0.0971608	0.135593	0.17663	0.202388	0.0983507	-0.00659357	-0.115082	-0.20918	-0.308876	-0.395313	-0.402016	-0.401061	-0.381941	-0.356452	-0.332341	-0.296142	-0.25972	-0.22703	-0.199005	-0.20668	-0.246946	-0.337139	-0.393519	-0.463354	-0.520865	-0.572564	-0.606283	-0.617111	-0.556759	-0.487108	-0.398331	-0.286831	-0.156352	0.0185316	-0.285082	-0.316875	-0.3402	-0.356628	-0.366365	-0.363814	-0.364844	-0.383239	-0.354829	-0.3156	-0.279359	-0.295668	-0.29345	-0.273688	-0.197388	-0.127732	-0.0628572	-0.00274994	0.0564584	0.0845904	0.0990124	0.0968572	0.0905815	0.086776	0.0711647	0.0517515	0.0177681	-0.0341629	-0.115202	-0.245889	-0.299	-0.344753	-0.386955	-0.401097	-0.407116	-0.412766	-0.423097	-0.421692	-0.42086	-0.418172	-0.417999	-0.41323	-0.411422	-0.404673	-0.400767	-0.392815	-0.388672	-0.389103	-0.379695	-0.367882	-0.352511	-0.337618	-0.320891	-0.303142	-0.306407	-0.279716	-0.256444	-0.227884	-0.200768	-0.170693	-0.139971	-0.108977	-0.0745935	-0.0436112	-0.00167233	0.0458902	0.0692236	0.0274497	-0.0464754	-0.135345	-0.565125	-0.319984	-0.0871115	0.0903537	0.0971074	0.096646	0.10261	0.10399	0.109623	0.114843	0.0737382	0.0423672	0.00980608	-0.0246743	-0.0546065	-0.0856461	-0.110848	-0.137389	-0.158324	-0.179765	-0.20109	-0.220523	-0.245767	-0.250514	-0.248354	-0.24621	-0.239793	-0.229896	-0.220126	-0.203941	-0.188831	-0.174021	-0.157628	-0.139829	-0.100504	-0.109136	-0.11896	-0.12988	-0.147322	-0.221972	-0.248847	-0.301646	-0.319062	-0.331665	-0.340837	-0.34511	-0.348594	-0.345758	-0.319028	-0.298842	-0.283671	-0.267296	-0.252405	-0.235953	-0.219872	-0.204034	-0.187458	-0.187518	-0.212776	-0.234457	-0.245262	-0.258759	-0.284048	-0.270914	-0.260002	-0.240268	-0.188851	-0.101209	-0.0527333	-0.0383737	-0.0469505	-0.0276093	-0.00936393	0.010925	0.0325275	0.0530017	0.0916454	0.0657745	0.0102358	-0.0408415	-0.0824723	-0.12665	-0.169006	-0.200057	-0.234642	-0.224075	-0.234237	-0.241527	-0.244374	-0.23844	-0.204522	-0.173614	-0.134657	-0.0952445	-0.0594325	-0.0198322	-0.00324558	-0.00804422	-0.0254771	-0.0278896	-0.0352495	-0.0496786	-0.0639098	-0.0814806	-0.0950258	-0.16933	-0.256103	-0.341958	-0.424585	-0.50253	-0.576541	-0.640397	-0.695457	-0.746235	-0.718035	-0.704453	-0.672502	-0.617884	-0.566003	-0.494357	-0.410637	-0.326498	-0.218197	-0.32337	-0.37016	-0.402772	-0.412397	-0.417429	-0.426703	-0.420109	-0.404266	-0.383691	-0.369875	-0.34822	-0.305099	-0.312223	-0.312909	-0.325037	-0.370949	-0.403413	-0.444984	-0.465292	-0.481301	-0.478729	-0.516968	-0.486106	-0.444915	-0.405551	-0.356634	-0.26837	-0.191006	-0.127593	-0.0632208	-0.00184266	0.05038	0.0997218	0.147302	0.15926	0.179988	0.183427	0.190039	0.172972	0.144941	0.111549	0.0778902	0.0400364	0.000500855	-0.0421922	-0.0851791	-0.130445	-0.174361	-0.220573	-0.268188	-0.326356	-0.358411	-0.376048	-0.370861	-0.356202	-0.333348	-0.312226	-0.278772	-0.254229	-0.228641	-0.200195	-0.180065	-0.177031	-0.172666	-0.173357	-0.252624	-0.291299	-0.327933	-0.359741	-0.393676	-0.425065	-0.445466	-0.357289	-0.327027	-0.23264	-0.0178562
0	0	5.416	5.44553	5.41459	5.33316	5.2524	5.17094	5.10016	5.02975	4.96782	4.90719	4.8496	4.79287	4.73992	4.6885	4.63956	4.59246	4.5472	4.50347	4.44596	4.36907	4.29196	4.21627	4.14003	4.06632	3.99091	3.92015	3.84779	3.78028	3.71136	3.64883	3.58809	3.53066	3.47879	3.4245	3.38058	3.33281	3.29275	3.2541	3.2209	3.18368	3.15168	3.12824	3.08225	2.99978	2.918	2.84084	2.76195	2.68689	2.59349	2.56024	2.52634	2.58441	2.60163	2.61443	2.63037	2.65009	2.6629	2.66897	2.67575	2.6538	2.63013	2.51006	2.41867	2.32217	2.22811	2.12771	2.03083	1.94544	1.85592	1.77124	1.67202	1.67643	1.69484	1.7165	1.74482	1.77691	1.80598	1.84019	1.87279	1.90211	1.93117	1.92498	1.89748	1.87314	1.85202	1.84379	1.86999	1.8828	1.90033	1.91551	1.92601	1.94916	1.93304	1.9056	1.8826	1.81803	1.76802	1.7254	1.67762	1.6448	1.59662	1.5385	1.53425	1.52922	1.53344	1.53612	1.57626	1.58663	1.61662	1.63887	1.68393	1.68981	1.69165	1.69272	1.68743	1.67267	1.65655	1.64045	1.62449	1.60872	1.58834	1.5562	1.53278	1.50748	1.48308	1.45845	1.4367	1.41275	1.39305	1.37062	1.35231	1.33299	1.31839	1.30104	1.29012	1.27485	1.27236	1.26575	1.26231	1.26084	1.2579	1.25316	1.24943	1.24532	1.24182	1.23636	1.23634	1.23046	1.23326	1.20299	1.21435	1.22892	1.24305	1.25905	1.27895	1.2982	1.31246	1.3302	1.32715	1.32306	1.31788	1.31164	1.3043	1.2958	1.28612	1.27522	1.26308	1.2024	1.13926	1.08845	1.03575	0.984563	0.935589	0.886536	0.843314	0.798847	0.763013	0.725136	0.69818	0.693527	0.675353	0.674034	0.684909	0.6905	0.711547	0.730391	0.777893	0.831097	0.89049	0.955356	0.989243	0.985003	0.979177	0.975379	0.969422	0.966938	0.963303	0.962721	0.962611	0.963563	0.967567	0.973933	0.980196	0.995455	0.987919	0.983592	0.973629	0.964326	0.951813	0.937415	0.92281	0.916213	0.905025	0.869093	0.887718	0.906854	0.931301	0.959229	0.987573	1.0834	1.03382	0.990706	0.942013	0.897462	0.854922	0.840238	0.853713	0.922303	0.998666	1.07062	1.13176	1.09806	1.04133	0.988364	0.932075	0.876428	0.826365	0.788111	0.712821	0.719484	0.772203	0.687976	0.869604	0.861886	0.874928	0.917608	0.978936	1.05489	1.12492	1.17436	1.19144	1.16458	1.15259	1.1323	1.11649	1.09584	1.05638	1.05068	1.00955	0.944417	0.785095	0.537837	0.558932	0.492491	0.360422	0.274387	0.0802376	0.0188737	0.0836791	0.170666	0.514937	0.63419	0.651639	0.632821	0.611165	0.590127	0.57041	0.551625	0.533947	0.517772	0.502443	0.489589	0.476943	0.467423	0.457541	0.451234	0.444169	0.440932	0.439132	0.438737	0.439766	0.442136	0.44426	0.412577	0.450123	0.453243	0.455849	0.457658	0.459791	0.459806	0.461381	0.459502	0.460832	0.443575	0.444619	0.441867	0.442658	0.443063	0.443325	0.446826	0.445985	0.454203	0.420639	0.376516	0.342208	0.323319	0.320227	0.334103	0.344351	0.345619	0.368093	0.348577	0.329807	0.309381	0.288881	0.201123	0.162204	0.163598	0.197069	0.246601	0.265011	0.288606	0.401637	0.450655	0.414874	0.399457	0.393702	0.398578	0.412831	0.431435	0.458021	0.49105	0.527964	0.462584	0.390958	0.326218	0.260866	0.211757	0.208733	0.284396	0.337594	0.401931	0.386297	0.369305	0.347938	0.326071	0.329907	0.339804	0.356335	0.402131	0.450044	0.490986	0.521302	0.4924	0.459703	0.416567	0.395266	0.374994	0.361449	0.346489	0.340055	0.346319	0.350468	0.350504	0.358773	0.370483	0.380748	0.387491	0.397442	0.404189	0.415421	0.421822	0.433624	0.43944	0.451122	0.456138	0.46685	0.455693	0.198664	0.0979619	0.0766242	0.119335	0.197596	0.278974	0.361098	0.437141	0.514864	0.558851	0.569363	0.58876	0.607893	0.630164	0.655691	0.681047	0.711987	0.731938	0.666484	0.581209	0.532786	0.516837	0.496882	0.485398	0.486825	0.50507	0.537429	0.588384	0.557602	0.556275	0.593346	0.671339	0.825307	0.922613	0.983403	0.939253	0.885791	0.853096	0.804935	0.727471	0.621523	0.580765	0.453473	0.309696	0.13916	0.00584481	0.143391	0.673838	0.779144	0.79202	0.821083	0.857354	0.906482	0.995494	1.09517	1.19894	1.30602	1.41558	1.52748	1.47347	1.45067	1.55942	1.66741	1.81643	1.95011	2.06499	2.1753	2.30986	2.43942	2.53538	2.5806	2.62084	2.65504	2.66518	2.66875	2.68347	2.70769	2.74575	2.79817	2.86634	3.01382	3.20355	3.42042	3.67599	3.97159	4.3092	4.68541	5.09903	5.49816	5.83322	6.2716	6.81295	7.45439	8.20323	8.84501	9.50442	10.1641	11.1748	12.1972	13.6731	15.4244	17.8136	20.4455	24.8527	28.2619	32.5884	37.9868	45.9763	55.3186	67.1926	85.6319	104.317	127.416	152.317	196.795	213.812	236.428	218.024	189.387	154.377	125.837	91.9376	75.8649	62.2419	51.2575	41.5357	34.1056	28.8395	25.5597	23.037	20.4901	19.2649	15.8313	15.1718	13.1247	11.5973	10.5688	9.64224	8.8196	8.09762	7.2734	6.51449	5.90229	5.40526	5.00032	4.6626	4.30876	4.05574	3.9023	3.81276	3.74887	3.69441	3.56711	3.42706	3.29107	3.15621	3.02395	2.93189	2.90836	2.85395	2.7877	2.7236	2.66487	2.61501	2.51176	2.40679	2.29786	2.18764	2.07393	1.956	1.84192	1.73834	1.6438	1.55314	1.46513	1.3436	1.23459	1.139	1.0528	1.08088	0.92544	0.515652	0.438922	0.541664	0.680573	0.98582	0.95368	0.927898	0.893765	0.793337	0.698504	0.611624	0.531093	0.460945	0.394263	0.339591	0.296956	0.275189	0.271888	0.276818	0.29131	0.31299	0.340485	0.373137	0.408943	0.454691	0.477516	0.500998	0.440452	0.381072	0.324652	0.276445	0.259822	0.248949	0.282462	0.317846	0.356736	0.397482	0.401154	0.370096	0.360737	0.353777	0.34968	0.344854	0.343055	0.341434	0.345519	0.351875	0.359867	0.364815	0.354727	0.266562	0.182402	0.100556	0.0218192	-0.0484958	-0.105544	-0.134571	-0.080917	-0.118452	-0.183828	-0.236534	-0.279706	-0.302977	-0.238102	-0.164543	-0.0817746	0.0087836	0.101603	0.113706	0.0921518	0.0685249	0.0449361	0.0202776	-0.00517416	-0.0459086	-0.0360752	-0.0199997	-0.00743189	0.0431743	0.0700766	0.0954406	-0.00817569	-0.115138	-0.209046	-0.240745	-0.249955	-0.246208	-0.229532	-0.202644	-0.163076	-0.119516	-0.0787613	-0.0547285	-0.369963	-0.385212	-0.406747	-0.434738	-0.472118	-0.51685	-0.570322	-0.619548	-0.608357	-0.493672	-0.200641	-0.194211	-0.251184	-0.309341	-0.374372	-0.448837	-0.546671	-0.728548	-0.826966	-0.794491	-0.719622	-0.659937	-0.60007	-0.5371	-0.451447	-0.281999	-0.188037	-0.104636	-0.0303942	0.0366167	0.0891846	0.135944	0.18139	0.242365	0.259307	0.23023	0.204476	0.174398	0.139594	0.0180504	-0.251534	-0.364721	-0.45259	-0.521179	-0.561479	-0.307284	-0.268967	-0.220182	-0.180925	-0.135561	-0.154221	-0.168529	-0.183375	-0.192437	-0.202829	-0.206059	-0.211546	-0.239983	-0.272269	-0.304342	-0.322191	-0.38201	-0.380992	-0.366738	-0.354131	-0.333921	-0.315123	-0.290114	-0.266307	-0.238802	-0.211841	-0.1836	-0.155667	-0.128521	-0.101326	-0.0770665	-0.052697	-0.0331479	-0.00712444	0.0109651	0.0270013	0.0237347	0.0137696	-0.0293336	-0.0650881	-0.104999	-0.1373	-0.175357	-0.182087	-0.190944	-0.187519	-0.176682	-0.181996	-0.190481	-0.194406	-0.0998406	-0.0762704	-0.0476773	-0.0198708	0.0118923	0.00105101	-0.157434	-0.216269	-0.227309	-0.168878	-0.0448173	0.00507599	-0.062217	-0.0915587	-0.145218	-0.187027	-0.255628	-0.276106	-0.293812	-0.307261	-0.262116	-0.224781	-0.199742	-0.189015	-0.225816	-0.234563	-0.215123	-0.175194	-0.121481	-0.0974857	-0.140601	-0.160557	-0.178694	-0.198669	-0.215941	-0.225162	-0.236651	-0.239659	-0.238765	-0.217643	-0.199576	-0.196272	-0.161912	-0.160924	-0.151606	-0.150958	-0.150737	-0.149886	-0.154958	-0.152865	-0.169384	-0.166231	-0.172709	-0.171551	-0.186269	-0.159623	-0.136106	-0.102758	-0.065355	-0.0268109	0.0266786	0.0572554	0.0297805	0.00173322	-0.019406	-0.0362465	-0.0513848	-0.0651622	-0.0768026	-0.0857778	-0.0948742	-0.100297	-0.107187	-0.109804	-0.114623	-0.114901	-0.117748	-0.116035	-0.117072	-0.113674	-0.11311	-0.108309	-0.106347	-0.100343	-0.0970685	-0.0971532	-0.0910683	-0.0852082	-0.0776853	-0.0699333	-0.0608585	-0.0524749	-0.0491609	-0.0493494	-0.045481	-0.0400885	-0.0233908	-0.00112228	0.00567419	0.0126114	0.0181393	0.022175	0.025795	0.0282532	0.0294266	0.0301214	0.0284906	0.0277726	0.0251142	0.0238377	0.0209477	0.0193669	0.0166586	0.0149552	0.0127619	-0.0140011	-0.0429015	-0.0697403	-0.095115	-0.118074	-0.139898	-0.158901	-0.177214	-0.193247	-0.208397	-0.221644	-0.233847	-0.244487	-0.253944	-0.262181	-0.269118	-0.275321	-0.279933	-0.284201	-0.286629	-0.289014	-0.28932	-0.289709	-0.287875	-0.28558	-0.2812	-0.275966	-0.269207	-0.26132	-0.252386	-0.2423	-0.231604	-0.219942	-0.207956	-0.195331	-0.182467	-0.16953	-0.156677	-0.144087	-0.131958	-0.120426	-0.109621	-0.0996349	-0.100428	-0.139949	-0.170776	-0.199978	-0.190277	-0.20627	-0.212887	-0.227796	-0.236885	-0.251315	-0.259427	-0.272011	-0.280141	-0.288172	-0.294148	-0.294863	-0.294996	-0.283865	-0.26926	-0.241119	-0.200282	-0.153355	-0.0983574	-0.0997927	-0.100319	-0.0998546	-0.0983478	-0.0957511	-0.0920309	-0.107117	-0.112068	-0.100204	-0.0838212	-0.0949911	-0.124656	-0.135307	-0.135566	-0.126302	-0.124127	-0.0495904	0.0143359	0.0359043	0.0487337	0.0615789	0.0743675	0.086891	0.0993819	0.111288	0.123311	0.134444	0.145922	0.148721	0.161393	0.171819	0.14497	0.0318524	-0.0782636	-0.192449	-0.303275	-0.405688	-0.499521	-0.579752	-0.581664	-0.612478	-0.557918	-0.493586	-0.417069	-0.335334	-0.254295	-0.16553	-0.076218	0.0116122	0.0981804	0.174682	0.215923	0.256454	0.284038	0.270976	0.242327	0.210069	0.139073	0.103238	0.0660376	0.0372968	0.012982	-0.00857225	-0.0162983	-0.00569258	-0.00798768	-0.0511452	-0.0883196	-0.121067	-0.11845	-0.12715	-0.1269	-0.111129	-0.091543	-0.0690173	-0.0448578	-0.0208095	0.00119266	0.0198453	0.0400301	0.056904	0.0632911	0.0696098	-0.0780099	-0.229826	-0.413955
0	20	4.67356	4.64902	4.65393	4.64497	4.53198	4.47171	4.47173	4.47777	4.44313	4.43148	4.35948	4.30996	4.28235	4.2604	4.20997	4.14415	4.07828	4.0166	3.9561	3.9035	3.8537	3.8034	3.75424	3.70692	3.65757	3.61165	3.51095	3.38675	3.28177	3.20477	3.13917	3.10639	3.13121	3.16624	3.18656	3.19204	3.14485	3.10075	3.052	3.00894	2.95034	2.90444	2.87102	2.83955	2.82287	2.81477	2.80764	2.80343	2.80402	2.84218	2.88254	2.77454	2.63343	2.5417	2.5217	2.5241	2.56869	2.61516	2.66364	2.56507	2.46141	2.36446	2.25411	2.1533	2.04112	1.94867	1.84301	1.83707	1.82535	1.83034	1.8431	1.8644	1.88297	1.91366	1.94054	1.97019	1.99841	2.01279	2.03609	2.06058	2.05713	1.98226	1.94211	1.88832	1.82728	1.74247	1.70202	1.65508	1.61418	1.5794	1.54419	1.51591	1.48845	1.54125	1.5337	1.53713	1.52829	1.52254	1.51154	1.50358	1.48688	1.45563	1.44503	1.4178	1.4094	1.37934	1.34851	1.35056	1.35085	1.35503	1.36126	1.36732	1.37777	1.34032	1.23777	1.21798	1.16347	1.1405	1.1527	1.21511	1.28313	1.44402	1.49851	1.49307	1.48396	1.47398	1.45827	1.44347	1.40921	1.37575	1.33877	1.31315	1.27665	1.2495	1.21872	1.19124	1.16456	1.14251	1.11681	1.09816	1.07347	1.07582	1.08548	1.07937	1.06414	1.05745	1.04586	1.03784	1.02688	1.02023	1.01114	1.00616	0.999162	0.995348	0.991003	0.988359	0.988393	0.988721	0.990742	1.00023	1.0113	1.02866	1.04581	1.06507	1.08767	1.04782	0.986698	0.957522	0.941214	0.959038	0.955431	0.980498	0.990541	1.03517	1.08236	1.11189	1.14225	1.13534	1.14089	1.11753	1.09342	1.09088	1.12022	1.09243	1.05437	1.0184	0.988138	1.00006	1.04709	1.06047	1.08231	1.09631	1.10979	1.11908	1.13177	1.04428	1.03463	1.02779	1.0227	1.01601	1.01886	1.01563	1.02166	1.01712	1.07026	1.06923	1.05794	1.05072	1.03741	1.02311	1.00694	0.985291	0.967744	0.938587	0.9046	0.879064	0.851428	0.813969	0.792872	0.777357	0.759804	0.746453	0.73158	0.720758	0.714562	0.706371	0.720058	0.717813	0.726308	0.753805	0.777267	0.777594	0.779921	0.778113	0.779607	0.77702	0.778046	0.774611	0.773784	0.767308	0.751749	0.746434	0.72242	0.719228	0.712941	0.710792	0.711969	0.705506	0.726359	0.752726	0.782077	0.856959	0.904034	0.94621	0.988186	1.03645	0.963954	0.888382	0.859701	0.828554	0.858719	0.873694	0.917112	0.941155	0.86943	0.785404	0.702858	0.616662	0.536483	0.452244	0.379255	0.326265	0.311072	0.272226	0.251309	0.239334	0.246736	0.25716	0.313828	0.402823	0.478522	0.532367	0.588489	0.654526	0.740738	0.831717	0.908571	0.964476	0.955344	0.882514	0.808755	0.718263	0.672487	0.589994	0.41711	0.29137	0.210764	0.157513	0.168938	0.217707	0.279253	0.326681	0.365424	0.42613	0.503059	0.536184	0.551857	0.573147	0.375009	0.331432	0.315727	0.349666	0.408128	0.442594	0.497415	0.552879	0.598657	0.612285	0.561314	0.552377	0.502462	0.423157	0.370645	0.341154	0.339176	0.305412	0.248976	0.213329	0.25058	0.24498	0.309729	0.338676	0.468706	0.466145	0.419913	0.362774	0.291941	0.252387	0.199095	0.161049	0.146187	0.150575	0.20572	0.239863	0.208803	0.173521	0.157498	0.145376	0.196019	0.219007	0.235167	0.285094	0.346723	0.271207	0.138791	0.00430829	-0.0896497	-0.169962	-0.225766	-0.227842	-0.190987	-0.199249	-0.158595	-0.198062	-0.345324	-0.219526	-0.0675214	0.124486	0.351184	0.593887	0.81271	0.967296	0.961601	0.870936	0.853512	0.788958	0.757384	0.748669	0.741432	0.760542	0.787695	0.842056	0.705411	0.719012	0.77864	0.856938	0.9498	1.09383	1.24643	1.27628	1.26597	1.22771	1.16898	1.05272	0.951526	0.829256	0.70529	0.578529	0.449394	0.350147	0.273416	0.284567	0.336872	0.382201	0.455556	0.532194	0.628954	0.706234	0.770133	0.799163	0.817205	0.830378	0.836379	0.8219	0.795347	0.765924	0.736086	0.699885	0.662443	0.622467	0.579731	0.545446	0.509382	0.482893	0.47777	0.484114	0.480778	0.479573	0.481665	0.496679	0.579206	0.675316	0.777265	0.810942	0.927609	1.06537	1.20891	1.34687	1.46672	1.56814	1.60078	1.61918	1.62152	1.62262	1.62029	1.61483	1.60412	1.57829	1.55907	1.54631	1.57228	1.59866	1.68755	1.8157	1.96144	2.10274	2.24635	2.39483	2.42884	2.42458	2.41461	2.36185	2.34406	2.44723	2.65547	2.84894	3.08434	3.29351	3.48246	3.709	3.98484	4.24951	4.48401	4.73984	4.91339	5.17022	5.50126	5.84526	6.37655	6.92719	7.54012	8.18121	9.00328	9.90228	10.9705	12.2154	13.4624	14.8113	16.396	18.4977	21.0189	24.0495	27.7904	32.5873	38.1821	44.4146	52.4691	65.7881	78.261	98.053	124.589	151.149	187.129	209.012	216.153	206.975	179.395	137.886	123.535	97.0336	74.2634	64.3522	48.1147	42.5025	35.2528	29.5249	25.2653	20.9406	19.7616	16.0669	14.3472	13.1701	11.7764	10.9147	9.91791	9.17747	8.43549	7.83098	7.24006	6.71492	6.21223	5.74619	5.33452	4.95448	4.61102	4.3	4.00389	3.74091	3.49399	3.2802	3.09081	2.93043	2.79074	2.67487	2.58695	2.51893	2.47435	2.44725	2.43506	2.44717	2.46911	2.45982	2.39394	2.34951	2.31808	2.26326	2.10432	1.93778	1.7799	1.62085	1.47702	1.34959	1.22351	1.09617	0.983261	0.972208	1.00648	1.04588	1.09857	1.1683	1.22454	1.25853	1.25035	1.23916	1.19477	1.15561	1.0992	1.0448	0.990978	0.929456	0.873282	0.823922	0.769153	0.726967	0.685091	0.654103	0.636229	0.607055	0.596757	0.587048	0.582921	0.577073	0.576868	0.576308	0.57925	0.582175	0.589299	0.597825	0.599169	0.612532	0.616045	0.613539	0.605125	0.607713	0.575071	0.550016	0.511178	0.4621	0.423537	0.368488	0.326881	0.277432	0.236965	0.190446	0.15359	0.107401	0.0767356	0.0411317	0.0402259	0.03743	0.109914	0.137462	0.179397	0.229048	0.28361	0.3353	0.36933	0.429141	0.424516	0.4138	0.359102	0.328365	0.292954	0.240327	0.190683	0.199947	0.222736	0.244487	0.328904	0.393837	0.460352	0.501136	0.544924	0.597981	0.603026	0.47852	0.393223	0.323842	0.257607	0.190749	0.176273	0.101406	0.0506914	-0.00338234	-0.0993378	-0.0940476	-0.0809493	-0.0252103	0.0351947	0.0835117	0.132567	0.16939	0.24917	0.326855	0.416386	0.500417	0.456631	0.409254	0.362192	0.318561	0.273553	0.23049	0.189257	0.14946	0.114372	0.0811899	0.0534801	0.0754538	0.0672378	0.0622226	0.0561073	0.0487842	0.0488601	0.0439797	0.0512458	0.0543609	0.0640921	0.0852608	0.103213	0.118337	0.154909	0.206978	0.254764	0.313953	0.370769	0.385844	0.354576	0.350826	0.344677	0.379202	0.398044	0.448105	0.52719	0.524663	0.446322	0.393584	0.25912	-0.00902382	-0.254623	-0.375159	-0.181876	-0.149155	-0.115118	-0.0842104	-0.0294783	-0.0115861	0.007511	0.0197002	0.0339414	0.0381044	0.0454043	0.040719	0.0397056	0.030127	0.0243008	0.0183061	0.0134064	0.0118092	0.0290289	0.0215334	0.0106538	0.00147746	-0.00892195	-0.0207742	-0.0262775	-0.0345704	-0.0370988	-0.0433909	-0.041641	-0.038617	-0.0330788	-0.0247044	-0.0153634	-0.000681895	0.0122995	0.0311468	0.0474496	0.0673504	0.0867337	0.0956446	0.111915	0.124158	0.147416	0.162735	0.187157	0.204737	0.229982	0.249534	0.271512	0.297592	0.32118	0.345088	0.367648	0.386664	0.405521	0.416344	0.374208	0.322027	0.307573	0.343451	0.359327	0.330481	0.214719	0.128058	-0.0799297	-0.436223	-0.888149	-0.543543	0.175295	0.470939	0.481504	0.600732	0.613324	0.531467	0.363181	0.275253	0.178144	0.158004	0.0315458	-0.00313658	0.0001718	0.0244103	0.0423306	0.0433208	0.0416642	0.0539059	0.133657	0.190156	0.214874	0.220253	0.222186	0.210676	0.23349	0.429602	0.482338	0.516402	0.554054	0.529818	0.502885	0.468509	0.423865	0.385311	0.333704	0.288186	0.239079	0.205602	0.202503	0.204322	0.216981	0.226559	0.253943	0.27893	0.304521	0.322592	0.333966	0.350256	0.363412	0.361443	0.336369	0.284371	0.24587	0.181699	0.123281	0.065755	0.0234206	-0.0641443	-0.0799277	-0.0900759	-0.0901725	-0.0483375	-0.00520689	0.0207665	0.0615854	0.0965776	0.136694	0.171052	0.206832	0.239737	0.266568	0.297495	0.290888	0.299965	0.299079	0.307666	0.299581	0.334871	0.366371	0.401398	0.440998	0.47695	0.517345	0.533939	0.5576	0.555592	0.545327	0.401902	0.288177	0.181844	0.0693976	-0.0331819	-0.120809	-0.206938	-0.228789	-0.238569	-0.239952	-0.238278	-0.230958	-0.21983	-0.202724	-0.186016	-0.163148	-0.143125	-0.118426	-0.0972439	-0.0748357	-0.0543269	-0.0398442	-0.0212624	-0.0149749	0.00163881	0.00206631	-0.0175165	-0.00310539	0.0104518	0.0280562	0.0426128	0.0631181	0.0801448	0.103481	0.123963	0.143071	0.168505	0.21657	0.217145	0.214166	0.211302	0.203778	0.196071	0.18174	0.169085	0.147685	0.0906228	0.0723082	0.0518274	0.0406269	0.0259719	0.0207905	0.0122968	0.0323649	0.045395	0.0604341	0.0556114	0.086512	0.112768	0.144901	0.17417	0.206279	0.237808	0.268258	0.301006	0.326299	0.352324	0.374695	0.350365	0.34913	0.354803	0.355644	0.284122	0.176059	0.0681206	-0.0261937	-0.117926	-0.208568	-0.296745	-0.39112	-0.427488	-0.376014	-0.331052	-0.27786	-0.218311	-0.154841	-0.0928992	-0.0281305	0.0330008	0.098549	0.154928	0.216417	0.266234	0.283814	0.315261	0.336616	0.362271	0.385516	0.395643	0.400196	0.404396	0.402022	0.399827	0.391146	0.381315	0.367082	0.349694	0.330996	0.307902	0.285442	0.260034	0.237049	0.201239	0.162785	0.153195	0.142403	0.133594	0.129865	0.171796	0.196166	0.207468	0.233335	0.246667	0.270565	0.240347	0.209111	0.170536	0.0394543	-0.0336409	-0.113644	-0.175761	-0.251142	-0.303807	-0.338815	-0.293513	-0.248635	-0.195376	-0.137197	-0.0763763	-0.0235074	0.0325734	0.0863353	0.121941	0.162636	0.153387	0.136883	0.0941756	0.06429	0.0168094	-0.0370771	-0.0927602	-0.157849	-0.228273	-0.303813	-0.377061	-0.455637	-0.524914	-0.497171	-0.432227
20	-20	4.49411	4.91083	4.75561	4.56811	4.42683	4.33577	4.28326	4.2598	4.25075	4.24523	4.18439	4.09801	4.00675	3.93452	3.87505	3.83148	3.81062	3.80579	3.82934	3.87602	3.96146	3.86298	3.89559	3.8582	3.8176	3.78292	3.74126	3.70874	3.66856	3.63795	3.60122	3.23513	3.13157	3.06565	3.02576	2.99662	2.96449	2.94008	2.90316	2.85113	2.81018	2.8142	2.83144	2.84632	2.87411	2.89789	2.91697	2.88685	2.85791	2.83237	2.80723	2.85313	2.84995	2.86931	2.88625	2.83907	2.74845	2.68285	2.62201	2.55799	2.5057	2.4527	2.40652	2.36888	2.36977	2.36535	2.38105	2.37612	2.36299	2.34153	2.29298	2.24509	2.20101	2.1407	2.08192	2.01303	1.94995	1.89144	1.93997	1.974	2.00661	1.99647	1.95248	1.88614	1.7996	1.68526	1.60205	1.7094	1.85332	1.89626	1.88699	1.88015	1.86926	1.86248	1.85224	1.84471	1.83481	1.82566	1.81405	1.80251	1.78906	1.77529	1.76014	1.69536	1.64303	1.57437	1.571	1.57427	1.59585	1.62285	1.61299	1.5922	1.57142	1.55007	1.52923	1.50798	1.48778	1.46704	1.44857	1.43065	1.41427	1.39917	1.38541	1.32112	1.26153	1.24063	1.26485	1.2836	1.30101	1.2681	1.22323	1.18838	1.13289	1.14318	1.1692	1.20511	1.25338	1.30559	1.40045	1.62015	1.55198	1.47766	1.39962	1.32499	1.25286	1.1935	1.12035	1.07082	1.03204	0.998397	0.97451	0.938448	0.93903	0.937281	0.944978	0.950548	0.963976	0.975961	0.993233	1.01011	1.02909	1.04923	1.06796	1.08967	1.11009	1.13703	1.14773	1.16579	1.18262	1.20682	1.19586	1.17776	1.15691	1.12857	1.10737	1.07941	1.05549	1.02343	0.989071	0.957349	0.912403	0.886396	0.857049	0.832166	0.779607	0.778179	0.78305	0.786668	0.835988	0.864101	0.896733	0.926244	0.966968	1.01053	1.04655	1.09892	1.13174	1.16149	1.18912	1.21513	1.23674	1.25829	1.25005	1.24744	1.2346	1.21552	1.19757	1.16792	1.18201	1.21879	1.22833	1.21968	1.21119	1.20092	1.19236	1.18178	1.17227	1.16297	1.15283	1.14521	1.13464	1.12864	1.11771	1.11258	1.11519	1.11366	1.11249	1.10762	1.10142	1.09638	1.08793	1.0779	1.069	1.05795	1.04155	1.03671	1.02612	1.021	1.01134	1.0076	1.00085	0.998641	0.99564	0.994396	0.997743	0.999397	0.999339	0.989825	1.00214	0.978449	0.95574	0.926643	0.895817	0.860039	0.762968	0.712237	0.619956	0.596773	0.565184	0.548472	0.534281	0.578597	0.592642	0.616527	0.650507	0.714011	0.727694	0.745498	0.758695	0.768698	0.780142	0.760366	0.74417	0.727204	0.715352	0.697443	0.684483	0.670638	0.654465	0.655948	0.651651	0.656757	0.655829	0.663118	0.665367	0.68792	0.694658	0.715218	0.72517	0.72819	0.731716	0.728634	0.72271	0.704188	0.692621	0.672996	0.613196	0.565333	0.519391	0.461538	0.390697	0.323519	0.252917	0.181306	0.107112	0.0688872	0.000201897	-0.0429175	-0.0719405	-0.0745938	-0.0685717	-0.0666588	-0.0623885	-0.0407677	-0.0212051	0.00330155	0.0355738	0.0770823	0.088789	0.107126	0.116773	0.0746003	0.0456712	0.0168362	-0.0047166	-0.0429724	-0.0654686	-0.0818974	-0.0897928	-0.0800964	-0.00390691	0.0828583	0.174523	0.266474	0.339038	0.373918	0.382612	0.461045	0.391094	0.314226	0.252572	0.114434	0.102358	0.0933078	0.0965581	0.0992871	0.110345	0.12049	0.135226	0.149239	0.164798	0.179935	0.194177	0.208386	0.219645	0.231484	0.238407	0.246728	0.248977	0.253566	0.23871	0.236274	0.230339	0.225684	0.218354	0.213019	0.205738	0.200743	0.194051	0.189827	0.184168	0.181123	0.176977	0.1755	0.173375	0.173827	0.174109	0.176819	0.179896	0.185152	0.191839	0.199852	0.210631	0.225653	0.241753	0.261205	0.282466	0.30532	0.329622	0.355171	0.381804	0.409336	0.43758	0.470043	0.500424	0.529416	0.558927	0.587337	0.613387	0.639203	0.6644	0.688103	0.711127	0.735586	0.756554	0.715964	0.703316	0.687277	0.667664	0.643361	0.610493	0.578306	0.551415	0.504701	0.490792	0.484433	0.478928	0.475546	0.572348	0.608976	0.643764	0.6719	0.703672	0.734332	0.762653	0.789493	0.813971	0.842669	0.877175	0.887964	0.898156	0.906484	0.916286	0.922484	0.934192	0.944146	0.958912	0.973747	0.992541	1.01341	1.03727	1.06527	1.09523	1.1314	1.16851	1.21383	1.25916	1.31445	1.3691	1.43507	1.50003	1.57712	1.65339	1.7419	1.83761	1.92366	2.01454	2.13458	2.25945	2.40833	2.55458	2.67951	2.82159	2.95675	3.10205	3.25308	3.4091	3.57535	3.7506	3.93765	4.13838	4.35578	4.58475	4.95485	5.26016	5.601	5.96219	6.35882	6.79093	7.31252	7.83319	8.43299	9.08566	9.87681	10.8366	12.4208	13.8537	15.6512	17.8536	20.4793	23.5117	26.3434	29.802	34.0687	40.4019	47.1978	56.6676	67.4623	85.1258	106.014	130.286	158.378	209.562	229.294	242.278	221.555	189.712	161.813	128.107	96.9831	80.4902	63.8882	57.084	40.8322	38.2214	32.9766	27.6927	22.8736	18.7267	18.4738	17.3335	14.345	12.9168	11.6082	10.4861	9.51258	8.69359	7.98262	7.29783	6.77355	6.38505	6.02741	5.70282	5.39503	5.08838	4.79316	4.51159	4.24246	3.98616	3.7415	3.50918	3.28711	3.07708	2.878	2.69602	2.52896	2.3802	2.24395	2.12244	2.00296	1.91225	1.83685	1.76759	1.71232	1.66153	1.62169	1.57958	1.5497	1.52985	1.50737	1.48884	1.46571	1.44332	1.41842	1.39443	1.36933	1.31669	1.26442	1.173	0.991787	0.851438	0.76557	0.821323	0.852612	0.887108	0.919473	0.954247	0.993012	1.00282	0.974769	0.935222	0.887846	0.82874	0.766522	0.705826	0.647957	0.594538	0.546718	0.505834	0.475808	0.451832	0.499823	0.535307	0.575937	0.638171	0.734963	0.787176	0.76744	0.658558	0.506801	0.377344	0.243688	0.0963288	-0.132963	-0.227885	-0.302124	-0.326236	-0.35207	-0.204767	-0.041236	0.138523	0.334368	0.471804	0.428592	0.37976	0.343528	0.331888	0.332022	0.333652	0.421593	0.348772	0.27717	0.206781	0.132001	0.101659	0.0526632	0.0184242	-0.0207716	-0.0466607	-0.0618382	-0.0721641	-0.077687	-0.0771863	-0.0695745	-0.0549448	-0.0328773	-0.0222975	-0.0146021	-0.0100128	-0.006764	-0.00579649	-0.00459909	-0.00616514	-0.00870928	-0.0251365	-0.0609424	-0.0736528	-0.104734	-0.116252	-0.121776	-0.130641	-0.134629	-0.139509	-0.124478	-0.112291	-0.101106	-0.0921434	-0.0832287	-0.0772705	-0.0721427	-0.0697885	-0.0691004	-0.0709147	-0.0736985	-0.0811365	-0.0895499	-0.102893	-0.106122	-0.130676	-0.137201	-0.174756	-0.208061	-0.248922	-0.288684	-0.331003	-0.375262	-0.416272	-0.460998	-0.502883	-0.541737	-0.609655	-0.59863	-0.585091	-0.514085	-0.444824	-0.391096	-0.334083	-0.257678	-0.195778	-0.152574	-0.118527	-0.0828062	-0.101516	-0.101572	-0.106334	-0.113282	-0.119299	-0.129903	-0.141327	-0.152199	-0.166683	-0.178304	-0.18775	-0.20232	-0.208841	-0.227846	-0.248006	-0.267942	-0.288548	-0.308153	-0.322103	-0.340309	-0.354933	-0.367529	-0.381273	-0.393078	-0.400811	-0.396442	-0.393473	-0.397504	-0.365054	-0.323631	-0.243839	-0.163508	-0.0933668	-0.0340513	0.0941328	0.117165	0.130062	0.134696	0.13767	0.0846071	0.0539677	0.0162126	-0.0154458	-0.046826	-0.0759648	-0.106151	-0.131014	-0.15787	-0.1773	-0.179604	-0.194476	-0.203378	-0.214167	-0.224058	-0.232216	-0.240159	-0.245663	-0.250722	-0.253199	-0.253927	-0.253018	-0.2496	-0.245396	-0.238204	-0.230942	-0.220488	-0.210529	-0.197515	-0.185474	-0.171674	-0.158902	-0.145623	-0.132663	-0.120269	-0.107521	-0.0971303	-0.0872776	-0.0790547	-0.0715153	-0.0651503	-0.0595495	-0.0548457	-0.0506901	-0.04755	-0.0445473	-0.0430214	-0.0408568	-0.0388303	-0.0406879	-0.0411247	-0.0430589	-0.0423891	-0.040036	-0.0547654	-0.0665778	-0.083533	-0.0978446	-0.1163	-0.13262	-0.151673	-0.169181	-0.1878	-0.205562	-0.222399	-0.238948	-0.252348	-0.26589	-0.27412	-0.282773	-0.288231	-0.288794	-0.282993	-0.269271	-0.254352	-0.212644	-0.117978	-0.0413547	0.0314003	0.104325	0.173512	0.247411	0.315569	0.373632	0.420743	0.463144	0.371849	0.30657	0.229764	0.151322	0.0659306	-0.015606	-0.090826	-0.154419	-0.236104	-0.200025	-0.167626	-0.12401	-0.0730976	-0.0184449	0.0349751	0.0850115	0.122253	0.165949	0.204903	0.25698	0.263866	0.218131	0.173188	0.121801	0.066181	0.00844104	-0.0479662	-0.107114	-0.164958	-0.219187	-0.275581	-0.328413	-0.37826	-0.425085	-0.470381	-0.497162	-0.527423	-0.553031	-0.5747	-0.591487	-0.601307	-0.610264	-0.615364	-0.622577	-0.617997	-0.619321	-0.60381	-0.586056	-0.563064	-0.538595	-0.509392	-0.479241	-0.445125	-0.40937	-0.372866	-0.334282	-0.295133	-0.255013	-0.214426	-0.174025	-0.13314	-0.095538	-0.0574757	-0.0210315	0.0111709	0.0434209	0.0710439	0.0981048	0.120432	0.13613	0.140355	0.15188	0.158598	0.163872	0.171339	0.169657	0.162596	0.15509	0.15659	0.153813	0.133304	0.114136	0.0900472	0.0686858	0.041532	0.0166506	-0.0128107	-0.0421091	-0.0725561	-0.10314	-0.133143	-0.163613	-0.191578	-0.220395	-0.244566	-0.269939	-0.28835	-0.313346	-0.327212	-0.344597	-0.33416	-0.316042	-0.254731	-0.201578	-0.165481	-0.291791	-0.0827578	-0.0367244	0.0116366	0.0522698	0.0843559	0.120712	0.118361	0.11276	-0.00225212	-0.0495954	-0.119644	-0.176426	-0.239377	-0.322627	-0.350318	-0.379493	-0.35062	-0.336989	-0.325123	-0.302038	-0.267046	-0.236666	-0.217189	-0.1901	-0.146003	-0.142267	-0.141301	-0.138618	-0.144542	-0.177876	-0.189388	-0.215707	-0.225459	-0.237476	-0.254456	-0.256057	-0.286416	-0.257361	-0.222874	-0.1896	-0.133894	-0.0763593	-0.0331805	0.0198515	0.0707113	0.118817	0.163926	0.200493	0.240566	0.269571	0.30294	0.327367	0.348514	0.346848	0.346463	0.343307	0.325382	0.311456	0.295742	0.273135	0.246309	0.217706	0.187205	0.153474	0.128788	0.0840864	0.0396712	-0.00723126	-0.0542343	-0.102141	-0.150983	-0.199031	-0.248901	-0.294898	-0.343973	-0.389116	-0.434643	-0.466552	-0.515478	-0.514833	-0.497843	-0.46871	-0.380274	-0.330943	-0.287497	-0.234176	-0.184028	-0.129313	-0.074364	-0.0199577	0.0327877	-0.00537937	-0.0104051	-0.0352995	-0.0415673	-0.054032	-0.067644	-0.0696981	-0.0847845	-0.0760797	-0.0861354
20	0	4.04633	4.11504	4.59132	4.97557	5.16416	4.99147	4.93641	4.90001	4.87597	4.86465	4.7775	4.65112	4.54084	4.40038	4.35172	4.30301	4.26934	4.23471	4.20879	4.1836	4.13889	4.00558	3.8706	3.73627	3.59529	3.48232	3.35549	3.33976	3.34043	3.34991	3.37127	3.39428	3.42231	3.44195	3.46952	3.48506	3.41229	3.33838	3.26125	3.18504	3.10625	3.02615	2.92233	2.85366	2.8469	2.83083	2.85156	2.86972	2.83481	2.76013	2.67682	2.59893	2.51247	2.43114	2.34661	2.31012	2.26022	2.24591	2.36479	2.59809	2.7544	2.71524	2.67663	2.63421	2.59117	2.54643	2.49966	2.45374	2.40474	2.35398	2.29435	2.24882	2.2029	2.16136	2.12401	2.08906	2.05733	2.02734	1.99983	1.97325	1.94555	1.92094	1.89388	1.87024	1.84821	1.82863	1.80783	1.80613	1.76471	1.68591	1.66848	1.64646	1.59914	1.53599	1.4903	1.43199	1.3781	1.28443	1.26356	1.24922	1.23906	1.23129	1.22835	1.19924	1.11063	1.03405	0.978882	0.931038	0.953939	0.995653	1.09964	1.19951	1.30298	1.41124	1.51754	1.53925	1.55323	1.57207	1.5879	1.60559	1.62311	1.63939	1.65732	1.6716	1.68545	1.66248	1.55901	1.44277	1.3324	1.21928	1.11394	1.01137	0.977233	1.03747	1.10294	1.18103	1.26095	1.34308	1.42763	1.5057	1.54938	1.49112	1.43373	1.35168	1.28536	1.25264	1.2286	1.20388	1.18518	1.22055	1.17069	1.12223	1.05816	1.03902	1.04596	1.05191	1.06036	1.07639	1.0888	1.1108	1.13441	1.15637	1.18341	1.20724	1.23471	1.26977	1.29334	1.32697	1.32971	1.31576	1.29691	1.27524	1.25096	1.22238	1.18927	1.1498	1.10859	1.05354	0.997938	0.929623	0.85383	0.785226	0.767082	0.820917	0.894636	0.988623	1.08812	1.18732	1.30393	1.40172	1.4815	1.56273	1.57518	1.52099	1.42712	1.30239	1.17186	1.04275	0.963932	0.884178	0.843054	0.808294	0.808084	0.778986	0.880813	0.998177	1.12805	1.27855	1.43287	1.5609	1.6683	1.77015	1.73871	1.69503	1.62732	1.55807	1.48335	1.40492	1.32833	1.25627	1.20504	1.159	1.103	1.1044	1.10191	1.11812	1.13753	1.15846	1.18461	1.21202	1.244	1.27376	1.31913	1.32279	1.32017	1.30885	1.31795	1.29808	1.25739	1.2149	1.17487	1.1381	1.08253	1.07043	1.066	1.06424	1.06242	1.04291	0.894169	0.736672	0.620672	0.829035	1.01359	1.17702	1.2453	1.22537	1.20906	1.18088	1.12285	1.06207	1.00441	0.947422	0.88166	0.833468	0.793893	0.753383	0.718259	0.686755	0.684221	0.66341	0.658589	0.676123	0.693269	0.69336	0.703627	0.705552	0.71453	0.714801	0.718338	0.71193	0.713072	0.670478	0.624455	0.62464	0.624527	0.628936	0.633564	0.638227	0.691344	0.706119	0.747801	0.676161	0.590581	0.500326	0.432343	0.382499	0.492396	0.431414	0.350627	0.331124	0.311021	0.305908	0.300217	0.355841	0.396087	0.467061	0.485308	0.50896	0.529306	0.545543	0.405203	0.291382	0.214251	0.175591	0.171607	0.166891	0.266074	0.389617	0.528635	0.621716	0.645908	0.677491	0.715621	0.768665	0.80666	0.837826	0.85648	0.879888	0.85745	0.77763	0.72133	0.673175	0.634334	0.601752	0.574111	0.542538	0.526739	0.512662	0.500127	0.48706	0.48105	0.450737	0.413955	0.409567	0.397496	0.375947	0.382506	0.406725	0.437172	0.446728	0.444751	0.458956	0.450058	0.444598	0.436013	0.431147	0.423247	0.419102	0.412611	0.408084	0.401949	0.399989	0.399742	0.400492	0.330173	0.270526	0.223755	0.158082	0.11022	0.106805	0.176427	0.235091	0.287944	0.348274	0.407766	0.471184	0.532197	0.591396	0.652962	0.701986	0.757937	0.80094	0.818652	0.818553	0.814729	0.691919	0.564613	0.456341	0.508075	0.545141	0.571208	0.541754	0.499931	0.474876	0.438062	0.431903	0.496691	0.480809	0.477265	0.465566	0.485352	0.496518	0.531604	0.563155	0.607677	0.654295	0.703305	0.752428	0.722281	0.58351	0.444411	0.347419	0.281295	0.238594	0.201704	0.231432	0.34632	0.469309	0.617328	0.779445	0.938219	1.01969	1.06135	1.10546	1.15008	1.14085	1.10085	1.03954	0.991779	0.942246	0.908948	0.884691	0.901705	1.00008	1.11356	1.23523	1.36462	1.48978	1.61333	1.59396	1.5477	1.51327	1.48596	1.47033	1.46759	1.49149	1.54992	1.63476	1.75484	1.84814	1.82053	1.79572	1.77292	1.76256	1.7535	1.79125	1.8294	1.88573	1.95854	2.05158	2.14873	2.27507	2.42586	2.57132	2.74777	3.01423	3.23994	3.44685	3.59618	3.74441	3.91264	4.10964	4.37824	4.61421	4.76152	5.03405	5.40871	5.86877	6.38882	6.87072	7.48188	7.9866	8.80066	9.55541	10.6685	11.6999	12.9062	14.4041	16.3786	18.5396	21.236	24.1108	27.5394	32.2593	37.6103	42.2869	53.9519	65.9573	82.576	103.381	124.864	153.153	186.958	211.397	221.605	214.672	175.295	153.912	130.257	88.6234	75.504	62.9838	50.9884	42.7048	31.5737	30.3174	25.9294	21.2818	19.8145	17.1419	15.8447	14.5791	13.2688	11.7039	10.5948	9.48574	8.46432	7.5709	6.80883	6.22413	5.77149	5.4055	5.08972	4.82098	4.57189	4.3334	4.11315	3.95967	3.75153	3.47961	3.23861	3.01842	2.79839	2.6892	2.60361	2.53438	2.48176	2.44379	2.4178	2.39661	2.37655	2.3554	2.30606	2.21738	2.09501	1.97627	1.85995	1.74458	1.62875	1.5202	1.41081	1.31232	1.2137	1.12261	1.03753	0.988633	0.9184	0.845566	0.771801	0.747036	0.82841	1.05308	1.3294	1.32496	1.29702	1.22916	1.17353	1.14705	1.10993	1.11897	1.08078	0.986435	0.89743	0.80844	0.724679	0.648492	0.584644	0.593468	0.594329	0.607956	0.657458	0.71407	0.792408	0.855266	0.902447	0.930069	0.953764	0.983458	0.938893	0.873798	0.766392	0.651079	0.543714	0.435963	0.332371	0.23794	0.233486	0.234212	0.252546	0.275145	0.305549	0.335127	0.374091	0.412523	0.453407	0.49353	0.535488	0.573317	0.609676	0.590955	0.57085	0.551668	0.533748	0.518732	0.503634	0.495943	0.463372	0.419928	0.362527	0.325458	0.279609	0.223926	0.214672	0.209402	0.23662	0.310968	0.355404	0.325938	0.282155	0.250302	0.217384	0.187004	0.159094	0.13272	0.10878	0.0880208	0.0707853	0.0424983	0.0500758	0.0685645	0.134181	0.150615	0.193069	0.236632	0.283737	0.325835	0.379524	0.42145	0.457682	0.491836	0.521827	0.546975	0.565754	0.524042	0.460363	0.396874	0.325465	0.252077	0.178721	0.107113	0.0387597	-0.0262057	-0.0833998	-0.132163	-0.161712	-0.126933	-0.110642	-0.0446416	0.0282944	0.107588	0.190763	0.279153	0.370533	0.460188	0.436792	0.409423	0.36342	0.305992	0.238205	0.181308	0.132671	0.0459153	0.0188667	-0.0101393	-0.0269814	-0.00648348	0.0147124	0.0251306	0.0420853	0.0600486	0.0780169	0.100648	0.115523	0.133718	0.147463	0.158391	0.170104	0.140346	0.127605	0.11764	0.107022	0.102479	0.100979	0.0999876	0.110088	0.121589	0.116412	0.110712	0.10503	0.0984364	0.0916889	0.0778026	0.0303096	0.0194654	0.00215391	-0.00623092	-0.0246737	-0.0303998	-0.03121	-0.0239548	-0.0225963	-0.0122194	0.00331394	0.0205664	0.0320974	0.0526635	0.0688196	0.0894535	0.120724	0.138796	0.145968	0.157452	0.161782	0.180292	0.153423	0.131156	0.0704057	0.0320855	-0.0171377	-0.0907894	-0.143046	-0.192465	-0.240096	-0.290424	-0.324017	-0.295365	-0.296181	-0.291534	-0.250453	-0.196541	-0.124259	-0.0547561	0.0171657	0.0850003	0.159358	0.249535	0.0515277	-0.271378	-0.394713	-0.387815	-0.229923	-0.0239776	0.164568	0.128839	0.0941913	0.0615533	0.0394212	0.0103536	-0.00289609	-0.02339	3.3429e-005	0.0126801	0.0297779	0.050162	0.0649274	0.087619	0.110677	0.133628	0.163518	0.191223	0.219305	0.250816	0.277285	0.303436	0.326411	0.349367	0.370131	0.406726	0.419407	0.330044	0.235263	0.178576	0.0883865	0.0614473	0.114856	0.190363	0.243041	0.284164	0.317532	0.286324	0.244487	0.213422	0.191364	0.196316	0.206929	0.225585	0.24984	0.264302	0.268482	0.256814	0.270242	0.306286	0.336965	0.354839	0.345085	0.230124	0.114864	0.231048	0.345997	0.279348	0.1917	0.179151	0.179115	0.193752	0.220851	0.239985	0.260501	0.283863	0.314774	0.363628	0.43843	0.519064	0.540264	0.514259	0.466111	0.405711	0.346075	0.311851	0.289725	0.226238	0.206317	0.197128	0.187525	0.145191	0.104469	0.0351418	-0.0420575	-0.15638	-0.199658	-0.225289	-0.232927	-0.275004	-0.262561	-0.242897	-0.218456	-0.193122	-0.165368	-0.136617	-0.106968	-0.075973	-0.0478435	-0.0165546	0.0250543	0.0526675	0.0818793	0.103356	0.113831	0.136267	0.14587	0.152173	0.156833	0.159932	0.159406	0.159586	0.154504	0.152247	0.144259	0.13572	0.123925	0.118359	0.110519	0.105485	0.101087	0.0973211	0.095639	0.0937852	0.0944067	0.0931901	0.0991616	0.0975382	0.0894136	0.105815	0.129758	0.155217	0.2081	0.243713	0.275425	0.312718	0.344843	0.383458	0.418902	0.448355	0.454886	0.4611	0.466901	0.472203	0.476934	0.480928	0.455966	0.41552	0.373573	0.339399	0.301852	0.23446	0.216949	0.196615	0.180656	0.166837	0.152897	0.1467	0.191882	0.206171	0.216893	0.227652	0.235166	0.242116	0.246201	0.244748	0.245649	0.23746	0.234744	0.214541	0.198299	0.17861	0.157404	0.137537	0.112768	0.0836524	0.0573723	0.0295534	-0.000831086	-0.0334309	-0.068809	-0.10803	-0.143983	-0.183527	-0.221348	-0.262438	-0.305749	-0.370308	0.0131749	0.0724908	0.0889309	0.11288	0.137814	0.166926	0.199079	0.234593	0.270745	0.304751	0.344384	0.336751	0.282854	0.227367	0.168307	0.118155	0.0614853	0.0149678	-0.0387458	-0.0560296	-0.0991016	-0.0910751	-0.0757656	-0.0375982	0.00675733	0.0422086	0.0854586	0.155935	0.166262	0.174914	0.182944	0.18264	0.184036	0.135131	0.108259	0.0810107	0.0667475	0.0286703	0.0234098	0.0173804	0.0160167	0.0221331	0.0249013	0.069096	0.0817641	0.110316	0.128395	0.143643	0.154244	0.167038	0.171538	0.18068	0.180884	0.185698	0.177351	0.174125	0.135304	0.0955153	0.0651152	0.039833	-0.0342728	-0.236968	-0.44869	-0.69419
20	20	4.97442	5.20126	5.36625	5.18191	5.08842	5.00598	4.91281	4.82752	4.72417	4.59971	4.47178	4.3519	4.25486	4.18283	4.14524	4.0288	3.97697	3.93371	3.95848	4.01037	4.09191	4.11867	4.11744	4.14001	4.17973	4.15059	4.09567	3.9986	3.92407	3.78546	3.64164	3.52535	3.46079	3.42882	3.41837	3.40864	3.36562	3.30649	3.23144	3.17352	3.12309	3.07047	3.03016	2.9899	2.95778	2.92823	2.90702	2.89692	2.88016	2.77488	2.69288	2.65559	2.6794	2.73417	2.76428	2.76165	2.78987	2.77291	2.77004	2.73636	2.70774	2.67481	2.67173	2.63905	2.55112	2.4444	2.36042	2.28751	2.23964	2.24127	2.25116	2.27169	2.32599	2.27854	2.23554	2.19476	2.16204	2.1255	2.09665	2.06961	2.04372	2.02007	1.99752	1.95262	1.82657	1.68676	1.57971	1.51621	1.48936	1.50109	1.56676	1.64511	1.69658	1.73463	1.76576	1.80712	1.79759	1.7844	1.77114	1.75942	1.73644	1.7297	1.72736	1.72271	1.7237	1.72138	1.72393	1.72328	1.72364	1.72234	1.71806	1.71331	1.70211	1.69195	1.67253	1.6575	1.62507	1.56965	1.5006	1.40309	1.30113	1.21185	1.13032	1.11086	1.31433	1.49376	1.64488	1.71924	1.62546	1.41134	1.00162	1.34415	1.32037	1.30003	1.28033	1.26329	1.24536	1.23016	1.21274	1.19855	1.18168	1.16695	1.15193	1.1393	1.12201	1.1105	1.0931	1.06607	1.05982	1.05179	1.0548	1.01988	1.0388	1.05512	1.07754	1.09711	1.12202	1.14424	1.17119	1.19606	1.22358	1.24976	1.27615	1.30263	1.33045	1.35118	1.35656	1.305	1.24583	1.168	1.12429	1.08716	1.12135	1.10058	1.14121	1.21002	1.26216	1.28171	1.27331	1.27235	1.2361	1.19886	1.16026	1.12044	1.07844	1.03344	0.975076	0.960219	0.943709	0.933207	0.925244	0.919054	0.960883	1.02972	1.05667	1.08461	1.10735	1.13418	1.15623	1.17966	1.19873	1.21624	1.22395	1.23363	1.20623	1.19128	1.16722	1.09634	1.04827	1.01835	1.05071	1.00254	0.954434	0.887835	0.819875	0.737977	0.665725	0.917	1.10938	1.11109	1.09997	1.03597	1.01946	1.0242	1.02033	0.940807	1.01206	1.17639	1.17373	1.16634	1.15883	1.15178	1.14502	1.13799	1.133	1.1306	1.12294	1.11712	1.11649	1.11455	1.09795	1.07856	1.05332	1.0308	1.00414	0.980495	0.954293	0.92875	0.902068	0.877134	0.850056	0.826423	0.799347	0.777827	0.750857	0.732451	0.711017	0.696621	0.68545	0.675269	0.674639	0.698345	0.71822	0.725596	0.73742	0.750966	0.755935	0.765652	0.770269	0.779086	0.787224	0.796517	0.801386	0.798966	0.854577	0.890279	0.936282	1.06692	1.13793	1.12543	1.05661	1.03968	1.01106	0.957246	0.896025	0.829835	0.762723	0.703252	0.657088	0.621687	0.606373	0.676157	0.749901	0.812303	0.839308	0.821684	0.783373	0.764362	0.73262	0.726835	0.684733	0.590499	0.512242	0.427527	0.373498	0.380282	0.386261	0.383483	0.399597	0.439086	0.49019	0.462287	0.435917	0.377768	0.360474	0.355533	0.352617	0.353625	0.359357	0.3711	0.384595	0.401852	0.416925	0.437527	0.456284	0.479079	0.499932	0.52096	0.545555	0.557994	0.541251	0.496614	0.419783	0.315254	0.235585	0.157819	0.153032	0.189396	0.249282	0.306005	0.349692	0.389405	0.434363	0.452679	0.527742	0.581178	0.540773	0.529446	0.52616	0.522969	0.538428	0.549741	0.586558	0.583468	0.554315	0.546649	0.569557	0.584025	0.597991	0.595303	0.549277	0.505926	0.557164	0.574902	0.606937	0.605349	0.660415	0.701713	0.689216	0.694484	0.684438	0.700818	0.79665	0.890769	0.977683	1.00632	1.02143	1.01208	0.993775	0.972371	0.952683	0.931521	0.908013	0.880326	0.856913	0.828558	0.802687	0.775548	0.654686	0.578765	0.598266	0.655054	0.663849	0.651486	0.6479	0.64975	0.704235	0.760964	0.794453	0.757012	0.74986	0.745661	0.843658	0.922857	0.989603	1.01362	1.03079	1.07418	0.978966	0.836092	0.699505	0.570684	0.473591	0.638596	0.838677	1.05889	1.08254	1.07766	1.02141	0.925955	0.862568	0.874052	0.814424	0.78504	0.785075	0.872396	0.985892	1.08764	1.09855	1.11648	1.13024	1.15148	1.17034	1.21062	1.25147	1.29217	1.33362	1.37139	1.42112	1.45625	1.48842	1.4998	1.52345	1.57368	1.57085	1.54154	1.52359	1.50049	1.48903	1.47958	1.48081	1.49177	1.51244	1.54618	1.58952	1.70102	1.79238	1.90659	2.03913	2.19068	2.35388	2.5335	2.73439	2.9481	3.07915	3.20016	3.28288	3.51166	3.72517	3.89237	4.10702	4.32111	4.63599	5.00897	5.53911	5.94792	6.35452	6.78618	7.09111	7.53272	8.04256	8.45609	9.20797	9.67953	11.1442	12.1243	13.5344	15.2067	17.1663	19.5409	22.0887	25.5315	29.5103	34.2506	39.4885	46.6236	56.8768	70.3873	80.9402	108.071	129.046	166.974	196.214	222.585	230.699	219.285	189.463	162.144	128.951	102.325	78.259	63.3542	53.1977	44.9121	38.1142	30.7108	25.6613	22.132	19.5025	17.3072	15.1868	14.2429	12.8142	11.6184	10.6227	9.75545	8.97524	8.30495	7.69754	7.15233	6.65351	6.2057	5.7992	5.46875	5.15947	4.85862	4.47925	4.13219	3.91401	3.75049	3.59976	3.45211	3.31599	3.22977	3.19376	3.16259	3.12584	3.09875	3.00238	2.90333	2.79743	2.6849	2.56941	2.45353	2.34274	2.21407	2.08587	1.98572	1.88838	1.8259	1.76763	1.68934	1.61288	1.55787	1.58292	1.56746	1.52145	1.45935	1.44865	1.4099	1.35621	1.23737	1.10944	0.98794	0.871377	0.759881	0.660142	0.583626	0.50656	0.558834	0.629214	0.710392	0.793975	0.886454	0.966347	1.06404	1.0406	1.01009	0.996966	0.95948	0.970273	1.01101	1.02282	0.994528	0.946778	0.916151	0.867705	0.847858	0.805627	0.785233	0.766602	0.732627	0.721166	0.669965	0.6473	0.661944	0.673321	0.617564	0.510338	0.42361	0.361092	0.340929	0.343663	0.284597	0.150678	0.0265395	-0.037411	-0.0509059	-0.0896123	-0.137258	-0.105487	-0.0758242	-0.0315846	0.0128971	0.0871901	0.192945	0.287029	0.373354	0.451429	0.525657	0.525384	0.536104	0.556102	0.532867	0.474352	0.397492	0.364782	0.331665	0.241859	0.195106	0.158935	0.15691	0.106665	0.0800762	0.0683617	0.0510423	0.0371909	-0.00618531	-0.0559047	-0.0818062	-0.0834982	-0.0537652	0.00742146	0.0333536	-0.0319659	-0.0456755	-0.0506707	0.0397902	0.0771149	0.131438	0.19448	0.260504	0.326048	0.429003	0.450331	0.467462	0.437136	0.382336	0.354288	0.315178	0.293292	0.270001	0.249448	0.233466	0.214441	0.201878	0.18562	0.176348	0.187352	0.196751	0.202588	0.206247	0.212991	0.214588	0.218121	0.21929	0.221906	0.226392	0.234592	0.195461	0.154814	0.12774	0.0784555	0.0410368	0.0360376	0.0310561	0.0318569	-0.00281462	-0.0043071	0.00322495	0.00806544	-0.0127475	-0.017786	-0.0038729	0.00678595	0.00670414	0.00268796	-0.0160896	-0.0239166	-0.0157857	-0.00931328	-0.00205618	0.00938301	0.0496285	0.0744127	0.109271	0.137232	0.15816	0.121245	0.0648673	0.0235794	-0.0300532	-0.0617115	-0.0604523	-0.0719596	-0.0992128	-0.106631	-0.110904	-0.112437	-0.0598602	-0.0195648	-0.0112795	-0.00370353	0.0110656	0.050652	0.0833531	0.00880602	-0.00498252	-0.01457	-0.0147354	-0.00459889	0.0282295	0.0253739	0.0596875	0.073758	0.127262	0.0644747	0.0354744	0.00659181	0.000842403	-0.0697599	-0.00893166	0.0672337	0.192667	0.24646	0.216956	0.189199	0.156933	0.12468	0.0900092	0.0634311	0.00652323	-0.0222189	-0.0207677	-0.0210908	-0.084555	-0.19483	-0.265299	-0.320686	-0.0425726	-0.0437903	-0.0330987	-0.103135	-0.0992109	-0.112113	-0.0945491	-0.0648273	-0.0102953	0.0944519	0.0940963	0.0829052	0.0876927	0.0825699	0.100872	0.104937	0.123988	0.118074	0.121283	0.127865	0.130918	0.139042	0.175634	0.151505	0.105042	0.0880288	0.0681237	0.0114377	-0.0427288	-0.0880204	-0.123338	-0.165015	-0.170482	-0.173033	-0.130393	-0.0893012	0.014832	0.0594235	0.173791	0.256303	0.310682	0.2107	0.125385	0.0512923	0.0586713	0.0726991	0.106785	0.180502	0.223549	0.282905	0.302825	0.369351	0.381179	0.321363	0.260046	0.253177	0.19925	0.23812	0.267757	0.308116	0.350376	0.411743	0.353841	0.279107	0.324882	0.374511	0.437338	0.390688	0.351483	0.365715	0.381785	0.40215	0.401472	0.413018	0.400353	0.407494	0.387009	0.474235	0.460627	0.409941	0.354318	0.281795	0.255868	0.224871	0.237278	0.240686	0.171877	0.109884	0.0600413	0.0489445	0.057993	0.0562351	0.0777652	0.116254	0.136287	0.187355	0.201546	0.213124	0.204407	0.182501	0.151468	0.127747	0.0856788	0.0723287	0.0707128	0.0626347	0.066615	0.0649493	0.0923444	0.110402	0.124019	0.141644	0.176286	0.14164	0.0510218	-0.0482242	-0.125907	-0.20979	-0.271362	-0.285537	-0.247416	-0.171512	-0.113991	-0.10926	-0.105967	-0.0914039	-0.0319342	0.0154098	0.038039	0.0654425	0.0883245	0.108497	0.129651	0.120868	0.0701791	0.0399415	-0.0137532	-0.0915597	-0.11269	-0.0717815	-0.0436074	-0.0300161	-0.030044	-0.0161613	-0.026288	-0.0464965	-0.068001	-0.0477901	-0.0226432	0.0260203	0.0793547	0.145497	0.160419	0.186384	0.0192508	0.0455634	0.0753895	0.10362	0.130907	0.167088	0.206519	0.238779	0.276696	0.327883	0.364333	0.41545	0.474339	0.470848	0.461982	0.445396	0.447468	0.444913	0.412062	0.379753	0.337869	0.295608	0.217426	0.1312	0.0492962	0.0145902	-0.0192592	-0.00508931	0.0529094	0.103471	0.11333	0.231344	0.285184	0.345653	0.397012	0.453223	0.463477	0.477266	0.456529	0.395356	0.363129	0.288283	0.246048	0.16926	0.0799362	0.011219	-0.0821395	-0.106561	-0.129078	-0.148469	-0.132809	-0.0893564	-0.038391	-0.00287382	0.0177651	0.051693	0.0957121	0.133912	0.172859	0.19959	0.253387	0.29402	0.3393	0.344071	0.338245	0.376647	0.392495	0.445464	0.456984	0.481355	0.466639	0.413133	0.346179	0.300681	0.274101	0.271933	0.274331	0.234337	0.243184	0.279892	0.317562	0.337	0.383619	0.375741	0.365055	0.371613	0.360318	0.34372	0.300364	0.254404	0.227716	0.170602	0.105586	0.0708794	0.0232952	0.0113533	-0.00943483	-0.0187136	-0.0741844	-0.39034	-0.424469
